/work/LAS/jernigan-lab/Ben/ProjectHIV/ProtGOs001/envelopeB62BlastOutUNI.tsv	GO:0019013	179	2783	855	3099283	233.14974458544253	0.0	0.0
/work/LAS/jernigan-lab/Ben/ProjectHIV/ProtGOs001/envelopeB62BlastOutUNI.tsv	GO:0072494	100	2783	147	3099283	757.5838240434514	1.3155454491387008e-233	1.4076336305784099e-231
/work/LAS/jernigan-lab/Ben/ProjectHIV/ProtGOs001/envelopeB62BlastOutUNI.tsv	GO:0005198	158	2783	3406	3099283	51.66072195312155	3.0530231441592034e-202	3.2667347642503475e-200
/work/LAS/jernigan-lab/Ben/ProjectHIV/ProtGOs001/envelopeB62BlastOutUNI.tsv	GO:0044826	84	2783	192	3099283	487.2210968379447	7.761716245303768e-184	8.305036382475032e-182
/work/LAS/jernigan-lab/Ben/ProjectHIV/ProtGOs001/envelopeB62BlastOutUNI.tsv	GO:0039702	87	2783	256	3099283	378.466387722332	2.756860115860984e-182	2.949840323971253e-180
/work/LAS/jernigan-lab/Ben/ProjectHIV/ProtGOs001/envelopeB62BlastOutUNI.tsv	GO:0075713	84	2783	203	3099283	460.8199536595339	3.7611752977603654e-182	4.024457568603591e-180
/work/LAS/jernigan-lab/Ben/ProjectHIV/ProtGOs001/envelopeB62BlastOutUNI.tsv	GO:0020002	124	2783	2048	3099283	67.42791965167984	3.6025532124132025e-173	3.8547319372821264e-171
/work/LAS/jernigan-lab/Ben/ProjectHIV/ProtGOs001/envelopeB62BlastOutUNI.tsv	GO:0003964	85	2783	326	3099283	290.36840127064187	1.240030726437374e-169	1.3268328772879903e-167
/work/LAS/jernigan-lab/Ben/ProjectHIV/ProtGOs001/envelopeB62BlastOutUNI.tsv	GO:0004190	106	2783	1096	3099283	107.70685352413375	5.962662192048705e-169	6.380048545492114e-167
/work/LAS/jernigan-lab/Ben/ProjectHIV/ProtGOs001/envelopeB62BlastOutUNI.tsv	GO:0004533	67	2783	75	3099283	994.8590777338603	4.3515482683198266e-163	4.656156647102215e-161
/work/LAS/jernigan-lab/Ben/ProjectHIV/ProtGOs001/envelopeB62BlastOutUNI.tsv	GO:0039657	75	2783	218	3099283	383.13585596692894	8.415228235249756e-158	9.004294211717239e-156
/work/LAS/jernigan-lab/Ben/ProjectHIV/ProtGOs001/envelopeB62BlastOutUNI.tsv	GO:0015074	83	2783	474	3099283	195.0059121762479	8.964975954300708e-153	9.592524271101757e-151
/work/LAS/jernigan-lab/Ben/ProjectHIV/ProtGOs001/envelopeB62BlastOutUNI.tsv	GO:0042025	127	2783	3656	3099283	38.685263706420116	5.770179977170517e-148	6.174092575572453e-146
/work/LAS/jernigan-lab/Ben/ProjectHIV/ProtGOs001/envelopeB62BlastOutUNI.tsv	GO:0008270	220	2783	23236	3099283	10.544095743486494	1.904273824852624e-137	2.0375729925923077e-135
/work/LAS/jernigan-lab/Ben/ProjectHIV/ProtGOs001/envelopeB62BlastOutUNI.tsv	GO:0055036	100	2783	2272	3099283	49.016206925346545	6.001159082452548e-127	6.421240218224225e-125
/work/LAS/jernigan-lab/Ben/ProjectHIV/ProtGOs001/envelopeB62BlastOutUNI.tsv	GO:0003887	85	2783	1225	3099283	77.27355005243204	2.3956202016237443e-124	2.5633136157374064e-122
/work/LAS/jernigan-lab/Ben/ProjectHIV/ProtGOs001/envelopeB62BlastOutUNI.tsv	GO:0046718	84	2783	1280	3099283	73.0831645256917	5.678291194161562e-121	6.075771577752872e-119
/work/LAS/jernigan-lab/Ben/ProjectHIV/ProtGOs001/envelopeB62BlastOutUNI.tsv	GO:0004523	85	2783	1443	3099283	65.59951407777494	1.4165423831800167e-118	1.5157003500026178e-116
/work/LAS/jernigan-lab/Ben/ProjectHIV/ProtGOs001/envelopeB62BlastOutUNI.tsv	GO:0075732	61	2783	636	3099283	106.8121721729187	5.3077339773401135e-98	5.679275355753922e-96
/work/LAS/jernigan-lab/Ben/ProjectHIV/ProtGOs001/envelopeB62BlastOutUNI.tsv	GO:0039651	36	2783	43	3099283	932.356650427429	9.76913211335332e-88	1.0452971361288052e-85
/work/LAS/jernigan-lab/Ben/ProjectHIV/ProtGOs001/envelopeB62BlastOutUNI.tsv	GO:0003723	145	2783	18668	3099283	8.650042430622545	7.186805305934128e-81	7.689881677349518e-79
/work/LAS/jernigan-lab/Ben/ProjectHIV/ProtGOs001/envelopeB62BlastOutUNI.tsv	GO:0006310	84	2783	6164	3099283	15.176257396639418	1.684237085550716e-66	1.8021336815392663e-64
/work/LAS/jernigan-lab/Ben/ProjectHIV/ProtGOs001/envelopeB62BlastOutUNI.tsv	GO:0039660	35	2783	391	3099283	99.6871809387099	4.890680512870088e-56	5.233028148770995e-54
/work/LAS/jernigan-lab/Ben/ProjectHIV/ProtGOs001/envelopeB62BlastOutUNI.tsv	GO:0008289	50	2783	2159	3099283	25.790834213614485	3.0562124968087775e-51	3.2701473715853918e-49
/work/LAS/jernigan-lab/Ben/ProjectHIV/ProtGOs001/envelopeB62BlastOutUNI.tsv	GO:0003676	48	2783	5465	3099283	9.781356747393582	1.5992905932807082e-30	1.7112409348103577e-28
/work/LAS/jernigan-lab/Ben/ProjectHIV/ProtGOs001/envelopeB62BlastOutUNI.tsv	GO:0016032	27	2783	1152	3099283	26.101130187747035	1.2961139305263608e-28	1.386841905663206e-26
/work/LAS/jernigan-lab/Ben/ProjectHIV/ProtGOs001/envelopeB62BlastOutUNI.tsv	GO:0003677	94	2783	31911	3099283	3.280465444715744	1.0330054945189253e-21	1.10531587913525e-19
/work/LAS/jernigan-lab/Ben/ProjectHIV/ProtGOs001/envelopeB62BlastOutUNI.tsv	GO:0030430	28	2783	2716	3099283	11.48090949839045	2.7731075655711274e-20	2.9672250951611065e-18
/work/LAS/jernigan-lab/Ben/ProjectHIV/ProtGOs001/envelopeB62BlastOutUNI.tsv	GO:0004170	16	2783	564	3099283	31.59285734308861	7.286870483193421e-19	7.79695141701696e-17
/work/LAS/jernigan-lab/Ben/ProjectHIV/ProtGOs001/envelopeB62BlastOutUNI.tsv	GO:2000767	7	2783	39	3099283	199.885578189926	2.452532627482616e-14	2.624209911406399e-12
/work/LAS/jernigan-lab/Ben/ProjectHIV/ProtGOs001/envelopeB62BlastOutUNI.tsv	GO:0019028	13	2783	732	3099283	19.777905570314694	4.3011041256358967e-13	4.6021814144304094e-11
/work/LAS/jernigan-lab/Ben/ProjectHIV/ProtGOs001/envelopeB62BlastOutUNI.tsv	GO:0045182	7	2783	139	3099283	56.08300395256917	1.0268819012154726e-10	1.0987636343005557e-08
/work/LAS/jernigan-lab/Ben/ProjectHIV/ProtGOs001/envelopeB62BlastOutUNI.tsv	GO:0003727	7	2783	285	3099283	27.352763331253033	1.2614721489130119e-08	1.3497751993369227e-06
/work/LAS/jernigan-lab/Ben/ProjectHIV/ProtGOs001/envelopeB62BlastOutUNI.tsv	GO:0071919	3	2783	7	3099283	477.27780914737434	8.642790265470713e-08	9.247785584053663e-06
/work/LAS/jernigan-lab/Ben/ProjectHIV/ProtGOs001/envelopeB62BlastOutUNI.tsv	GO:0046797	3	2783	21	3099283	159.0926030491248	1.444067269102918e-06	0.00015451519779401221
/work/LAS/jernigan-lab/Ben/ProjectHIV/ProtGOs001/envelopeB62BlastOutUNI.tsv	GO:0044095	3	2783	22	3099283	151.8611210923464	1.6398808472463649e-06	0.00017546725065536103
/work/LAS/jernigan-lab/Ben/ProjectHIV/ProtGOs001/envelopeB62BlastOutUNI.tsv	GO:0016020	24	2783	8665	3099283	3.0845421018179993	2.5168124484096065e-06	0.0002692989319798279
/work/LAS/jernigan-lab/Ben/ProjectHIV/ProtGOs001/envelopeB62BlastOutUNI.tsv	GO:0009117	8	2783	1217	3099283	7.3206127943722175	1.985610366019525e-05	0.0021246030916408916
/work/LAS/jernigan-lab/Ben/ProjectHIV/ProtGOs001/envelopeB62BlastOutUNI.tsv	GO:0051880	3	2783	56	3099283	59.65972614342179	2.265439119362209e-05	0.0024240198577175636