/work/LAS/jernigan-lab/Ben/ProjectHIV/ProtGOs001/envelopeB62BlastOutUNI.tsv	GO:0044175	74	1193	224	3099283	858.2315815471201	3.321546714537201e-181	9.300330800704162e-180
/work/LAS/jernigan-lab/Ben/ProjectHIV/ProtGOs001/envelopeB62BlastOutUNI.tsv	GO:0019062	88	1193	1284	3099283	178.04854903865487	1.746768272453593e-159	4.89095116287006e-158
/work/LAS/jernigan-lab/Ben/ProjectHIV/ProtGOs001/envelopeB62BlastOutUNI.tsv	GO:0019031	88	1193	1535	3099283	148.9344214759823	6.510876412839831e-153	1.8230453955951526e-151
/work/LAS/jernigan-lab/Ben/ProjectHIV/ProtGOs001/envelopeB62BlastOutUNI.tsv	GO:1903908	49	1193	50	3099283	2545.932388935457	6.447800707671184e-139	1.8053841981479315e-137
/work/LAS/jernigan-lab/Ben/ProjectHIV/ProtGOs001/envelopeB62BlastOutUNI.tsv	GO:0055036	88	1193	2272	3099283	100.62250746726798	2.0941626953107577e-138	5.863655546870122e-137
/work/LAS/jernigan-lab/Ben/ProjectHIV/ProtGOs001/envelopeB62BlastOutUNI.tsv	GO:0020002	86	1193	2048	3099283	109.09109208010268	2.933227698065792e-138	8.213037554584217e-137
/work/LAS/jernigan-lab/Ben/ProjectHIV/ProtGOs001/envelopeB62BlastOutUNI.tsv	GO:1903905	49	1193	55	3099283	2314.4839899413246	1.7011577840065628e-137	4.763241795218376e-136
/work/LAS/jernigan-lab/Ben/ProjectHIV/ProtGOs001/envelopeB62BlastOutUNI.tsv	GO:1903911	49	1193	63	3099283	2020.5812610598864	2.082025421587805e-135	5.829671180445854e-134
/work/LAS/jernigan-lab/Ben/ProjectHIV/ProtGOs001/envelopeB62BlastOutUNI.tsv	GO:0075512	64	1193	463	3099283	359.1036119625099	2.9983722868701844e-135	8.395442403236517e-134
/work/LAS/jernigan-lab/Ben/ProjectHIV/ProtGOs001/envelopeB62BlastOutUNI.tsv	GO:0090527	49	1193	77	3099283	1653.2028499580888	3.397077899250473e-132	9.511818117901325e-131
/work/LAS/jernigan-lab/Ben/ProjectHIV/ProtGOs001/envelopeB62BlastOutUNI.tsv	GO:0039654	64	1193	668	3099283	248.89965918958396	1.1866317466784337e-125	3.3225688906996145e-124
/work/LAS/jernigan-lab/Ben/ProjectHIV/ProtGOs001/envelopeB62BlastOutUNI.tsv	GO:0019082	49	1193	170	3099283	748.8036438045461	2.8672764401263453e-118	8.028374032353767e-117
/work/LAS/jernigan-lab/Ben/ProjectHIV/ProtGOs001/envelopeB62BlastOutUNI.tsv	GO:0005198	80	1193	3406	3099283	61.01914721764609	3.1992438150382963e-109	8.95788268210723e-108
/work/LAS/jernigan-lab/Ben/ProjectHIV/ProtGOs001/envelopeB62BlastOutUNI.tsv	GO:0030683	49	1193	275	3099283	462.8967979882649	4.358493904070033e-109	1.2203782931396093e-107
/work/LAS/jernigan-lab/Ben/ProjectHIV/ProtGOs001/envelopeB62BlastOutUNI.tsv	GO:0019064	49	1193	686	3099283	185.56358519937731	8.940491007156495e-91	2.5033374820038187e-89
/work/LAS/jernigan-lab/Ben/ProjectHIV/ProtGOs001/envelopeB62BlastOutUNI.tsv	GO:0002223	30	1193	151	3099283	516.137124395619	7.947154568742671e-69	2.2252032792479478e-67
/work/LAS/jernigan-lab/Ben/ProjectHIV/ProtGOs001/envelopeB62BlastOutUNI.tsv	GO:0019012	46	1193	1825	3099283	65.48106787309534	3.3928357443585584e-65	9.499940084203964e-64
/work/LAS/jernigan-lab/Ben/ProjectHIV/ProtGOs001/envelopeB62BlastOutUNI.tsv	GO:0039587	13	1193	61	3099283	553.648729611257	4.476463077332573e-31	1.2534096616531206e-29
/work/LAS/jernigan-lab/Ben/ProjectHIV/ProtGOs001/envelopeB62BlastOutUNI.tsv	GO:0039663	12	1193	61	3099283	511.06036579500636	2.022060635151016e-28	5.6617697784228445e-27
/work/LAS/jernigan-lab/Ben/ProjectHIV/ProtGOs001/envelopeB62BlastOutUNI.tsv	GO:0016021	86	1193	66739	3099283	3.347646152625156	3.2642603093400246e-20	9.13992886615207e-19
/work/LAS/jernigan-lab/Ben/ProjectHIV/ProtGOs001/envelopeB62BlastOutUNI.tsv	GO:0039502	13	1193	731	3099283	46.200509584523495	1.0385715102758627e-17	2.908000228772416e-16
/work/LAS/jernigan-lab/Ben/ProjectHIV/ProtGOs001/envelopeB62BlastOutUNI.tsv	GO:0046718	12	1193	1280	3099283	24.355220557418274	3.048437792739879e-13	8.535625819671661e-12
/work/LAS/jernigan-lab/Ben/ProjectHIV/ProtGOs001/envelopeB62BlastOutUNI.tsv	GO:0044538	1	1193	1	3099283	2597.8901927912825	0.0007700556379980673	0.021561557863945886