/work/LAS/jernigan-lab/Ben/ProjectHIV/ProtGOs001/envelopeB62BlastOutUNI.tsv	GO:0019013	196	3652	855	3099283	194.5451560628479	0.0	0.0
/work/LAS/jernigan-lab/Ben/ProjectHIV/ProtGOs001/envelopeB62BlastOutUNI.tsv	GO:0003964	155	3652	326	3099283	403.5009516593983	1.5e-323	1.91e-321
/work/LAS/jernigan-lab/Ben/ProjectHIV/ProtGOs001/envelopeB62BlastOutUNI.tsv	GO:0015074	143	3652	474	3099283	256.02841111280566	5.365530964026733e-275	6.921534943594485e-273
/work/LAS/jernigan-lab/Ben/ProjectHIV/ProtGOs001/envelopeB62BlastOutUNI.tsv	GO:0004190	162	3652	1096	3099283	125.43967658956996	5.980640293608119e-266	7.7150259787544735e-264
/work/LAS/jernigan-lab/Ben/ProjectHIV/ProtGOs001/envelopeB62BlastOutUNI.tsv	GO:0075713	121	3652	203	3099283	505.84772093299307	9.141033485457082e-263	1.1791933196239635e-260
/work/LAS/jernigan-lab/Ben/ProjectHIV/ProtGOs001/envelopeB62BlastOutUNI.tsv	GO:0044826	120	3652	192	3099283	530.4085090361446	1.5501836887167286e-262	1.99973695844458e-260
/work/LAS/jernigan-lab/Ben/ProjectHIV/ProtGOs001/envelopeB62BlastOutUNI.tsv	GO:0072494	113	3652	147	3099283	652.3663839029588	4.7140574562725385e-255	6.081134118591574e-253
/work/LAS/jernigan-lab/Ben/ProjectHIV/ProtGOs001/envelopeB62BlastOutUNI.tsv	GO:0004523	145	3652	1443	3099283	85.27704372583891	1.0243845810302534e-215	1.3214561095290269e-213
/work/LAS/jernigan-lab/Ben/ProjectHIV/ProtGOs001/envelopeB62BlastOutUNI.tsv	GO:0020002	141	3652	2048	3099283	58.4278123235128	5.830343279324191e-188	7.521142830328208e-186
/work/LAS/jernigan-lab/Ben/ProjectHIV/ProtGOs001/envelopeB62BlastOutUNI.tsv	GO:0005198	159	3652	3406	3099283	39.6171241041677	4.884803175561583e-186	6.301396096474442e-184
/work/LAS/jernigan-lab/Ben/ProjectHIV/ProtGOs001/envelopeB62BlastOutUNI.tsv	GO:0003887	122	3652	1225	3099283	84.51897221539218	1.6043047359276063e-181	2.069553109346612e-179
/work/LAS/jernigan-lab/Ben/ProjectHIV/ProtGOs001/envelopeB62BlastOutUNI.tsv	GO:0046718	122	3652	1280	3099283	80.88729762801205	2.489581069713119e-179	3.2115595799299235e-177
/work/LAS/jernigan-lab/Ben/ProjectHIV/ProtGOs001/envelopeB62BlastOutUNI.tsv	GO:0004533	74	3652	75	3099283	837.3382329317269	1.5542050236488022e-173	2.0049244805069548e-171
/work/LAS/jernigan-lab/Ben/ProjectHIV/ProtGOs001/envelopeB62BlastOutUNI.tsv	GO:0039657	85	3652	218	3099283	330.89705150878746	1.3572282281194338e-172	1.7508244142740697e-170
/work/LAS/jernigan-lab/Ben/ProjectHIV/ProtGOs001/envelopeB62BlastOutUNI.tsv	GO:0039702	86	3652	256	3099283	285.0945736069277	7.084511197318141e-170	9.139019444540402e-168
/work/LAS/jernigan-lab/Ben/ProjectHIV/ProtGOs001/envelopeB62BlastOutUNI.tsv	GO:0008270	263	3652	23236	3099283	9.60560770366714	1.2636903728559955e-154	1.6301605809842343e-152
/work/LAS/jernigan-lab/Ben/ProjectHIV/ProtGOs001/envelopeB62BlastOutUNI.tsv	GO:0042025	133	3652	3656	3099283	30.8727928673117	1.9379278002452712e-142	2.4999268623164e-140
/work/LAS/jernigan-lab/Ben/ProjectHIV/ProtGOs001/envelopeB62BlastOutUNI.tsv	GO:0006310	137	3652	6164	3099283	18.862028744439144	5.383201202204777e-119	6.944329550844162e-117
/work/LAS/jernigan-lab/Ben/ProjectHIV/ProtGOs001/envelopeB62BlastOutUNI.tsv	GO:0055036	100	3652	2272	3099283	37.352711903953846	1.2904080164257241e-115	1.6646263411891841e-113
/work/LAS/jernigan-lab/Ben/ProjectHIV/ProtGOs001/envelopeB62BlastOutUNI.tsv	GO:0075732	66	3652	636	3099283	88.06782791543533	2.2745260989466263e-100	2.934138667641148e-98
/work/LAS/jernigan-lab/Ben/ProjectHIV/ProtGOs001/envelopeB62BlastOutUNI.tsv	GO:0003723	177	3652	18668	3099283	8.046480059944082	1.7702929933976202e-93	2.2836779614829301e-91
/work/LAS/jernigan-lab/Ben/ProjectHIV/ProtGOs001/envelopeB62BlastOutUNI.tsv	GO:0039660	52	3652	391	3099283	112.86441931408498	9.912491377564769e-85	1.2787113877058553e-82
/work/LAS/jernigan-lab/Ben/ProjectHIV/ProtGOs001/envelopeB62BlastOutUNI.tsv	GO:0039651	35	3652	43	3099283	690.7645699075372	6.139926446593299e-81	7.920505116105355e-79
/work/LAS/jernigan-lab/Ben/ProjectHIV/ProtGOs001/envelopeB62BlastOutUNI.tsv	GO:0008289	50	3652	2159	3099283	19.65385860254357	1.1911886340760044e-45	1.5366333379580456e-43
/work/LAS/jernigan-lab/Ben/ProjectHIV/ProtGOs001/envelopeB62BlastOutUNI.tsv	GO:0003676	66	3652	5465	3099283	10.24906469427573	1.7862413089701923e-42	2.304251288571548e-40
/work/LAS/jernigan-lab/Ben/ProjectHIV/ProtGOs001/envelopeB62BlastOutUNI.tsv	GO:0003677	145	3652	31911	3099283	3.856186709798676	1.142111611071843e-39	1.4733239782826775e-37
/work/LAS/jernigan-lab/Ben/ProjectHIV/ProtGOs001/envelopeB62BlastOutUNI.tsv	GO:0016032	29	3652	1152	3099283	21.36367605840027	3.3731490994274343e-28	4.35136233826139e-26
/work/LAS/jernigan-lab/Ben/ProjectHIV/ProtGOs001/envelopeB62BlastOutUNI.tsv	GO:0019068	17	3652	151	3099283	95.54378440915981	1.1568197091520574e-27	1.492297424806154e-25
/work/LAS/jernigan-lab/Ben/ProjectHIV/ProtGOs001/envelopeB62BlastOutUNI.tsv	GO:0044185	13	3652	35	3099283	315.2141996557659	1.5825717911689424e-27	2.0415176106079356e-25
/work/LAS/jernigan-lab/Ben/ProjectHIV/ProtGOs001/envelopeB62BlastOutUNI.tsv	GO:0004170	23	3652	564	3099283	34.60821477398957	2.8750587671544135e-27	3.7088258096291933e-25
/work/LAS/jernigan-lab/Ben/ProjectHIV/ProtGOs001/envelopeB62BlastOutUNI.tsv	GO:0030430	33	3652	2716	3099283	10.31132889436982	3.2626448133552158e-22	4.2088118092282286e-20
/work/LAS/jernigan-lab/Ben/ProjectHIV/ProtGOs001/envelopeB62BlastOutUNI.tsv	GO:2000767	8	3652	39	3099283	174.08279270929873	1.122358006164067e-15	1.4478418279516463e-13
/work/LAS/jernigan-lab/Ben/ProjectHIV/ProtGOs001/envelopeB62BlastOutUNI.tsv	GO:0004519	20	3652	1538	3099283	11.03580773027089	1.2601082963536218e-14	1.625539702296172e-12
/work/LAS/jernigan-lab/Ben/ProjectHIV/ProtGOs001/envelopeB62BlastOutUNI.tsv	GO:0035613	8	3652	60	3099283	113.15381526104417	2.580883886264399e-14	3.3293402132810747e-12
/work/LAS/jernigan-lab/Ben/ProjectHIV/ProtGOs001/envelopeB62BlastOutUNI.tsv	GO:0016020	41	3652	8665	3099283	4.015556629286911	4.120367678399692e-13	5.3152743051356024e-11
/work/LAS/jernigan-lab/Ben/ProjectHIV/ProtGOs001/envelopeB62BlastOutUNI.tsv	GO:0019028	14	3652	732	3099283	16.231080057936666	7.543197047725183e-13	9.730724191565486e-11
/work/LAS/jernigan-lab/Ben/ProjectHIV/ProtGOs001/envelopeB62BlastOutUNI.tsv	GO:0045182	8	3652	139	3099283	48.8433734939759	1.4318747388430056e-11	1.8471184131074773e-09
/work/LAS/jernigan-lab/Ben/ProjectHIV/ProtGOs001/envelopeB62BlastOutUNI.tsv	GO:0003727	8	3652	285	3099283	23.821855844430353	3.3749830384986454e-09	4.3537281196632525e-07
/work/LAS/jernigan-lab/Ben/ProjectHIV/ProtGOs001/envelopeB62BlastOutUNI.tsv	GO:0071919	3	3652	7	3099283	363.7086919104991	1.9475150636304658e-07	2.512294432083301e-05
/work/LAS/jernigan-lab/Ben/ProjectHIV/ProtGOs001/envelopeB62BlastOutUNI.tsv	GO:0009117	11	3652	1217	3099283	7.67065715615131	3.7773261880959155e-07	4.872750782643731e-05
/work/LAS/jernigan-lab/Ben/ProjectHIV/ProtGOs001/envelopeB62BlastOutUNI.tsv	GO:0046797	3	3652	21	3099283	121.23623063683304	3.2444354640820315e-06	0.00041853217486658204
/work/LAS/jernigan-lab/Ben/ProjectHIV/ProtGOs001/envelopeB62BlastOutUNI.tsv	GO:0044095	3	3652	22	3099283	115.72549288061336	3.6836045587112942e-06	0.00047518498807375695
/work/LAS/jernigan-lab/Ben/ProjectHIV/ProtGOs001/envelopeB62BlastOutUNI.tsv	GO:0051880	3	3652	56	3099283	45.46358648881239	5.0527113904490236e-05	0.00651799769367924
/work/LAS/jernigan-lab/Ben/ProjectHIV/ProtGOs001/envelopeB62BlastOutUNI.tsv	GO:0006401	9	3652	1465	3099283	5.213571692915004	8.279461604915913e-05	0.010680505470341528