/work/LAS/jernigan-lab/Ben/ProjectHIV/ProtGOs001/envelopeB62BlastOutUNI.tsv	GO:0003964	258	194899	326	3099283	12.585014758469992	1.7881167711862934e-153	2.443819191180307e-149
/work/LAS/jernigan-lab/Ben/ProjectHIV/ProtGOs001/envelopeB62BlastOutUNI.tsv	GO:0051082	1010	194899	5885	3099283	2.7291444938674925	1.569827125986701e-150	2.145482733086024e-146
/work/LAS/jernigan-lab/Ben/ProjectHIV/ProtGOs001/envelopeB62BlastOutUNI.tsv	GO:0004523	453	194899	1443	3099283	4.992102503670034	6.897206822660028e-144	9.42641256452946e-140
/work/LAS/jernigan-lab/Ben/ProjectHIV/ProtGOs001/envelopeB62BlastOutUNI.tsv	GO:0008270	2584	194899	23236	3099283	1.768409196685407	3.838225438025102e-142	5.245702706148907e-138
/work/LAS/jernigan-lab/Ben/ProjectHIV/ProtGOs001/envelopeB62BlastOutUNI.tsv	GO:0003968	312	194899	1027	3099283	4.830985942020862	9.077808381314242e-97	1.2406640714742175e-92
/work/LAS/jernigan-lab/Ben/ProjectHIV/ProtGOs001/envelopeB62BlastOutUNI.tsv	GO:0003724	427	194899	1900	3099283	3.5737642276796	4.247382455475308e-95	5.804897601898103e-91
/work/LAS/jernigan-lab/Ben/ProjectHIV/ProtGOs001/envelopeB62BlastOutUNI.tsv	GO:0003887	331	194899	1225	3099283	4.296784061153181	2.6249507081121503e-91	3.587520132776876e-87
/work/LAS/jernigan-lab/Ben/ProjectHIV/ProtGOs001/envelopeB62BlastOutUNI.tsv	GO:0019013	266	194899	855	3099283	4.947287455439883	1.1834311832032183e-84	1.6173953980838384e-80
/work/LAS/jernigan-lab/Ben/ProjectHIV/ProtGOs001/envelopeB62BlastOutUNI.tsv	GO:0015074	203	194899	474	3099283	6.810348237709966	2.3252928364859373e-84	3.1779777196253303e-80
/work/LAS/jernigan-lab/Ben/ProjectHIV/ProtGOs001/envelopeB62BlastOutUNI.tsv	GO:0044220	150	194899	241	3099283	9.897507505696268	1.4795911654675543e-79	2.0221572458445064e-75
/work/LAS/jernigan-lab/Ben/ProjectHIV/ProtGOs001/envelopeB62BlastOutUNI.tsv	GO:0031177	205	194899	546	3099283	5.97052940560347	4.206289841065193e-77	5.748736325783799e-73
/work/LAS/jernigan-lab/Ben/ProjectHIV/ProtGOs001/envelopeB62BlastOutUNI.tsv	GO:0072494	122	194899	147	3099283	13.197574407368784	3.2045608512674427e-75	4.379673315427214e-71
/work/LAS/jernigan-lab/Ben/ProjectHIV/ProtGOs001/envelopeB62BlastOutUNI.tsv	GO:0039520	147	194899	272	3099283	8.59409309814465	7.585642297778248e-72	1.0367297328373532e-67
/work/LAS/jernigan-lab/Ben/ProjectHIV/ProtGOs001/envelopeB62BlastOutUNI.tsv	GO:0044826	122	194899	192	3099283	10.104392905641726	8.592721064410518e-66	1.1743671878729856e-61
/work/LAS/jernigan-lab/Ben/ProjectHIV/ProtGOs001/envelopeB62BlastOutUNI.tsv	GO:0005524	6939	194899	88281	3099283	1.2499172645128143	2.111805192035904e-65	2.8862041559554702e-61
/work/LAS/jernigan-lab/Ben/ProjectHIV/ProtGOs001/envelopeB62BlastOutUNI.tsv	GO:0075713	124	194899	203	3099283	9.713534131370354	2.1245469192059937e-65	2.9036182744788314e-61
/work/LAS/jernigan-lab/Ben/ProjectHIV/ProtGOs001/envelopeB62BlastOutUNI.tsv	GO:0031072	253	194899	1036	3099283	3.8834023497092574	5.223763233901848e-63	7.139317211773656e-59
/work/LAS/jernigan-lab/Ben/ProjectHIV/ProtGOs001/envelopeB62BlastOutUNI.tsv	GO:0004190	259	194899	1096	3099283	3.757862049866517	4.44174332989444e-62	6.0705306089667315e-58
/work/LAS/jernigan-lab/Ben/ProjectHIV/ProtGOs001/envelopeB62BlastOutUNI.tsv	GO:0039694	224	194899	935	3099283	3.809675901515204	8.275073162362249e-55	1.1309542491000486e-50
/work/LAS/jernigan-lab/Ben/ProjectHIV/ProtGOs001/envelopeB62BlastOutUNI.tsv	GO:0042026	288	194899	1469	3099283	3.117613800568943	2.927906900379879e-54	4.0015703607491805e-50
/work/LAS/jernigan-lab/Ben/ProjectHIV/ProtGOs001/envelopeB62BlastOutUNI.tsv	GO:0006351	714	194899	5833	3099283	1.9465154654953767	1.4033810056700177e-53	1.918000820449213e-49
/work/LAS/jernigan-lab/Ben/ProjectHIV/ProtGOs001/envelopeB62BlastOutUNI.tsv	GO:0004197	214	194899	885	3099283	3.845228264397585	5.282165107462092e-53	7.21913505236844e-49
/work/LAS/jernigan-lab/Ben/ProjectHIV/ProtGOs001/envelopeB62BlastOutUNI.tsv	GO:0019264	206	194899	836	3099283	3.9184342713540428	3.488991627040102e-52	4.768404856675707e-48
/work/LAS/jernigan-lab/Ben/ProjectHIV/ProtGOs001/envelopeB62BlastOutUNI.tsv	GO:0004372	206	194899	836	3099283	3.9184342713540428	3.488991627040102e-52	4.768404856675707e-48
/work/LAS/jernigan-lab/Ben/ProjectHIV/ProtGOs001/envelopeB62BlastOutUNI.tsv	GO:0004533	74	194899	75	3099283	15.689968787252202	7.014838995627767e-50	9.58718045532447e-46
/work/LAS/jernigan-lab/Ben/ProjectHIV/ProtGOs001/envelopeB62BlastOutUNI.tsv	GO:0002161	375	194899	2398	3099283	2.4867590793085914	7.20084090836561e-49	9.84138926946328e-45
/work/LAS/jernigan-lab/Ben/ProjectHIV/ProtGOs001/envelopeB62BlastOutUNI.tsv	GO:0039657	105	194899	218	3099283	7.659217964270462	3.1670745313287075e-48	4.328440761966945e-44
/work/LAS/jernigan-lab/Ben/ProjectHIV/ProtGOs001/envelopeB62BlastOutUNI.tsv	GO:0020002	337	194899	2048	3099283	2.6166857652673627	3.814444468251143e-48	5.213201254758837e-44
/work/LAS/jernigan-lab/Ben/ProjectHIV/ProtGOs001/envelopeB62BlastOutUNI.tsv	GO:0004482	109	194899	244	3099283	7.103760236806975	1.5501364125836052e-47	2.1185714350780132e-43
/work/LAS/jernigan-lab/Ben/ProjectHIV/ProtGOs001/envelopeB62BlastOutUNI.tsv	GO:0016830	142	194899	460	3099283	4.908876838549822	9.267986839454289e-46	1.2666557613482175e-41
/work/LAS/jernigan-lab/Ben/ProjectHIV/ProtGOs001/envelopeB62BlastOutUNI.tsv	GO:0075512	142	194899	463	3099283	4.877069861194207	1.727358653838068e-45	2.3607810722004875e-41
/work/LAS/jernigan-lab/Ben/ProjectHIV/ProtGOs001/envelopeB62BlastOutUNI.tsv	GO:0039702	107	194899	256	3099283	6.6465371367028565	1.4558353254039858e-44	1.9896901392296275e-40
/work/LAS/jernigan-lab/Ben/ProjectHIV/ProtGOs001/envelopeB62BlastOutUNI.tsv	GO:0039654	169	194899	668	3099283	4.0231096127694945	2.0844503499313155e-44	2.8488182932511287e-40
/work/LAS/jernigan-lab/Ben/ProjectHIV/ProtGOs001/envelopeB62BlastOutUNI.tsv	GO:0032549	204	194899	953	3099283	3.4039948164396736	9.02608195072606e-44	1.2335946202057307e-39
/work/LAS/jernigan-lab/Ben/ProjectHIV/ProtGOs001/envelopeB62BlastOutUNI.tsv	GO:0006457	809	194899	7447	3099283	1.727502923663306	7.799333853621832e-43	1.0659349577744958e-38
/work/LAS/jernigan-lab/Ben/ProjectHIV/ProtGOs001/envelopeB62BlastOutUNI.tsv	GO:0003899	526	194899	4213	3099283	1.9853903575711578	5.224947307687789e-42	7.140935485416901e-38
/work/LAS/jernigan-lab/Ben/ProjectHIV/ProtGOs001/envelopeB62BlastOutUNI.tsv	GO:0003678	222	194899	1157	3099283	3.051203956034352	5.073994953527296e-41	6.934628902985756e-37
/work/LAS/jernigan-lab/Ben/ProjectHIV/ProtGOs001/envelopeB62BlastOutUNI.tsv	GO:0005198	446	194899	3406	3099283	2.082292996197434	3.783765527807277e-40	5.1712723468542056e-36
/work/LAS/jernigan-lab/Ben/ProjectHIV/ProtGOs001/envelopeB62BlastOutUNI.tsv	GO:0019062	221	194899	1284	3099283	2.737025686712819	1.141387107708875e-34	1.5599337601057193e-30
/work/LAS/jernigan-lab/Ben/ProjectHIV/ProtGOs001/envelopeB62BlastOutUNI.tsv	GO:0004714	99	194899	300	3099283	5.247658479520162	2.158260511288134e-34	2.9496946407774926e-30
/work/LAS/jernigan-lab/Ben/ProjectHIV/ProtGOs001/envelopeB62BlastOutUNI.tsv	GO:0055036	320	194899	2272	3099283	2.239717660913428	2.8209371216242725e-34	3.855374764123893e-30
/work/LAS/jernigan-lab/Ben/ProjectHIV/ProtGOs001/envelopeB62BlastOutUNI.tsv	GO:0009986	435	194899	3529	3099283	1.9601496162457133	5.657928757935044e-34	7.732691233469825e-30
/work/LAS/jernigan-lab/Ben/ProjectHIV/ProtGOs001/envelopeB62BlastOutUNI.tsv	GO:0043235	156	194899	742	3099283	3.3432766593365404	3.755203940367921e-33	5.132237225300837e-29
/work/LAS/jernigan-lab/Ben/ProjectHIV/ProtGOs001/envelopeB62BlastOutUNI.tsv	GO:0009408	242	194899	1522	3099283	2.528438163588339	4.686894469189673e-33	6.405578671041526e-29
/work/LAS/jernigan-lab/Ben/ProjectHIV/ProtGOs001/envelopeB62BlastOutUNI.tsv	GO:0004483	58	194899	93	3099283	9.917373470582254	7.343819245764541e-32	1.0036797763186398e-27
/work/LAS/jernigan-lab/Ben/ProjectHIV/ProtGOs001/envelopeB62BlastOutUNI.tsv	GO:0039648	64	194899	121	3099283	8.410972769579022	7.378720911299866e-32	1.0084497869473526e-27
/work/LAS/jernigan-lab/Ben/ProjectHIV/ProtGOs001/envelopeB62BlastOutUNI.tsv	GO:0019082	73	194899	170	3099283	6.8285039038319395	1.5108747248201207e-31	2.064912486411659e-27
/work/LAS/jernigan-lab/Ben/ProjectHIV/ProtGOs001/envelopeB62BlastOutUNI.tsv	GO:0000015	172	194899	910	3099283	3.0056518763818443	1.569084989024358e-31	2.14446845449959e-27
/work/LAS/jernigan-lab/Ben/ProjectHIV/ProtGOs001/envelopeB62BlastOutUNI.tsv	GO:0004634	172	194899	915	3099283	2.989227549188501	2.7485570416863264e-31	3.7564529088727025e-27
/work/LAS/jernigan-lab/Ben/ProjectHIV/ProtGOs001/envelopeB62BlastOutUNI.tsv	GO:0006986	100	194899	345	3099283	4.609274026807345	6.4264348540070295e-31	8.783008514971407e-27
/work/LAS/jernigan-lab/Ben/ProjectHIV/ProtGOs001/envelopeB62BlastOutUNI.tsv	GO:0006401	229	194899	1465	3099283	2.4857043992349097	1.987521496913171e-30	2.716345629831231e-26
/work/LAS/jernigan-lab/Ben/ProjectHIV/ProtGOs001/envelopeB62BlastOutUNI.tsv	GO:0006428	130	194899	581	3099283	3.5581056816232257	3.962847623304834e-30	5.416023846770716e-26
/work/LAS/jernigan-lab/Ben/ProjectHIV/ProtGOs001/envelopeB62BlastOutUNI.tsv	GO:0004822	130	194899	583	3099283	3.5458994871751184	5.2548627980330415e-30	7.181820986071758e-26
/work/LAS/jernigan-lab/Ben/ProjectHIV/ProtGOs001/envelopeB62BlastOutUNI.tsv	GO:0006260	626	194899	5967	3099283	1.6682837465553582	5.8110471618502304e-30	7.94195815610071e-26
/work/LAS/jernigan-lab/Ben/ProjectHIV/ProtGOs001/envelopeB62BlastOutUNI.tsv	GO:0034620	76	194899	203	3099283	5.9534564030979595	1.1796562634618325e-29	1.6122362152732865e-25
/work/LAS/jernigan-lab/Ben/ProjectHIV/ProtGOs001/envelopeB62BlastOutUNI.tsv	GO:0003676	581	194899	5465	3099283	1.6905872503264376	3.280445639806481e-29	4.483385055923518e-25
/work/LAS/jernigan-lab/Ben/ProjectHIV/ProtGOs001/envelopeB62BlastOutUNI.tsv	GO:0007169	114	194899	474	3099283	3.8245305374331826	6.375717560937341e-29	8.713693190533064e-25
/work/LAS/jernigan-lab/Ben/ProjectHIV/ProtGOs001/envelopeB62BlastOutUNI.tsv	GO:0035999	276	194899	2019	3099283	2.1738240358226615	5.1195882797480115e-28	6.996941301931607e-24
/work/LAS/jernigan-lab/Ben/ProjectHIV/ProtGOs001/envelopeB62BlastOutUNI.tsv	GO:0016887	780	194899	8028	3099283	1.5450369215419237	8.015812644387962e-28	1.0955211141085028e-23
/work/LAS/jernigan-lab/Ben/ProjectHIV/ProtGOs001/envelopeB62BlastOutUNI.tsv	GO:0033674	86	194899	289	3099283	4.732081673888371	1.714645660310599e-27	2.3434062239464956e-23
/work/LAS/jernigan-lab/Ben/ProjectHIV/ProtGOs001/envelopeB62BlastOutUNI.tsv	GO:0006449	94	194899	349	3099283	4.283058930927283	3.561995127943371e-27	4.8681787413602054e-23
/work/LAS/jernigan-lab/Ben/ProjectHIV/ProtGOs001/envelopeB62BlastOutUNI.tsv	GO:0006357	492	194899	4531	3099283	1.7267229602963554	1.1274452178780519e-26	1.5408793792739336e-22
/work/LAS/jernigan-lab/Ben/ProjectHIV/ProtGOs001/envelopeB62BlastOutUNI.tsv	GO:0000978	398	194899	3436	3099283	1.8419657061144252	1.4666849705328562e-26	2.0045183492272547e-22
/work/LAS/jernigan-lab/Ben/ProjectHIV/ProtGOs001/envelopeB62BlastOutUNI.tsv	GO:0016874	115	194899	519	3099283	3.5235635262732448	1.502871322190393e-26	2.0539742360376101e-22
/work/LAS/jernigan-lab/Ben/ProjectHIV/ProtGOs001/envelopeB62BlastOutUNI.tsv	GO:0004879	96	194899	382	3099283	3.996312978216211	8.07307371604973e-26	1.1033469847725165e-21
/work/LAS/jernigan-lab/Ben/ProjectHIV/ProtGOs001/envelopeB62BlastOutUNI.tsv	GO:0051787	74	194899	229	3099283	5.1386360656939525	1.100021902955072e-25	1.503399934768697e-21
/work/LAS/jernigan-lab/Ben/ProjectHIV/ProtGOs001/envelopeB62BlastOutUNI.tsv	GO:0004641	109	194899	487	3099283	3.5591735067369648	1.4786146933256772e-25	2.020822701368203e-21
/work/LAS/jernigan-lab/Ben/ProjectHIV/ProtGOs001/envelopeB62BlastOutUNI.tsv	GO:0039579	45	194899	70	3099283	10.222711323740574	1.7537170995669775e-25	2.396805159978188e-21
/work/LAS/jernigan-lab/Ben/ProjectHIV/ProtGOs001/envelopeB62BlastOutUNI.tsv	GO:0051085	95	194899	383	3099283	3.9443591704598098	3.2303449689897742e-25	4.414912469118325e-21
/work/LAS/jernigan-lab/Ben/ProjectHIV/ProtGOs001/envelopeB62BlastOutUNI.tsv	GO:0004843	130	194899	672	3099283	3.0762788705700803	4.686185001494369e-25	6.404609041542354e-21
/work/LAS/jernigan-lab/Ben/ProjectHIV/ProtGOs001/envelopeB62BlastOutUNI.tsv	GO:0039564	54	194899	117	3099283	7.339382488839387	6.145538725673952e-25	8.39910777637859e-21
/work/LAS/jernigan-lab/Ben/ProjectHIV/ProtGOs001/envelopeB62BlastOutUNI.tsv	GO:0016477	156	194899	912	3099283	2.7200781592409133	9.140840451202994e-25	1.2492786644659132e-20
/work/LAS/jernigan-lab/Ben/ProjectHIV/ProtGOs001/envelopeB62BlastOutUNI.tsv	GO:0005634	2876	194899	37244	3099283	1.2279599062610846	1.2321544705700835e-24	1.6839855149281332e-20
/work/LAS/jernigan-lab/Ben/ProjectHIV/ProtGOs001/envelopeB62BlastOutUNI.tsv	GO:0030284	39	194899	51	3099283	12.160349417782905	2.9434648155242367e-24	4.0228333633769745e-20
/work/LAS/jernigan-lab/Ben/ProjectHIV/ProtGOs001/envelopeB62BlastOutUNI.tsv	GO:0016020	805	194899	8665	3099283	1.4773348287306056	1.0741474771072272e-23	1.4680373569624475e-19
/work/LAS/jernigan-lab/Ben/ProjectHIV/ProtGOs001/envelopeB62BlastOutUNI.tsv	GO:0039651	36	194899	43	3099283	13.313298468127261	1.9467211157015043e-23	2.660583748829246e-19
/work/LAS/jernigan-lab/Ben/ProjectHIV/ProtGOs001/envelopeB62BlastOutUNI.tsv	GO:0047388	55	194899	136	3099283	6.430954019019806	3.428395916577208e-23	4.68558869918607e-19
/work/LAS/jernigan-lab/Ben/ProjectHIV/ProtGOs001/envelopeB62BlastOutUNI.tsv	GO:0008882	55	194899	136	3099283	6.430954019019806	3.428395916577208e-23	4.68558869918607e-19
/work/LAS/jernigan-lab/Ben/ProjectHIV/ProtGOs001/envelopeB62BlastOutUNI.tsv	GO:0039503	61	194899	174	3099283	5.574837465181641	6.121672947141977e-23	8.366490416858939e-19
/work/LAS/jernigan-lab/Ben/ProjectHIV/ProtGOs001/envelopeB62BlastOutUNI.tsv	GO:0046429	98	194899	442	3099283	3.525781783854215	6.713388241655658e-23	9.175187709870788e-19
/work/LAS/jernigan-lab/Ben/ProjectHIV/ProtGOs001/envelopeB62BlastOutUNI.tsv	GO:0000820	55	194899	139	3099283	6.292156450263983	7.841043192492528e-23	1.071635373117954e-18
/work/LAS/jernigan-lab/Ben/ProjectHIV/ProtGOs001/envelopeB62BlastOutUNI.tsv	GO:0039502	131	194899	731	3099283	2.8497419923605736	1.3182984790917768e-22	1.801718531374731e-18
/work/LAS/jernigan-lab/Ben/ProjectHIV/ProtGOs001/envelopeB62BlastOutUNI.tsv	GO:0003866	122	194899	652	3099283	2.9755267452196494	1.4434127802125703e-22	1.97271224671652e-18
/work/LAS/jernigan-lab/Ben/ProjectHIV/ProtGOs001/envelopeB62BlastOutUNI.tsv	GO:0039595	39	194899	61	3099283	10.166849513228332	3.123137536679766e-22	4.268392071380236e-18
/work/LAS/jernigan-lab/Ben/ProjectHIV/ProtGOs001/envelopeB62BlastOutUNI.tsv	GO:0005509	488	194899	4777	3099283	1.6244868644615544	1.0468130057607259e-21	1.430679334973184e-17
/work/LAS/jernigan-lab/Ben/ProjectHIV/ProtGOs001/envelopeB62BlastOutUNI.tsv	GO:0016153	58	194899	170	3099283	5.425386663318528	2.0041980253947075e-21	2.7391374413069468e-17
/work/LAS/jernigan-lab/Ben/ProjectHIV/ProtGOs001/envelopeB62BlastOutUNI.tsv	GO:0004315	132	194899	770	3099283	2.7260563529974866	2.459365862077336e-21	3.361215323701095e-17
/work/LAS/jernigan-lab/Ben/ProjectHIV/ProtGOs001/envelopeB62BlastOutUNI.tsv	GO:0005654	829	194899	9185	3099283	1.4352481415754323	2.5999840494418155e-21	3.553398200372129e-17
/work/LAS/jernigan-lab/Ben/ProjectHIV/ProtGOs001/envelopeB62BlastOutUNI.tsv	GO:0007156	101	194899	496	3099283	3.2381079327439903	3.1895181954362942e-21	4.359114517702783e-17
/work/LAS/jernigan-lab/Ben/ProjectHIV/ProtGOs001/envelopeB62BlastOutUNI.tsv	GO:0044167	92	194899	428	3099283	3.418185925487503	7.975607995769143e-21	1.0900263447817688e-16
/work/LAS/jernigan-lab/Ben/ProjectHIV/ProtGOs001/envelopeB62BlastOutUNI.tsv	GO:0046718	179	194899	1280	3099283	2.2237946681678715	1.0134021331474237e-19	1.385016695372584e-15
/work/LAS/jernigan-lab/Ben/ProjectHIV/ProtGOs001/envelopeB62BlastOutUNI.tsv	GO:0044183	75	194899	313	3099283	3.8103822825444102	1.5427761465082476e-19	2.108512159432822e-15
/work/LAS/jernigan-lab/Ben/ProjectHIV/ProtGOs001/envelopeB62BlastOutUNI.tsv	GO:0039563	51	194899	146	3099283	5.554806609703783	2.1556063789993264e-19	2.9460672381783792e-15
/work/LAS/jernigan-lab/Ben/ProjectHIV/ProtGOs001/envelopeB62BlastOutUNI.tsv	GO:0004386	136	194899	856	3099283	2.5264852492733714	2.418901102913091e-19	3.3059121373513215e-15
/work/LAS/jernigan-lab/Ben/ProjectHIV/ProtGOs001/envelopeB62BlastOutUNI.tsv	GO:0062023	135	194899	850	3099283	2.525611032924142	3.3903782575655913e-19	4.6336299646148934e-15
/work/LAS/jernigan-lab/Ben/ProjectHIV/ProtGOs001/envelopeB62BlastOutUNI.tsv	GO:0007155	256	194899	2143	3099283	1.8996317407728636	4.755569650303438e-19	6.499437041069709e-15
/work/LAS/jernigan-lab/Ben/ProjectHIV/ProtGOs001/envelopeB62BlastOutUNI.tsv	GO:0039689	45	194899	116	3099283	6.168877522946898	1.0430907928217933e-18	1.4255921865495448e-14
/work/LAS/jernigan-lab/Ben/ProjectHIV/ProtGOs001/envelopeB62BlastOutUNI.tsv	GO:0009888	48	194899	134	3099283	5.696237155517136	1.0477782331528667e-18	1.431998511250023e-14
/work/LAS/jernigan-lab/Ben/ProjectHIV/ProtGOs001/envelopeB62BlastOutUNI.tsv	GO:0019031	198	194899	1535	3099283	2.0512020115388254	4.325681592792138e-18	5.911909032869015e-14
/work/LAS/jernigan-lab/Ben/ProjectHIV/ProtGOs001/envelopeB62BlastOutUNI.tsv	GO:0004823	123	194899	764	3099283	2.56013800166976	5.3310959110583385e-18	7.286008781643432e-14
/work/LAS/jernigan-lab/Ben/ProjectHIV/ProtGOs001/envelopeB62BlastOutUNI.tsv	GO:0006429	123	194899	764	3099283	2.56013800166976	5.3310959110583385e-18	7.286008781643432e-14
/work/LAS/jernigan-lab/Ben/ProjectHIV/ProtGOs001/envelopeB62BlastOutUNI.tsv	GO:0031012	150	194899	1036	3099283	2.302412460301931	7.617400866202464e-18	1.0410701763838907e-13
/work/LAS/jernigan-lab/Ben/ProjectHIV/ProtGOs001/envelopeB62BlastOutUNI.tsv	GO:0018144	53	194899	176	3099283	4.788669067055244	9.103464468978389e-18	1.2441704889752763e-13
/work/LAS/jernigan-lab/Ben/ProjectHIV/ProtGOs001/envelopeB62BlastOutUNI.tsv	GO:0039574	28	194899	38	3099283	11.717259762883934	1.5217024460715697e-17	2.0797107330460143e-13
/work/LAS/jernigan-lab/Ben/ProjectHIV/ProtGOs001/envelopeB62BlastOutUNI.tsv	GO:0000724	127	194899	818	3099283	2.4688917051902664	2.0589337900201236e-17	2.813944810820503e-13
/work/LAS/jernigan-lab/Ben/ProjectHIV/ProtGOs001/envelopeB62BlastOutUNI.tsv	GO:0030520	34	194899	68	3099283	7.950997696242669	4.212571803743238e-17	5.757321884175883e-13
/work/LAS/jernigan-lab/Ben/ProjectHIV/ProtGOs001/envelopeB62BlastOutUNI.tsv	GO:0000122	342	194899	3271	3099283	1.6626360208590603	5.789736890816625e-17	7.912833408679081e-13
/work/LAS/jernigan-lab/Ben/ProjectHIV/ProtGOs001/envelopeB62BlastOutUNI.tsv	GO:0005604	76	194899	368	3099283	3.284107744100233	1.126579764588031e-16	1.539696564262462e-12
/work/LAS/jernigan-lab/Ben/ProjectHIV/ProtGOs001/envelopeB62BlastOutUNI.tsv	GO:0033627	37	194899	88	3099283	6.686066244567699	1.4866496114594328e-16	2.0318040239816068e-12
/work/LAS/jernigan-lab/Ben/ProjectHIV/ProtGOs001/envelopeB62BlastOutUNI.tsv	GO:0051015	152	194899	1111	3099283	2.1756105307450686	2.855487905763668e-16	3.902595320807205e-12
/work/LAS/jernigan-lab/Ben/ProjectHIV/ProtGOs001/envelopeB62BlastOutUNI.tsv	GO:0007018	83	194899	438	3099283	3.0133918209504182	3.601749781429012e-16	4.922511426279031e-12
/work/LAS/jernigan-lab/Ben/ProjectHIV/ProtGOs001/envelopeB62BlastOutUNI.tsv	GO:0006515	72	194899	345	3099283	3.318677299301288	4.359371981483377e-16	5.9579536870933315e-12
/work/LAS/jernigan-lab/Ben/ProjectHIV/ProtGOs001/envelopeB62BlastOutUNI.tsv	GO:0005007	26	194899	37	3099283	11.174375140665372	4.85306905336697e-16	6.632689475236638e-12
/work/LAS/jernigan-lab/Ben/ProjectHIV/ProtGOs001/envelopeB62BlastOutUNI.tsv	GO:0004814	142	194899	1023	3099283	2.2073150984681504	1.0133989527987983e-15	1.3850123487901176e-11
/work/LAS/jernigan-lab/Ben/ProjectHIV/ProtGOs001/envelopeB62BlastOutUNI.tsv	GO:0006420	142	194899	1023	3099283	2.2073150984681504	1.0133989527987983e-15	1.3850123487901176e-11
/work/LAS/jernigan-lab/Ben/ProjectHIV/ProtGOs001/envelopeB62BlastOutUNI.tsv	GO:0003924	775	194899	9013	3099283	1.3673634116471916	1.3269153272553154e-15	1.8134951777598397e-11
/work/LAS/jernigan-lab/Ben/ProjectHIV/ProtGOs001/envelopeB62BlastOutUNI.tsv	GO:0004457	39	194899	108	3099283	5.74238722506415	1.370603618140579e-15	1.8732039649127295e-11
/work/LAS/jernigan-lab/Ben/ProjectHIV/ProtGOs001/envelopeB62BlastOutUNI.tsv	GO:0005201	62	194899	272	3099283	3.6247195379929815	1.4163486340876485e-15	1.9357236782075894e-11
/work/LAS/jernigan-lab/Ben/ProjectHIV/ProtGOs001/envelopeB62BlastOutUNI.tsv	GO:0008765	45	194899	147	3099283	4.867957773209797	1.5220441376640251e-15	2.080177722945423e-11
/work/LAS/jernigan-lab/Ben/ProjectHIV/ProtGOs001/envelopeB62BlastOutUNI.tsv	GO:0042025	366	194899	3656	3099283	1.5919393636897248	1.721474716643644e-15	2.3527394952368682e-11
/work/LAS/jernigan-lab/Ben/ProjectHIV/ProtGOs001/envelopeB62BlastOutUNI.tsv	GO:0018108	54	194899	218	3099283	3.939026381624809	4.949723802130947e-15	6.764787520372365e-11
/work/LAS/jernigan-lab/Ben/ProjectHIV/ProtGOs001/envelopeB62BlastOutUNI.tsv	GO:0039547	29	194899	58	3099283	7.950997696242669	8.247142966579724e-15	1.127137029242451e-10
/work/LAS/jernigan-lab/Ben/ProjectHIV/ProtGOs001/envelopeB62BlastOutUNI.tsv	GO:0005730	480	194899	5187	3099283	1.4715553862334612	1.5384397410626414e-14	2.102585594110312e-10
/work/LAS/jernigan-lab/Ben/ProjectHIV/ProtGOs001/envelopeB62BlastOutUNI.tsv	GO:0098609	88	194899	522	3099283	2.680796158120134	2.228080993524793e-14	3.0451182938503345e-10
/work/LAS/jernigan-lab/Ben/ProjectHIV/ProtGOs001/envelopeB62BlastOutUNI.tsv	GO:0005911	103	194899	669	3099283	2.4482892756741252	3.175197587516049e-14	4.3395425428581843e-10
/work/LAS/jernigan-lab/Ben/ProjectHIV/ProtGOs001/envelopeB62BlastOutUNI.tsv	GO:0046777	131	194899	958	3099283	2.174489975381607	3.530762458728585e-14	4.825493052344357e-10
/work/LAS/jernigan-lab/Ben/ProjectHIV/ProtGOs001/envelopeB62BlastOutUNI.tsv	GO:0005516	163	194899	1305	3099283	1.9862262444253718	4.022088813251102e-14	5.496988781070281e-10
/work/LAS/jernigan-lab/Ben/ProjectHIV/ProtGOs001/envelopeB62BlastOutUNI.tsv	GO:0019028	109	194899	732	3099283	2.3679200789356583	4.279527565718388e-14	5.84883032406732e-10
/work/LAS/jernigan-lab/Ben/ProjectHIV/ProtGOs001/envelopeB62BlastOutUNI.tsv	GO:0019087	27	194899	53	3099283	8.101016520700078	4.8302142854962273e-14	6.601453863987694e-10
/work/LAS/jernigan-lab/Ben/ProjectHIV/ProtGOs001/envelopeB62BlastOutUNI.tsv	GO:0034605	94	194899	586	3099283	2.550832025415737	4.9517017808900194e-14	6.767490823942389e-10
/work/LAS/jernigan-lab/Ben/ProjectHIV/ProtGOs001/envelopeB62BlastOutUNI.tsv	GO:0004471	44	194899	160	3099283	4.373048732933468	7.372437166711825e-14	1.0075909875745051e-09
/work/LAS/jernigan-lab/Ben/ProjectHIV/ProtGOs001/envelopeB62BlastOutUNI.tsv	GO:0003725	93	194899	585	3099283	2.5280095239335667	9.283195784041547e-14	1.2687343678049582e-09
/work/LAS/jernigan-lab/Ben/ProjectHIV/ProtGOs001/envelopeB62BlastOutUNI.tsv	GO:0039660	72	194899	391	3099283	2.928244675854078	1.0345460121106176e-13	1.413914034751581e-09
/work/LAS/jernigan-lab/Ben/ProjectHIV/ProtGOs001/envelopeB62BlastOutUNI.tsv	GO:0004088	80	194899	467	3099283	2.724110559740529	1.4009890643713508e-13	1.914731754276325e-09
/work/LAS/jernigan-lab/Ben/ProjectHIV/ProtGOs001/envelopeB62BlastOutUNI.tsv	GO:0003727	59	194899	285	3099283	3.291992028619772	2.389065457911582e-13	3.265135761327759e-09
/work/LAS/jernigan-lab/Ben/ProjectHIV/ProtGOs001/envelopeB62BlastOutUNI.tsv	GO:0044186	24	194899	44	3099283	8.673815668628366	3.910973854691751e-13	5.345127967207216e-09
/work/LAS/jernigan-lab/Ben/ProjectHIV/ProtGOs001/envelopeB62BlastOutUNI.tsv	GO:0044185	22	194899	35	3099283	9.995539960990785	4.41445899935235e-13	6.033241114414857e-09
/work/LAS/jernigan-lab/Ben/ProjectHIV/ProtGOs001/envelopeB62BlastOutUNI.tsv	GO:0042626	125	194899	933	3099283	2.130492415927832	5.318571823591972e-13	7.268892111303148e-09
/work/LAS/jernigan-lab/Ben/ProjectHIV/ProtGOs001/envelopeB62BlastOutUNI.tsv	GO:0004252	343	194899	3553	3099283	1.5351490063671465	8.07274638889215e-13	1.1033022489698902e-08
/work/LAS/jernigan-lab/Ben/ProjectHIV/ProtGOs001/envelopeB62BlastOutUNI.tsv	GO:0003777	63	194899	334	3099283	2.9994781728340607	1.3631121708248051e-12	1.862965403866261e-08
/work/LAS/jernigan-lab/Ben/ProjectHIV/ProtGOs001/envelopeB62BlastOutUNI.tsv	GO:0035556	202	194899	1826	3099283	1.7591473544808534	1.5862982362331147e-12	2.1679937994597978e-08
/work/LAS/jernigan-lab/Ben/ProjectHIV/ProtGOs001/envelopeB62BlastOutUNI.tsv	GO:0007229	61	194899	318	3099283	3.0503827639673133	1.6418344529428332e-12	2.24389514683697e-08
/work/LAS/jernigan-lab/Ben/ProjectHIV/ProtGOs001/envelopeB62BlastOutUNI.tsv	GO:0046789	69	194899	390	3099283	2.813429954055098	2.3601973125462075e-12	3.2256816670569015e-08
/work/LAS/jernigan-lab/Ben/ProjectHIV/ProtGOs001/envelopeB62BlastOutUNI.tsv	GO:0030170	461	194899	5132	3099283	1.4284528207201366	2.7159125143125738e-12	3.711837633310994e-08
/work/LAS/jernigan-lab/Ben/ProjectHIV/ProtGOs001/envelopeB62BlastOutUNI.tsv	GO:0009887	74	194899	437	3099283	2.692786405134817	2.71972923361185e-12	3.717053943577316e-08
/work/LAS/jernigan-lab/Ben/ProjectHIV/ProtGOs001/envelopeB62BlastOutUNI.tsv	GO:0000386	20	194899	31	3099283	10.259351866119573	3.5644951745635193e-12	4.8715955550759616e-08
/work/LAS/jernigan-lab/Ben/ProjectHIV/ProtGOs001/envelopeB62BlastOutUNI.tsv	GO:0039545	48	194899	216	3099283	3.533776753885631	4.4017456126704e-12	6.015865728836635e-08
/work/LAS/jernigan-lab/Ben/ProjectHIV/ProtGOs001/envelopeB62BlastOutUNI.tsv	GO:0009925	48	194899	216	3099283	3.533776753885631	4.4017456126704e-12	6.015865728836635e-08
/work/LAS/jernigan-lab/Ben/ProjectHIV/ProtGOs001/envelopeB62BlastOutUNI.tsv	GO:0000943	31	194899	93	3099283	5.300665130828446	5.72504869068369e-12	7.824424045557399e-08
/work/LAS/jernigan-lab/Ben/ProjectHIV/ProtGOs001/envelopeB62BlastOutUNI.tsv	GO:0044191	23	194899	47	3099283	7.781827532492826	6.6500993704928546e-12	9.088690809652585e-08
/work/LAS/jernigan-lab/Ben/ProjectHIV/ProtGOs001/envelopeB62BlastOutUNI.tsv	GO:0102752	57	194899	296	3099283	3.0622085722015684	7.467914909378586e-12	1.0206399306647714e-07
/work/LAS/jernigan-lab/Ben/ProjectHIV/ProtGOs001/envelopeB62BlastOutUNI.tsv	GO:0003844	57	194899	296	3099283	3.0622085722015684	7.467914909378586e-12	1.0206399306647714e-07
/work/LAS/jernigan-lab/Ben/ProjectHIV/ProtGOs001/envelopeB62BlastOutUNI.tsv	GO:0008559	43	194899	180	3099283	3.798810010427053	7.474795292509561e-12	1.0215802726272818e-07
/work/LAS/jernigan-lab/Ben/ProjectHIV/ProtGOs001/envelopeB62BlastOutUNI.tsv	GO:0043169	58	194899	306	3099283	3.0141037018436263	8.579777535842759e-12	1.1725981958236298e-07
/work/LAS/jernigan-lab/Ben/ProjectHIV/ProtGOs001/envelopeB62BlastOutUNI.tsv	GO:0032197	32	194899	102	3099283	4.9888612996032435	9.872123121606777e-12	1.349223067029998e-07
/work/LAS/jernigan-lab/Ben/ProjectHIV/ProtGOs001/envelopeB62BlastOutUNI.tsv	GO:0044385	65	194899	367	3099283	2.8164297016663404	1.0452384572469752e-11	1.4285273995194411e-07
/work/LAS/jernigan-lab/Ben/ProjectHIV/ProtGOs001/envelopeB62BlastOutUNI.tsv	GO:0008017	161	194899	1390	3099283	1.8418857972590932	1.131829481644367e-11	1.5468713525633562e-07
/work/LAS/jernigan-lab/Ben/ProjectHIV/ProtGOs001/envelopeB62BlastOutUNI.tsv	GO:0007157	41	194899	169	3099283	3.857880539005319	1.4944859099329576e-11	2.0425138931053732e-07
/work/LAS/jernigan-lab/Ben/ProjectHIV/ProtGOs001/envelopeB62BlastOutUNI.tsv	GO:0016485	65	194899	375	3099283	2.756345868030792	1.768778313875312e-11	2.417389321573389e-07
/work/LAS/jernigan-lab/Ben/ProjectHIV/ProtGOs001/envelopeB62BlastOutUNI.tsv	GO:0008305	28	194899	79	3099283	5.636150265691006	1.817968128734492e-11	2.4846170415414303e-07
/work/LAS/jernigan-lab/Ben/ProjectHIV/ProtGOs001/envelopeB62BlastOutUNI.tsv	GO:0008174	36	194899	133	3099283	4.304299504732874	1.8615771394800166e-11	2.5442174765273387e-07
/work/LAS/jernigan-lab/Ben/ProjectHIV/ProtGOs001/envelopeB62BlastOutUNI.tsv	GO:0019516	39	194899	156	3099283	3.9754988481213345	2.142798438260359e-11	2.9285626255704326e-07
/work/LAS/jernigan-lab/Ben/ProjectHIV/ProtGOs001/envelopeB62BlastOutUNI.tsv	GO:0000723	63	194899	358	3099283	2.7983958372250735	2.5035024749280634e-11	3.4215368324841845e-07
/work/LAS/jernigan-lab/Ben/ProjectHIV/ProtGOs001/envelopeB62BlastOutUNI.tsv	GO:0007010	68	194899	405	3099283	2.6699646584913657	2.7669156925700186e-11	3.7815436770354445e-07
/work/LAS/jernigan-lab/Ben/ProjectHIV/ProtGOs001/envelopeB62BlastOutUNI.tsv	GO:0003682	214	194899	2041	3099283	1.6673331768700943	3.0047760000431105e-11	4.106627359258919e-07
/work/LAS/jernigan-lab/Ben/ProjectHIV/ProtGOs001/envelopeB62BlastOutUNI.tsv	GO:0030018	76	194899	490	3099283	2.4664319384262976	4.5160391022968197e-11	6.172070641109064e-07
/work/LAS/jernigan-lab/Ben/ProjectHIV/ProtGOs001/envelopeB62BlastOutUNI.tsv	GO:0030198	87	194899	602	3099283	2.2981289022362534	4.618451629538716e-11	6.312037842090563e-07
/work/LAS/jernigan-lab/Ben/ProjectHIV/ProtGOs001/envelopeB62BlastOutUNI.tsv	GO:0005794	466	194899	5328	3099283	1.3908276750935	6.479592834351856e-11	8.855659526708681e-07
/work/LAS/jernigan-lab/Ben/ProjectHIV/ProtGOs001/envelopeB62BlastOutUNI.tsv	GO:0008569	26	194899	72	3099283	5.74238722506415	6.7257565791888e-11	9.192091516777333e-07
/work/LAS/jernigan-lab/Ben/ProjectHIV/ProtGOs001/envelopeB62BlastOutUNI.tsv	GO:0008088	21	194899	44	3099283	7.589588710049821	7.752952422921067e-11	1.0595960076406222e-06
/work/LAS/jernigan-lab/Ben/ProjectHIV/ProtGOs001/envelopeB62BlastOutUNI.tsv	GO:0039696	23	194899	55	3099283	6.6499253459484144	8.050748266942619e-11	1.1002957656430478e-06
/work/LAS/jernigan-lab/Ben/ProjectHIV/ProtGOs001/envelopeB62BlastOutUNI.tsv	GO:0039548	34	194899	127	3099283	4.257227112948831	8.500609010301578e-11	1.1617782334379166e-06
/work/LAS/jernigan-lab/Ben/ProjectHIV/ProtGOs001/envelopeB62BlastOutUNI.tsv	GO:0035091	63	194899	374	3099283	2.678678368252878	9.065607730151945e-11	1.2389966084798663e-06
/work/LAS/jernigan-lab/Ben/ProjectHIV/ProtGOs001/envelopeB62BlastOutUNI.tsv	GO:0007411	100	194899	754	3099283	2.1090179565630423	1.4989036537423994e-10	2.0485516235697374e-06
/work/LAS/jernigan-lab/Ben/ProjectHIV/ProtGOs001/envelopeB62BlastOutUNI.tsv	GO:0008168	155	194899	1373	3099283	1.7951997711837053	1.5765289340181563e-10	2.154642094122614e-06
/work/LAS/jernigan-lab/Ben/ProjectHIV/ProtGOs001/envelopeB62BlastOutUNI.tsv	GO:0003918	63	194899	376	3099283	2.6644300790600433	1.7355044750504457e-10	2.3719139660514443e-06
/work/LAS/jernigan-lab/Ben/ProjectHIV/ProtGOs001/envelopeB62BlastOutUNI.tsv	GO:0044172	39	194899	170	3099283	3.6481048253348716	1.8793369239046467e-10	2.5684897739004804e-06
/work/LAS/jernigan-lab/Ben/ProjectHIV/ProtGOs001/envelopeB62BlastOutUNI.tsv	GO:0010587	18	194899	32	3099283	8.944872408273003	2.2623030472699128e-10	3.09188957470379e-06
/work/LAS/jernigan-lab/Ben/ProjectHIV/ProtGOs001/envelopeB62BlastOutUNI.tsv	GO:0102545	32	194899	118	3099283	4.312405530165516	2.273115460846625e-10	3.106666900339082e-06
/work/LAS/jernigan-lab/Ben/ProjectHIV/ProtGOs001/envelopeB62BlastOutUNI.tsv	GO:0005903	46	194899	230	3099283	3.180399078497068	2.492948715024675e-10	3.4071130088242233e-06
/work/LAS/jernigan-lab/Ben/ProjectHIV/ProtGOs001/envelopeB62BlastOutUNI.tsv	GO:0019556	99	194899	753	3099283	2.0907005894502637	2.545629378402936e-10	3.4791116714632922e-06
/work/LAS/jernigan-lab/Ben/ProjectHIV/ProtGOs001/envelopeB62BlastOutUNI.tsv	GO:0019557	99	194899	753	3099283	2.0907005894502637	2.545629378402936e-10	3.4791116714632922e-06
/work/LAS/jernigan-lab/Ben/ProjectHIV/ProtGOs001/envelopeB62BlastOutUNI.tsv	GO:0008152	78	194899	533	3099283	2.327121276949074	2.847546376087838e-10	3.891741632199248e-06
/work/LAS/jernigan-lab/Ben/ProjectHIV/ProtGOs001/envelopeB62BlastOutUNI.tsv	GO:0050418	38	194899	165	3099283	3.662277726754199	2.895336398477749e-10	3.95705625579954e-06
/work/LAS/jernigan-lab/Ben/ProjectHIV/ProtGOs001/envelopeB62BlastOutUNI.tsv	GO:0071392	39	194899	175	3099283	3.5438732588967325	3.868897285499875e-10	5.28762192009268e-06
/work/LAS/jernigan-lab/Ben/ProjectHIV/ProtGOs001/envelopeB62BlastOutUNI.tsv	GO:0043138	40	194899	184	3099283	3.456955520105508	4.368756802887906e-10	5.970779922506901e-06
/work/LAS/jernigan-lab/Ben/ProjectHIV/ProtGOs001/envelopeB62BlastOutUNI.tsv	GO:0039707	65	194899	406	3099283	2.545885961851101	4.4407526494140897e-10	6.069176645954236e-06
/work/LAS/jernigan-lab/Ben/ProjectHIV/ProtGOs001/envelopeB62BlastOutUNI.tsv	GO:0032587	55	194899	315	3099283	2.7765388780529956	5.74992519582604e-10	7.858422765135449e-06
/work/LAS/jernigan-lab/Ben/ProjectHIV/ProtGOs001/envelopeB62BlastOutUNI.tsv	GO:0051103	39	194899	179	3099283	3.4646805603739006	6.766375726506744e-10	9.247605705416766e-06
/work/LAS/jernigan-lab/Ben/ProjectHIV/ProtGOs001/envelopeB62BlastOutUNI.tsv	GO:0003743	306	194899	3300	3099283	1.4745486636668224	7.150583298181801e-10	9.772702193625068e-06
/work/LAS/jernigan-lab/Ben/ProjectHIV/ProtGOs001/envelopeB62BlastOutUNI.tsv	GO:0005790	28	194899	96	3099283	4.63808198947489	7.465487704016147e-10	1.0203082045078868e-05
/work/LAS/jernigan-lab/Ben/ProjectHIV/ProtGOs001/envelopeB62BlastOutUNI.tsv	GO:0030027	95	194899	728	3099283	2.075123025118279	8.381646629045772e-10	1.1455196447916856e-05
/work/LAS/jernigan-lab/Ben/ProjectHIV/ProtGOs001/envelopeB62BlastOutUNI.tsv	GO:1905168	21	194899	52	3099283	6.421959677734463	8.725436274510563e-10	1.1925053756373586e-05
/work/LAS/jernigan-lab/Ben/ProjectHIV/ProtGOs001/envelopeB62BlastOutUNI.tsv	GO:2001028	23	194899	64	3099283	5.714779594174418	8.900126240928882e-10	1.2163802533477504e-05
/work/LAS/jernigan-lab/Ben/ProjectHIV/ProtGOs001/envelopeB62BlastOutUNI.tsv	GO:0003910	40	194899	193	3099283	3.295750340411469	1.4474989014472717e-09	1.9782967486079862e-05
/work/LAS/jernigan-lab/Ben/ProjectHIV/ProtGOs001/envelopeB62BlastOutUNI.tsv	GO:0070062	230	194899	2356	3099283	1.5524019271101985	1.7018294258444967e-09	2.3258902763016736e-05
/work/LAS/jernigan-lab/Ben/ProjectHIV/ProtGOs001/envelopeB62BlastOutUNI.tsv	GO:0016529	38	194899	178	3099283	3.3948080051373193	1.8071015146952203e-09	2.4697656401339574e-05
/work/LAS/jernigan-lab/Ben/ProjectHIV/ProtGOs001/envelopeB62BlastOutUNI.tsv	GO:0043560	20	194899	49	3099283	6.49061036427973	1.8833031996221887e-09	2.5739104829236453e-05
/work/LAS/jernigan-lab/Ben/ProjectHIV/ProtGOs001/envelopeB62BlastOutUNI.tsv	GO:0008408	94	194899	732	3099283	2.0420595176142373	2.2528241110890825e-09	3.078934712625449e-05
/work/LAS/jernigan-lab/Ben/ProjectHIV/ProtGOs001/envelopeB62BlastOutUNI.tsv	GO:0004329	53	194899	313	3099283	2.692670146331383	2.381043400284707e-09	3.2541720151691094e-05
/work/LAS/jernigan-lab/Ben/ProjectHIV/ProtGOs001/envelopeB62BlastOutUNI.tsv	GO:0005912	77	194899	549	3099283	2.230334508599947	2.530932610863453e-09	3.4590255992670806e-05
/work/LAS/jernigan-lab/Ben/ProjectHIV/ProtGOs001/envelopeB62BlastOutUNI.tsv	GO:0015278	18	194899	39	3099283	7.339382488839387	2.603615100507606e-09	3.558360757863745e-05
/work/LAS/jernigan-lab/Ben/ProjectHIV/ProtGOs001/envelopeB62BlastOutUNI.tsv	GO:2000767	18	194899	39	3099283	7.339382488839387	2.603615100507606e-09	3.558360757863745e-05
/work/LAS/jernigan-lab/Ben/ProjectHIV/ProtGOs001/envelopeB62BlastOutUNI.tsv	GO:0090063	16	194899	29	3099283	8.773514699302256	2.783025522571041e-09	3.803560981697842e-05
/work/LAS/jernigan-lab/Ben/ProjectHIV/ProtGOs001/envelopeB62BlastOutUNI.tsv	GO:0006101	27	194899	96	3099283	4.472436204136502	2.8749904205715223e-09	3.929249407795099e-05
/work/LAS/jernigan-lab/Ben/ProjectHIV/ProtGOs001/envelopeB62BlastOutUNI.tsv	GO:0000034	43	194899	225	3099283	3.0390480083416427	3.0718420527200828e-09	4.1982865334525375e-05
/work/LAS/jernigan-lab/Ben/ProjectHIV/ProtGOs001/envelopeB62BlastOutUNI.tsv	GO:0005496	46	194899	252	3099283	2.902745190691768	3.1553542508048413e-09	4.3124226545749766e-05
/work/LAS/jernigan-lab/Ben/ProjectHIV/ProtGOs001/envelopeB62BlastOutUNI.tsv	GO:0043025	190	194899	1870	3099283	1.615710761803323	3.312138118058101e-09	4.5266991659500064e-05
/work/LAS/jernigan-lab/Ben/ProjectHIV/ProtGOs001/envelopeB62BlastOutUNI.tsv	GO:0006816	63	194899	411	3099283	2.437532140453957	3.7452794633402225e-09	5.118673442547082e-05
/work/LAS/jernigan-lab/Ben/ProjectHIV/ProtGOs001/envelopeB62BlastOutUNI.tsv	GO:0005216	73	194899	515	3099283	2.2540692498086012	3.94661005692139e-09	5.393831964794464e-05
/work/LAS/jernigan-lab/Ben/ProjectHIV/ProtGOs001/envelopeB62BlastOutUNI.tsv	GO:0004047	55	194899	337	3099283	2.5952811471415242	4.540446734053792e-09	6.205428551431317e-05
/work/LAS/jernigan-lab/Ben/ProjectHIV/ProtGOs001/envelopeB62BlastOutUNI.tsv	GO:0045131	13	194899	17	3099283	12.160349417782905	5.0021849026975254e-09	6.836486106516708e-05
/work/LAS/jernigan-lab/Ben/ProjectHIV/ProtGOs001/envelopeB62BlastOutUNI.tsv	GO:0046834	17	194899	36	3099283	7.509275602006966	5.480284483630884e-09	7.48990480377833e-05
/work/LAS/jernigan-lab/Ben/ProjectHIV/ProtGOs001/envelopeB62BlastOutUNI.tsv	GO:0007399	124	194899	1090	3099283	1.8090343382276899	5.8114187575854615e-09	7.942466015992051e-05
/work/LAS/jernigan-lab/Ben/ProjectHIV/ProtGOs001/envelopeB62BlastOutUNI.tsv	GO:0006146	42	194899	223	3099283	2.994994647912037	6.720517972296449e-09	9.184931912737556e-05
/work/LAS/jernigan-lab/Ben/ProjectHIV/ProtGOs001/envelopeB62BlastOutUNI.tsv	GO:0005813	180	194899	1770	3099283	1.6171520738120684	7.186297267349165e-09	9.821512475286103e-05
/work/LAS/jernigan-lab/Ben/ProjectHIV/ProtGOs001/envelopeB62BlastOutUNI.tsv	GO:0004698	26	194899	94	3099283	4.398424257495945	7.474193591252795e-09	0.00010214980381165195
/work/LAS/jernigan-lab/Ben/ProjectHIV/ProtGOs001/envelopeB62BlastOutUNI.tsv	GO:0004713	61	194899	400	3099283	2.425054297354014	7.765654442712567e-09	0.00010613319926855265
/work/LAS/jernigan-lab/Ben/ProjectHIV/ProtGOs001/envelopeB62BlastOutUNI.tsv	GO:0001837	32	194899	140	3099283	3.634741803996649	8.15281696946993e-09	0.00011142454952174553
/work/LAS/jernigan-lab/Ben/ProjectHIV/ProtGOs001/envelopeB62BlastOutUNI.tsv	GO:0042393	101	194899	836	3099283	1.9211740844988268	9.859478872679198e-09	0.0001347494977529066
/work/LAS/jernigan-lab/Ben/ProjectHIV/ProtGOs001/envelopeB62BlastOutUNI.tsv	GO:0017154	22	194899	68	3099283	5.1447632152158445	9.988141894375455e-09	0.00013650793527042934
/work/LAS/jernigan-lab/Ben/ProjectHIV/ProtGOs001/envelopeB62BlastOutUNI.tsv	GO:0039644	29	194899	118	3099283	3.9081175117124984	1.0155096840147099e-08	0.0001387897085142904
/work/LAS/jernigan-lab/Ben/ProjectHIV/ProtGOs001/envelopeB62BlastOutUNI.tsv	GO:1990961	38	194899	192	3099283	3.1472699214293898	1.0793793105888594e-08	0.0001475187703781794
/work/LAS/jernigan-lab/Ben/ProjectHIV/ProtGOs001/envelopeB62BlastOutUNI.tsv	GO:0102483	41	194899	219	3099283	2.9770858953967987	1.167524120839792e-08	0.00015956552159517435
/work/LAS/jernigan-lab/Ben/ProjectHIV/ProtGOs001/envelopeB62BlastOutUNI.tsv	GO:0034685	11	194899	11	3099283	15.901995392485338	1.189711068879057e-08	0.00016259781178370073
/work/LAS/jernigan-lab/Ben/ProjectHIV/ProtGOs001/envelopeB62BlastOutUNI.tsv	GO:0005089	33	194899	151	3099283	3.475270516238518	1.2380385569674873e-08	0.00016920272958074648
/work/LAS/jernigan-lab/Ben/ProjectHIV/ProtGOs001/envelopeB62BlastOutUNI.tsv	GO:0004096	72	194899	520	3099283	2.201814746651816	1.3447550006839203e-08	0.00018378766594347138
/work/LAS/jernigan-lab/Ben/ProjectHIV/ProtGOs001/envelopeB62BlastOutUNI.tsv	GO:0030426	80	194899	605	3099283	2.1027431923947555	1.3722022993296697e-08	0.00018753888824938594
/work/LAS/jernigan-lab/Ben/ProjectHIV/ProtGOs001/envelopeB62BlastOutUNI.tsv	GO:0043034	20	194899	57	3099283	5.579647506135206	1.5137670963310107e-08	0.00020688654905555922
/work/LAS/jernigan-lab/Ben/ProjectHIV/ProtGOs001/envelopeB62BlastOutUNI.tsv	GO:0032436	52	194899	322	3099283	2.568024100649806	1.540017615938621e-08	0.00021047420757033136
/work/LAS/jernigan-lab/Ben/ProjectHIV/ProtGOs001/envelopeB62BlastOutUNI.tsv	GO:0005871	44	194899	249	3099283	2.8099911536921884	1.583406485328256e-08	0.00021640416434981274
/work/LAS/jernigan-lab/Ben/ProjectHIV/ProtGOs001/envelopeB62BlastOutUNI.tsv	GO:0005222	16	194899	34	3099283	7.483291949404865	1.5944835803945673e-08	0.00021791807093252553
/work/LAS/jernigan-lab/Ben/ProjectHIV/ProtGOs001/envelopeB62BlastOutUNI.tsv	GO:0007009	25	194899	91	3099283	4.368680052880587	1.6109398944548376e-08	0.00022016715537514266
/work/LAS/jernigan-lab/Ben/ProjectHIV/ProtGOs001/envelopeB62BlastOutUNI.tsv	GO:0031054	23	194899	77	3099283	4.749946675677439	1.6233799285276426e-08	0.00022186733483187292
/work/LAS/jernigan-lab/Ben/ProjectHIV/ProtGOs001/envelopeB62BlastOutUNI.tsv	GO:0048747	24	194899	84	3099283	4.5434272549958115	1.6430199546676228e-08	0.000224551537204424
/work/LAS/jernigan-lab/Ben/ProjectHIV/ProtGOs001/envelopeB62BlastOutUNI.tsv	GO:0009228	237	194899	2512	3099283	1.5003076863133062	1.696993692489868e-08	0.00023192812795259026
/work/LAS/jernigan-lab/Ben/ProjectHIV/ProtGOs001/envelopeB62BlastOutUNI.tsv	GO:0032991	245	194899	2622	3099283	1.4858843902207888	1.7197566788825667e-08	0.0002350391453028804
/work/LAS/jernigan-lab/Ben/ProjectHIV/ProtGOs001/envelopeB62BlastOutUNI.tsv	GO:0016358	34	194899	162	3099283	3.337455823114207	1.7902997440573342e-08	0.00024468026602031585
/work/LAS/jernigan-lab/Ben/ProjectHIV/ProtGOs001/envelopeB62BlastOutUNI.tsv	GO:0019079	48	194899	287	3099283	2.6595671736560846	1.8164014142428773e-08	0.000248247581284574
/work/LAS/jernigan-lab/Ben/ProjectHIV/ProtGOs001/envelopeB62BlastOutUNI.tsv	GO:0042802	581	194899	7187	3099283	1.2855237683364382	1.9699029437619198e-08	0.0002692266353239416
/work/LAS/jernigan-lab/Ben/ProjectHIV/ProtGOs001/envelopeB62BlastOutUNI.tsv	GO:1901388	13	194899	20	3099283	10.33629700511547	2.0227174748609792e-08	0.00027644479728925
/work/LAS/jernigan-lab/Ben/ProjectHIV/ProtGOs001/envelopeB62BlastOutUNI.tsv	GO:0006265	77	194899	584	3099283	2.0966672007215257	2.1430599448345682e-08	0.00029289200266054046
/work/LAS/jernigan-lab/Ben/ProjectHIV/ProtGOs001/envelopeB62BlastOutUNI.tsv	GO:0039690	21	194899	65	3099283	5.137567742187571	2.1860121975771388e-08	0.00029876228704286755
/work/LAS/jernigan-lab/Ben/ProjectHIV/ProtGOs001/envelopeB62BlastOutUNI.tsv	GO:0006423	91	194899	737	3099283	1.9634756861820433	2.2635868498940644e-08	0.0003093644147750218
/work/LAS/jernigan-lab/Ben/ProjectHIV/ProtGOs001/envelopeB62BlastOutUNI.tsv	GO:1990511	15	194899	30	3099283	7.950997696242669	2.3878228932116292e-08	0.00032634375481523336
/work/LAS/jernigan-lab/Ben/ProjectHIV/ProtGOs001/envelopeB62BlastOutUNI.tsv	GO:0007160	50	194899	305	3099283	2.606884490571367	2.439943550166573e-08	0.0003334670850012655
/work/LAS/jernigan-lab/Ben/ProjectHIV/ProtGOs001/envelopeB62BlastOutUNI.tsv	GO:0044331	17	194899	41	3099283	6.593510284689043	2.519322234712121e-08	0.00034431576981810557
/work/LAS/jernigan-lab/Ben/ProjectHIV/ProtGOs001/envelopeB62BlastOutUNI.tsv	GO:0010923	32	194899	148	3099283	3.4382692740508842	2.5315309506799385e-08	0.0003459843350294272
/work/LAS/jernigan-lab/Ben/ProjectHIV/ProtGOs001/envelopeB62BlastOutUNI.tsv	GO:0004817	91	194899	741	3099283	1.9528766271473224	2.5838779590812773e-08	0.00035313860066763815
/work/LAS/jernigan-lab/Ben/ProjectHIV/ProtGOs001/envelopeB62BlastOutUNI.tsv	GO:0030424	179	194899	1793	3099283	1.5875388595955804	2.673137951096191e-08	0.0003653377637763164
/work/LAS/jernigan-lab/Ben/ProjectHIV/ProtGOs001/envelopeB62BlastOutUNI.tsv	GO:0033973	25	194899	94	3099283	4.229254093746101	2.765462997103402e-08	0.00037795582781412196
/work/LAS/jernigan-lab/Ben/ProjectHIV/ProtGOs001/envelopeB62BlastOutUNI.tsv	GO:0007528	31	194899	141	3099283	3.496183384163443	2.98213227441821e-08	0.00040756801794473676
/work/LAS/jernigan-lab/Ben/ProjectHIV/ProtGOs001/envelopeB62BlastOutUNI.tsv	GO:0050839	43	194899	246	3099283	2.779617080800283	3.002382318422188e-08	0.00041033559145876045
/work/LAS/jernigan-lab/Ben/ProjectHIV/ProtGOs001/envelopeB62BlastOutUNI.tsv	GO:0051491	30	194899	133	3099283	3.5869162539440613	3.020191290721019e-08	0.0004127695437028417
/work/LAS/jernigan-lab/Ben/ProjectHIV/ProtGOs001/envelopeB62BlastOutUNI.tsv	GO:0030898	32	194899	150	3099283	3.3924256837302056	3.319787050669502e-08	0.0004537152962150008
/work/LAS/jernigan-lab/Ben/ProjectHIV/ProtGOs001/envelopeB62BlastOutUNI.tsv	GO:0030983	134	194899	1247	3099283	1.7087950141082882	3.563201346668869e-08	0.0004869827280492343
/work/LAS/jernigan-lab/Ben/ProjectHIV/ProtGOs001/envelopeB62BlastOutUNI.tsv	GO:0043410	69	194899	503	3099283	2.1813870419115076	3.680539023697267e-08	0.0005030192683687055
/work/LAS/jernigan-lab/Ben/ProjectHIV/ProtGOs001/envelopeB62BlastOutUNI.tsv	GO:0005899	12	194899	17	3099283	11.224937924107298	3.6863018552045534e-08	0.0005038068745508063
/work/LAS/jernigan-lab/Ben/ProjectHIV/ProtGOs001/envelopeB62BlastOutUNI.tsv	GO:0005219	11	194899	13	3099283	13.45553456287221	3.767552742717458e-08	0.000514911433347195
/work/LAS/jernigan-lab/Ben/ProjectHIV/ProtGOs001/envelopeB62BlastOutUNI.tsv	GO:0006607	25	194899	96	3099283	4.1411446334597235	3.921078205925006e-08	0.0005358937584037705
/work/LAS/jernigan-lab/Ben/ProjectHIV/ProtGOs001/envelopeB62BlastOutUNI.tsv	GO:0005547	30	194899	135	3099283	3.533776753885631	4.020536001652876e-08	0.0005494866553458986
/work/LAS/jernigan-lab/Ben/ProjectHIV/ProtGOs001/envelopeB62BlastOutUNI.tsv	GO:0007605	69	194899	506	3099283	2.1684539171570916	4.0494295242016374e-08	0.0005534355330726378
/work/LAS/jernigan-lab/Ben/ProjectHIV/ProtGOs001/envelopeB62BlastOutUNI.tsv	GO:0060349	26	194899	104	3099283	3.9754988481213345	4.2688212932399243e-08	0.0005834198061471004
/work/LAS/jernigan-lab/Ben/ProjectHIV/ProtGOs001/envelopeB62BlastOutUNI.tsv	GO:0045944	417	194899	4955	3099283	1.3382708534140033	4.3104777961377094e-08	0.0005891130003981408
/work/LAS/jernigan-lab/Ben/ProjectHIV/ProtGOs001/envelopeB62BlastOutUNI.tsv	GO:0039645	37	194899	195	3099283	3.0173016898561924	4.315685494727907e-08	0.000589824736564463
/work/LAS/jernigan-lab/Ben/ProjectHIV/ProtGOs001/envelopeB62BlastOutUNI.tsv	GO:1904482	22	194899	75	3099283	4.664585315129033	4.316798701416052e-08	0.0005899768785225318
/work/LAS/jernigan-lab/Ben/ProjectHIV/ProtGOs001/envelopeB62BlastOutUNI.tsv	GO:0001727	27	194899	112	3099283	3.8335167464027156	4.508436826970592e-08	0.0006161680611420707
/work/LAS/jernigan-lab/Ben/ProjectHIV/ProtGOs001/envelopeB62BlastOutUNI.tsv	GO:0004622	35	194899	178	3099283	3.1267968468370047	4.5895888346470244e-08	0.0006272591060312088
/work/LAS/jernigan-lab/Ben/ProjectHIV/ProtGOs001/envelopeB62BlastOutUNI.tsv	GO:0004125	29	194899	128	3099283	3.6027958311099595	4.6784445679118615e-08	0.0006394030190965141
/work/LAS/jernigan-lab/Ben/ProjectHIV/ProtGOs001/envelopeB62BlastOutUNI.tsv	GO:0005178	71	194899	529	3099283	2.1342942776303575	4.84904400888928e-08	0.0006627188446948979
/work/LAS/jernigan-lab/Ben/ProjectHIV/ProtGOs001/envelopeB62BlastOutUNI.tsv	GO:0004672	157	194899	1537	3099283	1.6243417544698753	5.426668384259393e-08	0.0007416627680767313
/work/LAS/jernigan-lab/Ben/ProjectHIV/ProtGOs001/envelopeB62BlastOutUNI.tsv	GO:0006544	25	194899	98	3099283	4.056631477674832	5.512553339562405e-08	0.0007534006649179939
/work/LAS/jernigan-lab/Ben/ProjectHIV/ProtGOs001/envelopeB62BlastOutUNI.tsv	GO:0098855	10	194899	10	3099283	15.901995392485338	5.594384403843333e-08	0.0007645845164732684
/work/LAS/jernigan-lab/Ben/ProjectHIV/ProtGOs001/envelopeB62BlastOutUNI.tsv	GO:0000146	32	194899	154	3099283	3.304310730906044	5.6308154616390925e-08	0.0007695635491422148
/work/LAS/jernigan-lab/Ben/ProjectHIV/ProtGOs001/envelopeB62BlastOutUNI.tsv	GO:0008307	27	194899	114	3099283	3.7662620666412643	6.150911825653977e-08	0.0008406451192121291
/work/LAS/jernigan-lab/Ben/ProjectHIV/ProtGOs001/envelopeB62BlastOutUNI.tsv	GO:0003779	160	194899	1579	3099283	1.6113484881555757	6.155757490929444e-08	0.0008413073762853271
/work/LAS/jernigan-lab/Ben/ProjectHIV/ProtGOs001/envelopeB62BlastOutUNI.tsv	GO:0031581	15	194899	33	3099283	7.2281797238569725	6.387335569043327e-08	0.0008729571522211514
/work/LAS/jernigan-lab/Ben/ProjectHIV/ProtGOs001/envelopeB62BlastOutUNI.tsv	GO:0005009	13	194899	23	3099283	8.988084352274322	6.891248574497257e-08	0.0009418269426765401
/work/LAS/jernigan-lab/Ben/ProjectHIV/ProtGOs001/envelopeB62BlastOutUNI.tsv	GO:0006643	13	194899	23	3099283	8.988084352274322	6.891248574497257e-08	0.0009418269426765401
/work/LAS/jernigan-lab/Ben/ProjectHIV/ProtGOs001/envelopeB62BlastOutUNI.tsv	GO:0000981	351	194899	4081	3099283	1.3677040879104028	6.920139819813138e-08	0.0009457755091738616
/work/LAS/jernigan-lab/Ben/ProjectHIV/ProtGOs001/envelopeB62BlastOutUNI.tsv	GO:0044162	28	194899	123	3099283	3.6199664308096704	7.247091599381794e-08	0.0009904600088875097
/work/LAS/jernigan-lab/Ben/ProjectHIV/ProtGOs001/envelopeB62BlastOutUNI.tsv	GO:0051402	35	194899	182	3099283	3.058076037016411	7.378513128229487e-08	0.001008421389235124
/work/LAS/jernigan-lab/Ben/ProjectHIV/ProtGOs001/envelopeB62BlastOutUNI.tsv	GO:0042383	64	194899	460	3099283	2.2124515328675254	7.456183710998045e-08	0.0010190366277821029
/work/LAS/jernigan-lab/Ben/ProjectHIV/ProtGOs001/envelopeB62BlastOutUNI.tsv	GO:0050918	26	194899	108	3099283	3.8282581500427666	8.11048915233899e-08	0.0011084605524501697
/work/LAS/jernigan-lab/Ben/ProjectHIV/ProtGOs001/envelopeB62BlastOutUNI.tsv	GO:0045893	288	194899	3246	3099283	1.410897927614226	8.313341200388848e-08	0.0011361843418571439
/work/LAS/jernigan-lab/Ben/ProjectHIV/ProtGOs001/envelopeB62BlastOutUNI.tsv	GO:0045177	55	194899	373	3099283	2.3447982482216987	9.023071864441772e-08	0.001233183231713257
/work/LAS/jernigan-lab/Ben/ProjectHIV/ProtGOs001/envelopeB62BlastOutUNI.tsv	GO:0035327	27	194899	117	3099283	3.6696912444196936	9.681302013746414e-08	0.0013231435462187225
/work/LAS/jernigan-lab/Ben/ProjectHIV/ProtGOs001/envelopeB62BlastOutUNI.tsv	GO:0030658	33	194899	167	3099283	3.14231046677854	9.865267797844301e-08	0.0013482861499313807
/work/LAS/jernigan-lab/Ben/ProjectHIV/ProtGOs001/envelopeB62BlastOutUNI.tsv	GO:0006419	88	194899	729	3099283	1.9195824342094785	1.0096445585662354e-07	0.001379881218192474
/work/LAS/jernigan-lab/Ben/ProjectHIV/ProtGOs001/envelopeB62BlastOutUNI.tsv	GO:0004813	88	194899	729	3099283	1.9195824342094785	1.0096445585662354e-07	0.001379881218192474
/work/LAS/jernigan-lab/Ben/ProjectHIV/ProtGOs001/envelopeB62BlastOutUNI.tsv	GO:0005925	105	194899	927	3099283	1.8011968891164623	1.0358389490461342e-07	0.0014156810916613517
/work/LAS/jernigan-lab/Ben/ProjectHIV/ProtGOs001/envelopeB62BlastOutUNI.tsv	GO:0097362	11	194899	15	3099283	11.661463287822581	1.0437595325919983e-07	0.001426506153193484
/work/LAS/jernigan-lab/Ben/ProjectHIV/ProtGOs001/envelopeB62BlastOutUNI.tsv	GO:0034056	11	194899	15	3099283	11.661463287822581	1.0437595325919983e-07	0.001426506153193484
/work/LAS/jernigan-lab/Ben/ProjectHIV/ProtGOs001/envelopeB62BlastOutUNI.tsv	GO:0045296	64	194899	469	3099283	2.169995106863671	1.0550335148917126e-07	0.0014419143048025036
/work/LAS/jernigan-lab/Ben/ProjectHIV/ProtGOs001/envelopeB62BlastOutUNI.tsv	GO:0006261	94	194899	797	3099283	1.8755176498037915	1.0967802465855383e-07	0.0014989695630084551
/work/LAS/jernigan-lab/Ben/ProjectHIV/ProtGOs001/envelopeB62BlastOutUNI.tsv	GO:0030628	20	194899	66	3099283	4.818786482571315	1.121665774947596e-07	0.0015329806146208793
/work/LAS/jernigan-lab/Ben/ProjectHIV/ProtGOs001/envelopeB62BlastOutUNI.tsv	GO:0030705	24	194899	95	3099283	4.017346204417349	1.1740681997233094e-07	0.001604599008561847
/work/LAS/jernigan-lab/Ben/ProjectHIV/ProtGOs001/envelopeB62BlastOutUNI.tsv	GO:0007420	106	194899	939	3099283	1.795113430887589	1.2128881888555314e-07	0.0016576542877088547
/work/LAS/jernigan-lab/Ben/ProjectHIV/ProtGOs001/envelopeB62BlastOutUNI.tsv	GO:0030054	80	194899	642	3099283	1.9815570582536248	1.3356531369557386e-07	0.001825437142277408
/work/LAS/jernigan-lab/Ben/ProjectHIV/ProtGOs001/envelopeB62BlastOutUNI.tsv	GO:0043559	13	194899	25	3099283	8.269037604092375	1.4435470528744612e-07	0.001972895757163526
/work/LAS/jernigan-lab/Ben/ProjectHIV/ProtGOs001/envelopeB62BlastOutUNI.tsv	GO:0071168	18	194899	54	3099283	5.300665130828446	1.4744370572852234e-07	0.002015113126191715
/work/LAS/jernigan-lab/Ben/ProjectHIV/ProtGOs001/envelopeB62BlastOutUNI.tsv	GO:0048856	41	194899	241	3099283	2.705318718223647	1.515229508498752e-07	0.002070864169265244
/work/LAS/jernigan-lab/Ben/ProjectHIV/ProtGOs001/envelopeB62BlastOutUNI.tsv	GO:0016604	93	194899	795	3099283	1.8602334232718698	1.5748343096248868e-07	0.002152326050964333
/work/LAS/jernigan-lab/Ben/ProjectHIV/ProtGOs001/envelopeB62BlastOutUNI.tsv	GO:0032922	49	194899	317	3099283	2.458037142687008	1.622040713853531e-07	0.002216843043623621
/work/LAS/jernigan-lab/Ben/ProjectHIV/ProtGOs001/envelopeB62BlastOutUNI.tsv	GO:0075732	79	194899	636	3099283	1.9752478553558832	1.8020172689412898e-07	0.002462817001462061
/work/LAS/jernigan-lab/Ben/ProjectHIV/ProtGOs001/envelopeB62BlastOutUNI.tsv	GO:0070905	22	194899	83	3099283	4.214986730538283	1.9245846474214685e-07	0.002630329837630921
/work/LAS/jernigan-lab/Ben/ProjectHIV/ProtGOs001/envelopeB62BlastOutUNI.tsv	GO:0010863	16	194899	43	3099283	5.917021541389893	2.131230692904626e-07	0.002912752987992752
/work/LAS/jernigan-lab/Ben/ProjectHIV/ProtGOs001/envelopeB62BlastOutUNI.tsv	GO:0019064	83	194899	686	3099283	1.92400235798292	2.206246128905967e-07	0.003015276584375785
/work/LAS/jernigan-lab/Ben/ProjectHIV/ProtGOs001/envelopeB62BlastOutUNI.tsv	GO:0016607	156	194899	1567	3099283	1.5830959037828416	2.2574595885120455e-07	0.0030852700196194126
/work/LAS/jernigan-lab/Ben/ProjectHIV/ProtGOs001/envelopeB62BlastOutUNI.tsv	GO:0004825	66	194899	499	3099283	2.1032699316714076	2.386829926974362e-07	0.0032620804611958607
/work/LAS/jernigan-lab/Ben/ProjectHIV/ProtGOs001/envelopeB62BlastOutUNI.tsv	GO:0006431	66	194899	500	3099283	2.099063391808065	2.452749392781965e-07	0.0033521725951151113
/work/LAS/jernigan-lab/Ben/ProjectHIV/ProtGOs001/envelopeB62BlastOutUNI.tsv	GO:0045943	22	194899	85	3099283	4.115810572172676	2.724761861012744e-07	0.003723932035446117
/work/LAS/jernigan-lab/Ben/ProjectHIV/ProtGOs001/envelopeB62BlastOutUNI.tsv	GO:0017134	22	194899	85	3099283	4.115810572172676	2.724761861012744e-07	0.003723932035446117
/work/LAS/jernigan-lab/Ben/ProjectHIV/ProtGOs001/envelopeB62BlastOutUNI.tsv	GO:0060976	24	194899	101	3099283	3.7786919744519616	3.0725028236747796e-07	0.0041991896091163215
/work/LAS/jernigan-lab/Ben/ProjectHIV/ProtGOs001/envelopeB62BlastOutUNI.tsv	GO:0102265	14	194899	33	3099283	6.746301075599841	3.406078206296638e-07	0.004655087084545616
/work/LAS/jernigan-lab/Ben/ProjectHIV/ProtGOs001/envelopeB62BlastOutUNI.tsv	GO:0071438	14	194899	33	3099283	6.746301075599841	3.406078206296638e-07	0.004655087084545616
/work/LAS/jernigan-lab/Ben/ProjectHIV/ProtGOs001/envelopeB62BlastOutUNI.tsv	GO:0030127	36	194899	205	3099283	2.7925455323388886	3.4206773170309904e-07	0.004675039689186255
/work/LAS/jernigan-lab/Ben/ProjectHIV/ProtGOs001/envelopeB62BlastOutUNI.tsv	GO:0000123	27	194899	126	3099283	3.4075704412468584	3.474469781881732e-07	0.004748557850897763
/work/LAS/jernigan-lab/Ben/ProjectHIV/ProtGOs001/envelopeB62BlastOutUNI.tsv	GO:0008422	44	194899	280	3099283	2.498884990247696	3.5586559026309236e-07	0.004863615022125683
/work/LAS/jernigan-lab/Ben/ProjectHIV/ProtGOs001/envelopeB62BlastOutUNI.tsv	GO:0008409	58	194899	424	3099283	2.1752729546324283	3.5827755949289566e-07	0.004896579405589405
/work/LAS/jernigan-lab/Ben/ProjectHIV/ProtGOs001/envelopeB62BlastOutUNI.tsv	GO:0050071	15	194899	39	3099283	6.116152074032822	3.601778623293902e-07	0.0049225508444557765
/work/LAS/jernigan-lab/Ben/ProjectHIV/ProtGOs001/envelopeB62BlastOutUNI.tsv	GO:0031123	15	194899	39	3099283	6.116152074032822	3.601778623293902e-07	0.0049225508444557765
/work/LAS/jernigan-lab/Ben/ProjectHIV/ProtGOs001/envelopeB62BlastOutUNI.tsv	GO:2001205	11	194899	18	3099283	9.717886073185484	3.958519561685763e-07	0.005410108684955932
/work/LAS/jernigan-lab/Ben/ProjectHIV/ProtGOs001/envelopeB62BlastOutUNI.tsv	GO:0051897	63	194899	479	3099283	2.091494174794523	4.033049737965385e-07	0.005511969076877292
/work/LAS/jernigan-lab/Ben/ProjectHIV/ProtGOs001/envelopeB62BlastOutUNI.tsv	GO:0006909	51	194899	352	3099283	2.30398228697941	4.057656304291326e-07	0.005545598871074956
/work/LAS/jernigan-lab/Ben/ProjectHIV/ProtGOs001/envelopeB62BlastOutUNI.tsv	GO:0001514	30	194899	154	3099283	3.097791310224417	4.75733565389743e-07	0.006501850638181618
/work/LAS/jernigan-lab/Ben/ProjectHIV/ProtGOs001/envelopeB62BlastOutUNI.tsv	GO:0033785	35	194899	199	3099283	2.796833360487371	4.777105014501449e-07	0.006528869423319131
/work/LAS/jernigan-lab/Ben/ProjectHIV/ProtGOs001/envelopeB62BlastOutUNI.tsv	GO:0033786	35	194899	199	3099283	2.796833360487371	4.777105014501449e-07	0.006528869423319131
/work/LAS/jernigan-lab/Ben/ProjectHIV/ProtGOs001/envelopeB62BlastOutUNI.tsv	GO:0000956	25	194899	112	3099283	3.5495525429654773	4.831472570579799e-07	0.0066031735622114115
/work/LAS/jernigan-lab/Ben/ProjectHIV/ProtGOs001/envelopeB62BlastOutUNI.tsv	GO:0034511	24	194899	104	3099283	3.6696912444196936	4.843845170129784e-07	0.006620083194016376
/work/LAS/jernigan-lab/Ben/ProjectHIV/ProtGOs001/envelopeB62BlastOutUNI.tsv	GO:0046339	17	194899	53	3099283	5.100640031551901	5.07387662520321e-07	0.006934467183665228
/work/LAS/jernigan-lab/Ben/ProjectHIV/ProtGOs001/envelopeB62BlastOutUNI.tsv	GO:0045862	20	194899	74	3099283	4.297836592563605	5.237030656058302e-07	0.0071574497976348815
/work/LAS/jernigan-lab/Ben/ProjectHIV/ProtGOs001/envelopeB62BlastOutUNI.tsv	GO:0048471	265	194899	3013	3099283	1.3986155921037553	5.439628190662142e-07	0.007434339848177949
/work/LAS/jernigan-lab/Ben/ProjectHIV/ProtGOs001/envelopeB62BlastOutUNI.tsv	GO:0006511	160	194899	1643	3099283	1.5485814137538978	5.47434746501303e-07	0.007481790680433308
/work/LAS/jernigan-lab/Ben/ProjectHIV/ProtGOs001/envelopeB62BlastOutUNI.tsv	GO:0008542	34	194899	192	3099283	2.815978350752612	6.014694286559722e-07	0.008220282681441171
/work/LAS/jernigan-lab/Ben/ProjectHIV/ProtGOs001/envelopeB62BlastOutUNI.tsv	GO:0030056	14	194899	35	3099283	6.360798156994136	6.015844520262327e-07	0.008221854705842522
/work/LAS/jernigan-lab/Ben/ProjectHIV/ProtGOs001/envelopeB62BlastOutUNI.tsv	GO:0097264	15	194899	41	3099283	5.8178031923726845	6.041973093896929e-07	0.008257564627428934
/work/LAS/jernigan-lab/Ben/ProjectHIV/ProtGOs001/envelopeB62BlastOutUNI.tsv	GO:0035097	28	194899	139	3099283	3.2032796474071183	6.299685226263749e-07	0.008609779798734665
/work/LAS/jernigan-lab/Ben/ProjectHIV/ProtGOs001/envelopeB62BlastOutUNI.tsv	GO:0061630	125	194899	1206	3099283	1.6482167695362084	6.747805881996149e-07	0.009222226298924137
/work/LAS/jernigan-lab/Ben/ProjectHIV/ProtGOs001/envelopeB62BlastOutUNI.tsv	GO:0051959	22	194899	91	3099283	3.844438446534917	7.313492918600858e-07	0.009995350771851793
/work/LAS/jernigan-lab/Ben/ProjectHIV/ProtGOs001/envelopeB62BlastOutUNI.tsv	GO:1905887	13	194899	30	3099283	6.89086467007698	7.369640295832671e-07	0.010072087392314511
/work/LAS/jernigan-lab/Ben/ProjectHIV/ProtGOs001/envelopeB62BlastOutUNI.tsv	GO:0051056	33	194899	185	3099283	2.8365721510919792	7.563946479298369e-07	0.010337645653257082
/work/LAS/jernigan-lab/Ben/ProjectHIV/ProtGOs001/envelopeB62BlastOutUNI.tsv	GO:0098978	116	194899	1106	3099283	1.6678403847452976	8.022667925782062e-07	0.010964580254166344
/work/LAS/jernigan-lab/Ben/ProjectHIV/ProtGOs001/envelopeB62BlastOutUNI.tsv	GO:0010529	21	194899	84	3099283	3.9754988481213345	8.147233278969367e-07	0.011134823722367434
/work/LAS/jernigan-lab/Ben/ProjectHIV/ProtGOs001/envelopeB62BlastOutUNI.tsv	GO:0003684	222	194899	2457	3099283	1.4368103285029488	8.283261915556789e-07	0.011320734059991464
/work/LAS/jernigan-lab/Ben/ProjectHIV/ProtGOs001/envelopeB62BlastOutUNI.tsv	GO:0005044	30	194899	159	3099283	3.0003764891481772	8.527706545303086e-07	0.011654816535465727
/work/LAS/jernigan-lab/Ben/ProjectHIV/ProtGOs001/envelopeB62BlastOutUNI.tsv	GO:0031624	32	194899	177	3099283	2.8749370201103437	8.534988842084618e-07	0.011664769250477047
/work/LAS/jernigan-lab/Ben/ProjectHIV/ProtGOs001/envelopeB62BlastOutUNI.tsv	GO:0006468	186	194899	1990	3099283	1.4863171572875744	8.569775586924178e-07	0.011712312294649274
/work/LAS/jernigan-lab/Ben/ProjectHIV/ProtGOs001/envelopeB62BlastOutUNI.tsv	GO:0090502	24	194899	108	3099283	3.533776753885631	8.670326603968965e-07	0.011849735369644385
/work/LAS/jernigan-lab/Ben/ProjectHIV/ProtGOs001/envelopeB62BlastOutUNI.tsv	GO:0005643	60	194899	457	3099283	2.0877893294291474	8.676501182142603e-07	0.011858174165634295
/work/LAS/jernigan-lab/Ben/ProjectHIV/ProtGOs001/envelopeB62BlastOutUNI.tsv	GO:0015562	39	194899	243	3099283	2.552172100028511	8.903154245956815e-07	0.01216794090794918
/work/LAS/jernigan-lab/Ben/ProjectHIV/ProtGOs001/envelopeB62BlastOutUNI.tsv	GO:0046486	16	194899	49	3099283	5.192488291423784	8.960039000719705e-07	0.012245685302283621
/work/LAS/jernigan-lab/Ben/ProjectHIV/ProtGOs001/envelopeB62BlastOutUNI.tsv	GO:0004553	72	194899	591	3099283	1.9372989310642037	9.27991950724554e-07	0.012682865990552478
/work/LAS/jernigan-lab/Ben/ProjectHIV/ProtGOs001/envelopeB62BlastOutUNI.tsv	GO:0030239	19	194899	70	3099283	4.31625589224602	9.452496941571531e-07	0.012918727570045812
/work/LAS/jernigan-lab/Ben/ProjectHIV/ProtGOs001/envelopeB62BlastOutUNI.tsv	GO:0005096	122	194899	1181	3099283	1.642712479155979	9.506048642013481e-07	0.012991916679039825
/work/LAS/jernigan-lab/Ben/ProjectHIV/ProtGOs001/envelopeB62BlastOutUNI.tsv	GO:0016486	17	194899	56	3099283	4.827391458433049	9.600179575183432e-07	0.013120565425403198
/work/LAS/jernigan-lab/Ben/ProjectHIV/ProtGOs001/envelopeB62BlastOutUNI.tsv	GO:0006298	149	194899	1519	3099283	1.559840232705935	9.640368035668791e-07	0.013175490994348537
/work/LAS/jernigan-lab/Ben/ProjectHIV/ProtGOs001/envelopeB62BlastOutUNI.tsv	GO:0016572	18	194899	63	3099283	4.5434272549958115	9.728648196499182e-07	0.013296143490155432
/work/LAS/jernigan-lab/Ben/ProjectHIV/ProtGOs001/envelopeB62BlastOutUNI.tsv	GO:0050681	22	194899	93	3099283	3.76176235091051	9.989170282534024e-07	0.01365219902513925
/work/LAS/jernigan-lab/Ben/ProjectHIV/ProtGOs001/envelopeB62BlastOutUNI.tsv	GO:0070330	38	194899	235	3099283	2.571386488997629	1.0573683849139705e-06	0.014451053716619235
/work/LAS/jernigan-lab/Ben/ProjectHIV/ProtGOs001/envelopeB62BlastOutUNI.tsv	GO:0005905	42	194899	274	3099283	2.437532140453957	1.0617202784622881e-06	0.014510531045744093
/work/LAS/jernigan-lab/Ben/ProjectHIV/ProtGOs001/envelopeB62BlastOutUNI.tsv	GO:0001843	41	194899	263	3099283	2.479018293125091	1.0657138080881045e-06	0.014565110615140124
/work/LAS/jernigan-lab/Ben/ProjectHIV/ProtGOs001/envelopeB62BlastOutUNI.tsv	GO:0001227	100	194899	919	3099283	1.7303585846012337	1.071967174816941e-06	0.014650575378223134
/work/LAS/jernigan-lab/Ben/ProjectHIV/ProtGOs001/envelopeB62BlastOutUNI.tsv	GO:0051425	10	194899	16	3099283	9.938747120303336	1.1567448863620817e-06	0.01580923236191057
/work/LAS/jernigan-lab/Ben/ProjectHIV/ProtGOs001/envelopeB62BlastOutUNI.tsv	GO:0043139	22	194899	94	3099283	3.7217436024965687	1.1638656425843541e-06	0.015906551737200368
/work/LAS/jernigan-lab/Ben/ProjectHIV/ProtGOs001/envelopeB62BlastOutUNI.tsv	GO:0009420	22	194899	94	3099283	3.7217436024965687	1.1638656425843541e-06	0.015906551737200368
/work/LAS/jernigan-lab/Ben/ProjectHIV/ProtGOs001/envelopeB62BlastOutUNI.tsv	GO:0007276	23	194899	102	3099283	3.5857440590898313	1.1691822788380119e-06	0.01597921420487911
/work/LAS/jernigan-lab/Ben/ProjectHIV/ProtGOs001/envelopeB62BlastOutUNI.tsv	GO:0052723	11	194899	21	3099283	8.329616634158986	1.250601281168311e-06	0.017091967709727308
/work/LAS/jernigan-lab/Ben/ProjectHIV/ProtGOs001/envelopeB62BlastOutUNI.tsv	GO:0052724	11	194899	21	3099283	8.329616634158986	1.250601281168311e-06	0.017091967709727308
/work/LAS/jernigan-lab/Ben/ProjectHIV/ProtGOs001/envelopeB62BlastOutUNI.tsv	GO:0090556	8	194899	8	3099283	15.901995392485338	1.2557973712391917e-06	0.017162982672726035
/work/LAS/jernigan-lab/Ben/ProjectHIV/ProtGOs001/envelopeB62BlastOutUNI.tsv	GO:0002068	8	194899	8	3099283	15.901995392485338	1.2557973712391917e-06	0.017162982672726035
/work/LAS/jernigan-lab/Ben/ProjectHIV/ProtGOs001/envelopeB62BlastOutUNI.tsv	GO:0000287	1861	194899	26285	3099283	1.1258745834283894	1.2669943003708532e-06	0.017316011103168452
/work/LAS/jernigan-lab/Ben/ProjectHIV/ProtGOs001/envelopeB62BlastOutUNI.tsv	GO:0039724	13	194899	32	3099283	6.460185628197169	1.3153005232575012e-06	0.017976212251360268
/work/LAS/jernigan-lab/Ben/ProjectHIV/ProtGOs001/envelopeB62BlastOutUNI.tsv	GO:0004534	21	194899	87	3099283	3.838412680944737	1.3211715579682618e-06	0.018056451682752234
/work/LAS/jernigan-lab/Ben/ProjectHIV/ProtGOs001/envelopeB62BlastOutUNI.tsv	GO:0003994	21	194899	87	3099283	3.838412680944737	1.3211715579682618e-06	0.018056451682752234
/work/LAS/jernigan-lab/Ben/ProjectHIV/ProtGOs001/envelopeB62BlastOutUNI.tsv	GO:0032508	40	194899	255	3099283	2.4944306498016218	1.341788338992953e-06	0.01833822122901669
/work/LAS/jernigan-lab/Ben/ProjectHIV/ProtGOs001/envelopeB62BlastOutUNI.tsv	GO:0034663	19	194899	72	3099283	4.196359895239187	1.3509770930609062e-06	0.018463803930863405
/work/LAS/jernigan-lab/Ben/ProjectHIV/ProtGOs001/envelopeB62BlastOutUNI.tsv	GO:0010710	9	194899	12	3099283	11.926496544364005	1.357245184224904e-06	0.018549469932801765
/work/LAS/jernigan-lab/Ben/ProjectHIV/ProtGOs001/envelopeB62BlastOutUNI.tsv	GO:0006338	79	194899	678	3099283	1.852887368740917	1.4345791573818313e-06	0.01960639334393749
/work/LAS/jernigan-lab/Ben/ProjectHIV/ProtGOs001/envelopeB62BlastOutUNI.tsv	GO:0032880	48	194899	339	3099283	2.25160996707757	1.465571716115025e-06	0.020029968644144046
/work/LAS/jernigan-lab/Ben/ProjectHIV/ProtGOs001/envelopeB62BlastOutUNI.tsv	GO:0070008	12	194899	27	3099283	7.067553507771262	1.591481489366278e-06	0.02175077751516892
/work/LAS/jernigan-lab/Ben/ProjectHIV/ProtGOs001/envelopeB62BlastOutUNI.tsv	GO:0033644	98	194899	902	3099283	1.727711251068252	1.6295863775835935e-06	0.02227155702243497
/work/LAS/jernigan-lab/Ben/ProjectHIV/ProtGOs001/envelopeB62BlastOutUNI.tsv	GO:0071404	20	194899	81	3099283	3.926418615428479	1.7352523893501426e-06	0.0237156944052484
/work/LAS/jernigan-lab/Ben/ProjectHIV/ProtGOs001/envelopeB62BlastOutUNI.tsv	GO:0007275	295	194899	3472	3099283	1.3511200002255688	1.7985952886282478e-06	0.02458140180968226
/work/LAS/jernigan-lab/Ben/ProjectHIV/ProtGOs001/envelopeB62BlastOutUNI.tsv	GO:0046653	25	194899	122	3099283	3.258605613214209	1.8681871265407933e-06	0.025532513458433024
/work/LAS/jernigan-lab/Ben/ProjectHIV/ProtGOs001/envelopeB62BlastOutUNI.tsv	GO:0008948	46	194899	319	3099283	2.2930777054994533	1.8754982424687619e-06	0.025632434479820568
/work/LAS/jernigan-lab/Ben/ProjectHIV/ProtGOs001/envelopeB62BlastOutUNI.tsv	GO:0008203	57	194899	435	3099283	2.0837097410842857	1.949660955218803e-06	0.02664601627497538
/work/LAS/jernigan-lab/Ben/ProjectHIV/ProtGOs001/envelopeB62BlastOutUNI.tsv	GO:0038083	27	194899	140	3099283	3.0668133971221723	2.03920988881346e-06	0.02786988155041356
/work/LAS/jernigan-lab/Ben/ProjectHIV/ProtGOs001/envelopeB62BlastOutUNI.tsv	GO:0043124	27	194899	140	3099283	3.0668133971221723	2.03920988881346e-06	0.02786988155041356
/work/LAS/jernigan-lab/Ben/ProjectHIV/ProtGOs001/envelopeB62BlastOutUNI.tsv	GO:0001223	18	194899	67	3099283	4.272177866637852	2.0465931931498454e-06	0.02797078917077894
/work/LAS/jernigan-lab/Ben/ProjectHIV/ProtGOs001/envelopeB62BlastOutUNI.tsv	GO:0006565	22	194899	98	3099283	3.5698357003538517	2.1034224424589232e-06	0.028747474521086103
/work/LAS/jernigan-lab/Ben/ProjectHIV/ProtGOs001/envelopeB62BlastOutUNI.tsv	GO:0048763	9	194899	13	3099283	11.009073733259081	2.1754395642154906e-06	0.02973173252413311
/work/LAS/jernigan-lab/Ben/ProjectHIV/ProtGOs001/envelopeB62BlastOutUNI.tsv	GO:0150003	9	194899	13	3099283	11.009073733259081	2.1754395642154906e-06	0.02973173252413311
/work/LAS/jernigan-lab/Ben/ProjectHIV/ProtGOs001/envelopeB62BlastOutUNI.tsv	GO:0080182	19	194899	75	3099283	4.028505499429619	2.2598830935892733e-06	0.0308858222400846
/work/LAS/jernigan-lab/Ben/ProjectHIV/ProtGOs001/envelopeB62BlastOutUNI.tsv	GO:0005041	13	194899	34	3099283	6.080174708891453	2.2664712392326323e-06	0.030975862426592386
/work/LAS/jernigan-lab/Ben/ProjectHIV/ProtGOs001/envelopeB62BlastOutUNI.tsv	GO:0004614	18	194899	68	3099283	4.209351721540236	2.4451844009591717e-06	0.033418335207909
/work/LAS/jernigan-lab/Ben/ProjectHIV/ProtGOs001/envelopeB62BlastOutUNI.tsv	GO:0000827	11	194899	23	3099283	7.605302144232119	2.483074579144123e-06	0.033936180273162725
/work/LAS/jernigan-lab/Ben/ProjectHIV/ProtGOs001/envelopeB62BlastOutUNI.tsv	GO:0004666	10	194899	18	3099283	8.834441884714076	2.561088714448159e-06	0.03500239946036299
/work/LAS/jernigan-lab/Ben/ProjectHIV/ProtGOs001/envelopeB62BlastOutUNI.tsv	GO:0030518	16	194899	54	3099283	4.711702338514175	2.5840816228263293e-06	0.03531664353916744
/work/LAS/jernigan-lab/Ben/ProjectHIV/ProtGOs001/envelopeB62BlastOutUNI.tsv	GO:0004587	16	194899	54	3099283	4.711702338514175	2.5840816228263293e-06	0.03531664353916744
/work/LAS/jernigan-lab/Ben/ProjectHIV/ProtGOs001/envelopeB62BlastOutUNI.tsv	GO:0050155	16	194899	54	3099283	4.711702338514175	2.5840816228263293e-06	0.03531664353916744
/work/LAS/jernigan-lab/Ben/ProjectHIV/ProtGOs001/envelopeB62BlastOutUNI.tsv	GO:0016459	46	194899	326	3099283	2.2438398406574405	2.669915464694623e-06	0.03648973465598142
/work/LAS/jernigan-lab/Ben/ProjectHIV/ProtGOs001/envelopeB62BlastOutUNI.tsv	GO:0009791	45	194899	314	3099283	2.2789483842733764	2.7430186299542952e-06	0.03748883561558535
/work/LAS/jernigan-lab/Ben/ProjectHIV/ProtGOs001/envelopeB62BlastOutUNI.tsv	GO:0030324	49	194899	358	3099283	2.1765300956195017	2.751393158851422e-06	0.037603290302022384
/work/LAS/jernigan-lab/Ben/ProjectHIV/ProtGOs001/envelopeB62BlastOutUNI.tsv	GO:0003279	14	194899	41	3099283	5.429949646214506	2.7690532185417684e-06	0.03784465033781035
/work/LAS/jernigan-lab/Ben/ProjectHIV/ProtGOs001/envelopeB62BlastOutUNI.tsv	GO:0035904	18	194899	69	3099283	4.14834662412661	2.912584465412501e-06	0.03980629188879265
/work/LAS/jernigan-lab/Ben/ProjectHIV/ProtGOs001/envelopeB62BlastOutUNI.tsv	GO:0016322	18	194899	69	3099283	4.14834662412661	2.912584465412501e-06	0.03980629188879265
/work/LAS/jernigan-lab/Ben/ProjectHIV/ProtGOs001/envelopeB62BlastOutUNI.tsv	GO:0005262	38	194899	245	3099283	2.4664319384262976	3.012094349112785e-06	0.04116629346932443
/work/LAS/jernigan-lab/Ben/ProjectHIV/ProtGOs001/envelopeB62BlastOutUNI.tsv	GO:0042632	51	194899	380	3099283	2.1342151710967165	3.0772412592100432e-06	0.04205665628962366
/work/LAS/jernigan-lab/Ben/ProjectHIV/ProtGOs001/envelopeB62BlastOutUNI.tsv	GO:0006213	17	194899	62	3099283	4.360224543100818	3.088070934378879e-06	0.04220466546015614
/work/LAS/jernigan-lab/Ben/ProjectHIV/ProtGOs001/envelopeB62BlastOutUNI.tsv	GO:0016342	23	194899	109	3099283	3.3554669176803924	3.091444652281344e-06	0.04225077406272913
/work/LAS/jernigan-lab/Ben/ProjectHIV/ProtGOs001/envelopeB62BlastOutUNI.tsv	GO:1990404	16	194899	55	3099283	4.626035023268462	3.1524653629714555e-06	0.043084744115730884
/work/LAS/jernigan-lab/Ben/ProjectHIV/ProtGOs001/envelopeB62BlastOutUNI.tsv	GO:0019899	140	194899	1440	3099283	1.5460273298249634	3.1850265659455633e-06	0.043529758076778016
/work/LAS/jernigan-lab/Ben/ProjectHIV/ProtGOs001/envelopeB62BlastOutUNI.tsv	GO:1900229	9	194899	14	3099283	10.222711323740574	3.3851002535807355e-06	0.04626416516568791
/work/LAS/jernigan-lab/Ben/ProjectHIV/ProtGOs001/envelopeB62BlastOutUNI.tsv	GO:0004674	320	194899	3841	3099283	1.324821277166183	3.443745976250454e-06	0.04706567625741496
/work/LAS/jernigan-lab/Ben/ProjectHIV/ProtGOs001/envelopeB62BlastOutUNI.tsv	GO:0001653	18	194899	70	3099283	4.08908452949623	3.4591241218394298e-06	0.04727584937317949
/work/LAS/jernigan-lab/Ben/ProjectHIV/ProtGOs001/envelopeB62BlastOutUNI.tsv	GO:0005681	86	194899	779	3099283	1.755547629979126	3.463846446226035e-06	0.04734038938057122