/work/LAS/jernigan-lab/Ben/ProjectHIV/ProtGOs001/envelopeB62BlastOutUNI.tsv	GO:0039505	45	717	50	3099283	3890.313389121339	2.8117669444101578e-136	7.872947444348442e-135
/work/LAS/jernigan-lab/Ben/ProjectHIV/ProtGOs001/envelopeB62BlastOutUNI.tsv	GO:0046776	45	717	61	3099283	3188.7814664929006	1.8646214458122794e-133	5.2209400482743824e-132
/work/LAS/jernigan-lab/Ben/ProjectHIV/ProtGOs001/envelopeB62BlastOutUNI.tsv	GO:0039504	45	717	90	3099283	2161.2852161785218	1.4847882148626804e-127	4.1574070016155054e-126
/work/LAS/jernigan-lab/Ben/ProjectHIV/ProtGOs001/envelopeB62BlastOutUNI.tsv	GO:0020002	70	717	2048	3099283	147.74410657470364	9.155668684293744e-122	2.5635872316022484e-120
/work/LAS/jernigan-lab/Ben/ProjectHIV/ProtGOs001/envelopeB62BlastOutUNI.tsv	GO:0039521	45	717	176	3099283	1105.2026673640166	2.0482716835493222e-116	5.735160713938102e-115
/work/LAS/jernigan-lab/Ben/ProjectHIV/ProtGOs001/envelopeB62BlastOutUNI.tsv	GO:0017124	47	717	517	3099283	392.96094839609486	5.899394102776251e-102	1.6518303487773503e-100
/work/LAS/jernigan-lab/Ben/ProjectHIV/ProtGOs001/envelopeB62BlastOutUNI.tsv	GO:0044178	45	717	435	3099283	447.16245851969416	4.0623694966963453e-100	1.1374634590749767e-98
/work/LAS/jernigan-lab/Ben/ProjectHIV/ProtGOs001/envelopeB62BlastOutUNI.tsv	GO:0009405	70	717	6711	3099283	45.08715992623946	1.5003057464498883e-86	4.200856090059687e-85
/work/LAS/jernigan-lab/Ben/ProjectHIV/ProtGOs001/envelopeB62BlastOutUNI.tsv	GO:0016020	70	717	8665	3099283	34.91978421984916	4.974378979864552e-79	1.3928261143620746e-77
/work/LAS/jernigan-lab/Ben/ProjectHIV/ProtGOs001/envelopeB62BlastOutUNI.tsv	GO:0019012	47	717	1825	3099283	111.32099195659235	5.3116947766217e-77	1.487274537454076e-75
/work/LAS/jernigan-lab/Ben/ProjectHIV/ProtGOs001/envelopeB62BlastOutUNI.tsv	GO:0005525	70	717	14627	3099283	20.686397092021128	8.261728917166979e-64	2.313284096806754e-62
/work/LAS/jernigan-lab/Ben/ProjectHIV/ProtGOs001/envelopeB62BlastOutUNI.tsv	GO:0030683	25	717	275	3099283	392.96094839609486	3.644941992238949e-55	1.0205837578269057e-53
/work/LAS/jernigan-lab/Ben/ProjectHIV/ProtGOs001/envelopeB62BlastOutUNI.tsv	GO:0005576	47	717	26355	3099283	7.708624941027548	2.6298136364703527e-25	7.363478182116987e-24
/work/LAS/jernigan-lab/Ben/ProjectHIV/ProtGOs001/envelopeB62BlastOutUNI.tsv	GO:0052085	4	717	6	3099283	2881.713621571362	6.087047184388359e-13	1.7043732116287405e-11
/work/LAS/jernigan-lab/Ben/ProjectHIV/ProtGOs001/envelopeB62BlastOutUNI.tsv	GO:0045225	4	717	7	3099283	2470.0402470611675	9.563577726083035e-13	2.6778017633032498e-11
/work/LAS/jernigan-lab/Ben/ProjectHIV/ProtGOs001/envelopeB62BlastOutUNI.tsv	GO:0031996	4	717	40	3099283	432.2570432357043	3.910023906180382e-10	1.0948066937305071e-08
/work/LAS/jernigan-lab/Ben/ProjectHIV/ProtGOs001/envelopeB62BlastOutUNI.tsv	GO:0050848	4	717	56	3099283	308.75503088264594	1.400351047236875e-09	3.92098293226325e-08
/work/LAS/jernigan-lab/Ben/ProjectHIV/ProtGOs001/envelopeB62BlastOutUNI.tsv	GO:0042288	4	717	63	3099283	274.44891634012976	2.198247897858581e-09	6.155094114004027e-08
/work/LAS/jernigan-lab/Ben/ProjectHIV/ProtGOs001/envelopeB62BlastOutUNI.tsv	GO:0042609	4	717	76	3099283	227.50370696616017	4.5249683240351586e-09	1.2669911307298444e-07
/work/LAS/jernigan-lab/Ben/ProjectHIV/ProtGOs001/envelopeB62BlastOutUNI.tsv	GO:0019058	4	717	182	3099283	95.00154796389106	1.35424554315287e-07	3.7918875208280362e-06
/work/LAS/jernigan-lab/Ben/ProjectHIV/ProtGOs001/envelopeB62BlastOutUNI.tsv	GO:0051117	4	717	428	3099283	40.39785450800975	3.835056158727867e-06	0.00010738157244438026
/work/LAS/jernigan-lab/Ben/ProjectHIV/ProtGOs001/envelopeB62BlastOutUNI.tsv	GO:0005102	4	717	1483	3099283	11.658989702918525	0.0004473690084411882	0.01252633223635327
/work/LAS/jernigan-lab/Ben/ProjectHIV/ProtGOs001/envelopeB62BlastOutUNI.tsv	GO:0043946	1	717	1	3099283	4322.5704323570435	0.0004631719423669724	0.012968814386275227
/work/LAS/jernigan-lab/Ben/ProjectHIV/ProtGOs001/envelopeB62BlastOutUNI.tsv	GO:0019901	4	717	1892	3099283	9.138626706885926	0.0010977868080242	0.0307380306246776
/work/LAS/jernigan-lab/Ben/ProjectHIV/ProtGOs001/envelopeB62BlastOutUNI.tsv	GO:0044220	2	717	241	3099283	35.871953795494136	0.0015217802917101017	0.04260984816788285