/work/LAS/jernigan-lab/Ben/ProjectHIV/ProtGOs001/envelopeB62BlastOutUNI.tsv	GO:0044196	64	5244	316	3099283	119.6992536376715	1.1725858317194309e-104	1.9453198948225358e-101
/work/LAS/jernigan-lab/Ben/ProjectHIV/ProtGOs001/envelopeB62BlastOutUNI.tsv	GO:0051028	64	5244	793	3099283	47.69856765385144	5.263677798165775e-81	8.73244146715702e-78
/work/LAS/jernigan-lab/Ben/ProjectHIV/ProtGOs001/envelopeB62BlastOutUNI.tsv	GO:0030430	72	5244	2716	3099283	15.667556947051628	3.0791819513899297e-58	5.108362857355894e-55
/work/LAS/jernigan-lab/Ben/ProjectHIV/ProtGOs001/envelopeB62BlastOutUNI.tsv	GO:0016032	53	5244	1152	3099283	27.190797253739724	3.1872026463824498e-55	5.287569190348484e-52
/work/LAS/jernigan-lab/Ben/ProjectHIV/ProtGOs001/envelopeB62BlastOutUNI.tsv	GO:0003700	69	5244	8446	3099283	4.828325772399267	3.647143428335627e-25	6.050610947608805e-22
/work/LAS/jernigan-lab/Ben/ProjectHIV/ProtGOs001/envelopeB62BlastOutUNI.tsv	GO:0003723	102	5244	18668	3099283	3.229244515388489	4.7006583941655386e-23	7.798392275920628e-20
/work/LAS/jernigan-lab/Ben/ProjectHIV/ProtGOs001/envelopeB62BlastOutUNI.tsv	GO:0003968	25	5244	1027	3099283	14.386929523758594	1.6822660176913742e-20	2.79087932334999e-17
/work/LAS/jernigan-lab/Ben/ProjectHIV/ProtGOs001/envelopeB62BlastOutUNI.tsv	GO:0005260	11	5244	42	3099283	154.7896598380008	2.309721481404309e-20	3.831827937649749e-17
/work/LAS/jernigan-lab/Ben/ProjectHIV/ProtGOs001/envelopeB62BlastOutUNI.tsv	GO:0051454	11	5244	54	3099283	120.3919576517784	2.662170980734691e-19	4.4165416570388523e-16
/work/LAS/jernigan-lab/Ben/ProjectHIV/ProtGOs001/envelopeB62BlastOutUNI.tsv	GO:0035377	11	5244	55	3099283	118.2030129672006	3.1896504020339065e-19	5.291630016974251e-16
/work/LAS/jernigan-lab/Ben/ProjectHIV/ProtGOs001/envelopeB62BlastOutUNI.tsv	GO:0019869	11	5244	68	3099283	95.60537813523578	2.6300667257745477e-18	4.363280698059975e-15
/work/LAS/jernigan-lab/Ben/ProjectHIV/ProtGOs001/envelopeB62BlastOutUNI.tsv	GO:0039694	22	5244	935	3099283	13.90623681967066	6.234921861382333e-18	1.034373536803329e-14
/work/LAS/jernigan-lab/Ben/ProjectHIV/ProtGOs001/envelopeB62BlastOutUNI.tsv	GO:0060081	11	5244	80	3099283	81.26457141495042	1.3519135426106212e-17	2.2428245671910205e-14
/work/LAS/jernigan-lab/Ben/ProjectHIV/ProtGOs001/envelopeB62BlastOutUNI.tsv	GO:0015106	11	5244	90	3099283	72.23517459106704	4.470436958297637e-17	7.41645491381578e-14
/work/LAS/jernigan-lab/Ben/ProjectHIV/ProtGOs001/envelopeB62BlastOutUNI.tsv	GO:1904322	11	5244	94	3099283	69.16133737442588	6.964255803366237e-17	1.1553700377784588e-13
/work/LAS/jernigan-lab/Ben/ProjectHIV/ProtGOs001/envelopeB62BlastOutUNI.tsv	GO:0050891	11	5244	99	3099283	65.66834053733368	1.1825255489542476e-16	1.9618098857150968e-13
/work/LAS/jernigan-lab/Ben/ProjectHIV/ProtGOs001/envelopeB62BlastOutUNI.tsv	GO:0015108	11	5244	103	3099283	63.11811372034984	1.773703650810423e-16	2.9425743566944914e-13
/work/LAS/jernigan-lab/Ben/ProjectHIV/ProtGOs001/envelopeB62BlastOutUNI.tsv	GO:0015701	11	5244	108	3099283	60.1959788258892	2.88368032141301e-16	4.784025653224183e-13
/work/LAS/jernigan-lab/Ben/ProjectHIV/ProtGOs001/envelopeB62BlastOutUNI.tsv	GO:0035596	18	5244	643	3099283	16.54474520536245	3.310200874592737e-16	5.491623250949351e-13
/work/LAS/jernigan-lab/Ben/ProjectHIV/ProtGOs001/envelopeB62BlastOutUNI.tsv	GO:0044176	8	5244	25	3099283	189.12482074752097	8.922648893006434e-16	1.4802674513497674e-12
/work/LAS/jernigan-lab/Ben/ProjectHIV/ProtGOs001/envelopeB62BlastOutUNI.tsv	GO:0044220	13	5244	241	3099283	31.880480675800996	1.366390635333574e-15	2.266842064018399e-12
/work/LAS/jernigan-lab/Ben/ProjectHIV/ProtGOs001/envelopeB62BlastOutUNI.tsv	GO:0048240	11	5244	131	3099283	49.62721918470255	2.1037445660791938e-15	3.4901122351253826e-12
/work/LAS/jernigan-lab/Ben/ProjectHIV/ProtGOs001/envelopeB62BlastOutUNI.tsv	GO:0003724	26	5244	1900	3099283	8.087574571440042	2.1059731889366045e-15	3.493809520445827e-12
/work/LAS/jernigan-lab/Ben/ProjectHIV/ProtGOs001/envelopeB62BlastOutUNI.tsv	GO:0039547	9	5244	58	3099283	91.70923419869013	4.41936293414988e-15	7.33172310775465e-12
/work/LAS/jernigan-lab/Ben/ProjectHIV/ProtGOs001/envelopeB62BlastOutUNI.tsv	GO:0071320	12	5244	241	3099283	29.428136008431686	4.1397514372520666e-14	6.867847634401179e-11
/work/LAS/jernigan-lab/Ben/ProjectHIV/ProtGOs001/envelopeB62BlastOutUNI.tsv	GO:0039520	12	5244	272	3099283	26.07419403688249	1.6258245435550647e-13	2.6972429177578525e-10
/work/LAS/jernigan-lab/Ben/ProjectHIV/ProtGOs001/envelopeB62BlastOutUNI.tsv	GO:0004651	8	5244	62	3099283	76.26000836593587	5.738469406330651e-13	9.52012074510255e-10
/work/LAS/jernigan-lab/Ben/ProjectHIV/ProtGOs001/envelopeB62BlastOutUNI.tsv	GO:0020002	24	5244	2048	3099283	6.925957791046911	6.105121894472768e-13	1.0128397222930323e-09
/work/LAS/jernigan-lab/Ben/ProjectHIV/ProtGOs001/envelopeB62BlastOutUNI.tsv	GO:1902476	11	5244	237	3099283	27.43107895863305	9.778117910489767e-13	1.6221897613502523e-09
/work/LAS/jernigan-lab/Ben/ProjectHIV/ProtGOs001/envelopeB62BlastOutUNI.tsv	GO:0044162	9	5244	123	3099283	43.245004744097784	2.375246359861311e-12	3.940533711009915e-09
/work/LAS/jernigan-lab/Ben/ProjectHIV/ProtGOs001/envelopeB62BlastOutUNI.tsv	GO:0005254	11	5244	263	3099283	24.71926126690507	2.873746873127133e-12	4.767546062517914e-09
/work/LAS/jernigan-lab/Ben/ProjectHIV/ProtGOs001/envelopeB62BlastOutUNI.tsv	GO:0004652	9	5244	131	3099283	40.604088423847536	4.050183825467905e-12	6.719254966451254e-09
/work/LAS/jernigan-lab/Ben/ProjectHIV/ProtGOs001/envelopeB62BlastOutUNI.tsv	GO:0006370	11	5244	293	3099283	22.1882788846281	8.779069528659799e-12	1.4564476348046606e-08
/work/LAS/jernigan-lab/Ben/ProjectHIV/ProtGOs001/envelopeB62BlastOutUNI.tsv	GO:0039563	9	5244	146	3099283	36.43243550358923	1.0154117430693789e-11	1.6845680817520997e-08
/work/LAS/jernigan-lab/Ben/ProjectHIV/ProtGOs001/envelopeB62BlastOutUNI.tsv	GO:0034707	11	5244	310	3099283	20.971502300632366	1.5711740189668985e-11	2.6065776974660846e-08
/work/LAS/jernigan-lab/Ben/ProjectHIV/ProtGOs001/envelopeB62BlastOutUNI.tsv	GO:0055038	11	5244	361	3099283	18.008769288631672	7.52987611009722e-11	1.2492064466651288e-07
/work/LAS/jernigan-lab/Ben/ProjectHIV/ProtGOs001/envelopeB62BlastOutUNI.tsv	GO:0039502	14	5244	731	3099283	11.319029969499374	8.15648661062735e-11	1.3531611287030772e-07
/work/LAS/jernigan-lab/Ben/ProjectHIV/ProtGOs001/envelopeB62BlastOutUNI.tsv	GO:0008174	8	5244	133	3099283	35.54977833600018	1.7294257847337093e-10	2.8691173768732236e-07
/work/LAS/jernigan-lab/Ben/ProjectHIV/ProtGOs001/envelopeB62BlastOutUNI.tsv	GO:0044186	6	5244	44	3099283	80.59296338672769	3.4767750651624164e-10	5.767969833104449e-07
/work/LAS/jernigan-lab/Ben/ProjectHIV/ProtGOs001/envelopeB62BlastOutUNI.tsv	GO:0035598	5	5244	17	3099283	173.82796024588325	3.545556959266076e-10	5.88207899542242e-07
/work/LAS/jernigan-lab/Ben/ProjectHIV/ProtGOs001/envelopeB62BlastOutUNI.tsv	GO:0044191	6	5244	47	3099283	75.44873168119187	5.001152952641677e-10	8.296912748432543e-07
/work/LAS/jernigan-lab/Ben/ProjectHIV/ProtGOs001/envelopeB62BlastOutUNI.tsv	GO:0061712	5	5244	20	3099283	147.75376620900076	7.123139424257171e-10	1.1817288304842646e-06
/work/LAS/jernigan-lab/Ben/ProjectHIV/ProtGOs001/envelopeB62BlastOutUNI.tsv	GO:0034976	11	5244	453	3099283	14.35135919027822	7.650728479903275e-10	1.2692558548159532e-06
/work/LAS/jernigan-lab/Ben/ProjectHIV/ProtGOs001/envelopeB62BlastOutUNI.tsv	GO:0005432	5	5244	21	3099283	140.71787258000072	8.806706875429324e-10	1.4610326706337249e-06
/work/LAS/jernigan-lab/Ben/ProjectHIV/ProtGOs001/envelopeB62BlastOutUNI.tsv	GO:0019087	6	5244	53	3099283	66.90736583049092	9.73056412688408e-10	1.614300588650069e-06
/work/LAS/jernigan-lab/Ben/ProjectHIV/ProtGOs001/envelopeB62BlastOutUNI.tsv	GO:0042626	14	5244	933	3099283	8.868393255845705	1.7529011429481457e-09	2.9080629961509736e-06
/work/LAS/jernigan-lab/Ben/ProjectHIV/ProtGOs001/envelopeB62BlastOutUNI.tsv	GO:0004197	13	5244	885	3099283	8.681577223579707	8.414596232023192e-09	1.3959815148926475e-05
/work/LAS/jernigan-lab/Ben/ProjectHIV/ProtGOs001/envelopeB62BlastOutUNI.tsv	GO:0019062	15	5244	1284	3099283	6.904381598551438	1.2441179579989715e-08	2.0639916923202936e-05
/work/LAS/jernigan-lab/Ben/ProjectHIV/ProtGOs001/envelopeB62BlastOutUNI.tsv	GO:0039523	9	5244	341	3099283	15.59863807485052	1.3164865059099938e-08	2.1840511133046798e-05
/work/LAS/jernigan-lab/Ben/ProjectHIV/ProtGOs001/envelopeB62BlastOutUNI.tsv	GO:0031901	11	5244	626	3099283	10.385248743124654	1.975856872426979e-08	3.277946551356358e-05
/work/LAS/jernigan-lab/Ben/ProjectHIV/ProtGOs001/envelopeB62BlastOutUNI.tsv	GO:0019082	7	5244	170	3099283	24.335914434423653	2.9380088153652638e-08	4.8741566246909726e-05
/work/LAS/jernigan-lab/Ben/ProjectHIV/ProtGOs001/envelopeB62BlastOutUNI.tsv	GO:0033362	6	5244	100	3099283	35.46090389016018	3.44176727674709e-08	5.709891912123423e-05
/work/LAS/jernigan-lab/Ben/ProjectHIV/ProtGOs001/envelopeB62BlastOutUNI.tsv	GO:0010285	6	5244	102	3099283	34.76559204917665	3.849561280819144e-08	6.38642216487896e-05
/work/LAS/jernigan-lab/Ben/ProjectHIV/ProtGOs001/envelopeB62BlastOutUNI.tsv	GO:0016206	4	5244	16	3099283	147.75376620900076	3.867123871944662e-08	6.415558503556193e-05
/work/LAS/jernigan-lab/Ben/ProjectHIV/ProtGOs001/envelopeB62BlastOutUNI.tsv	GO:0102084	4	5244	16	3099283	147.75376620900076	3.867123871944662e-08	6.415558503556193e-05
/work/LAS/jernigan-lab/Ben/ProjectHIV/ProtGOs001/envelopeB62BlastOutUNI.tsv	GO:0102938	4	5244	16	3099283	147.75376620900076	3.867123871944662e-08	6.415558503556193e-05
/work/LAS/jernigan-lab/Ben/ProjectHIV/ProtGOs001/envelopeB62BlastOutUNI.tsv	GO:0042424	4	5244	18	3099283	131.33668107466735	5.822829595730221e-08	9.660074299316437e-05
/work/LAS/jernigan-lab/Ben/ProjectHIV/ProtGOs001/envelopeB62BlastOutUNI.tsv	GO:0015424	8	5244	289	3099283	16.360278611377247	5.904297634247736e-08	9.795229775216994e-05
/work/LAS/jernigan-lab/Ben/ProjectHIV/ProtGOs001/envelopeB62BlastOutUNI.tsv	GO:0039645	7	5244	195	3099283	21.21592540436934	7.247946845072042e-08	0.00012024343815974517
/work/LAS/jernigan-lab/Ben/ProjectHIV/ProtGOs001/envelopeB62BlastOutUNI.tsv	GO:0015821	7	5244	198	3099283	20.894471989151622	8.012845928759208e-08	0.00013293311395811525
/work/LAS/jernigan-lab/Ben/ProjectHIV/ProtGOs001/envelopeB62BlastOutUNI.tsv	GO:0050668	3	5244	3	3099283	591.015064836003	9.61335409150687e-08	0.00015948554437809898
/work/LAS/jernigan-lab/Ben/ProjectHIV/ProtGOs001/envelopeB62BlastOutUNI.tsv	GO:0039595	5	5244	61	3099283	48.44385777344287	1.1309681882954623e-07	0.0001876276224382172
/work/LAS/jernigan-lab/Ben/ProjectHIV/ProtGOs001/envelopeB62BlastOutUNI.tsv	GO:0005769	13	5244	1164	3099283	6.600683713804158	1.8734359347823617e-07	0.0003108030215803938
/work/LAS/jernigan-lab/Ben/ProjectHIV/ProtGOs001/envelopeB62BlastOutUNI.tsv	GO:0016853	12	5244	978	3099283	7.251718586944823	2.068113595412733e-07	0.00034310004547897236
/work/LAS/jernigan-lab/Ben/ProjectHIV/ProtGOs001/envelopeB62BlastOutUNI.tsv	GO:0039579	5	5244	70	3099283	42.215361774000215	2.156702225790855e-07	0.00035779689925870284
/work/LAS/jernigan-lab/Ben/ProjectHIV/ProtGOs001/envelopeB62BlastOutUNI.tsv	GO:0001561	4	5244	34	3099283	69.5311840983533	5.750065899334706e-07	0.0009539359326996278
/work/LAS/jernigan-lab/Ben/ProjectHIV/ProtGOs001/envelopeB62BlastOutUNI.tsv	GO:0032502	6	5244	167	3099283	21.234074185724662	6.246961574546826e-07	0.0010363709252173183
/work/LAS/jernigan-lab/Ben/ProjectHIV/ProtGOs001/envelopeB62BlastOutUNI.tsv	GO:0006089	5	5244	88	3099283	33.580401411136535	6.331980703190254e-07	0.0010504755986592632
/work/LAS/jernigan-lab/Ben/ProjectHIV/ProtGOs001/envelopeB62BlastOutUNI.tsv	GO:0031177	9	5244	546	3099283	9.74200656323082	6.359857439214609e-07	0.0010551003491657035
/work/LAS/jernigan-lab/Ben/ProjectHIV/ProtGOs001/envelopeB62BlastOutUNI.tsv	GO:0019031	14	5244	1535	3099283	5.390365412185044	6.957167686797057e-07	0.0011541941192396317
/work/LAS/jernigan-lab/Ben/ProjectHIV/ProtGOs001/envelopeB62BlastOutUNI.tsv	GO:0008234	10	5244	726	3099283	8.140703372396736	7.59353413225234e-07	0.0012597673125406632
/work/LAS/jernigan-lab/Ben/ProjectHIV/ProtGOs001/envelopeB62BlastOutUNI.tsv	GO:1903767	3	5244	9	3099283	197.00502161200103	1.0494540291041072e-06	0.001741044234283714
/work/LAS/jernigan-lab/Ben/ProjectHIV/ProtGOs001/envelopeB62BlastOutUNI.tsv	GO:0004967	3	5244	9	3099283	197.00502161200103	1.0494540291041072e-06	0.001741044234283714
/work/LAS/jernigan-lab/Ben/ProjectHIV/ProtGOs001/envelopeB62BlastOutUNI.tsv	GO:0044167	8	5244	428	3099283	11.0470105576823	1.0666861400300015e-06	0.0017696323063097724
/work/LAS/jernigan-lab/Ben/ProjectHIV/ProtGOs001/envelopeB62BlastOutUNI.tsv	GO:0070588	7	5244	295	3099283	14.02408628424414	1.0816326954964385e-06	0.0017944286418285914
/work/LAS/jernigan-lab/Ben/ProjectHIV/ProtGOs001/envelopeB62BlastOutUNI.tsv	GO:0016020	37	5244	8665	3099283	2.5236650200729502	1.1436388694168438e-06	0.0018972968843625438
/work/LAS/jernigan-lab/Ben/ProjectHIV/ProtGOs001/envelopeB62BlastOutUNI.tsv	GO:0035600	4	5244	41	3099283	57.66000632546371	1.1497245264527844e-06	0.0019073929893851694
/work/LAS/jernigan-lab/Ben/ProjectHIV/ProtGOs001/envelopeB62BlastOutUNI.tsv	GO:0003678	12	5244	1157	3099283	6.1298018824823135	1.164040245629368e-06	0.0019311427674991214
/work/LAS/jernigan-lab/Ben/ProjectHIV/ProtGOs001/envelopeB62BlastOutUNI.tsv	GO:0106138	3	5244	10	3099283	177.3045194508009	1.3625618829798732e-06	0.0022604901638636097
/work/LAS/jernigan-lab/Ben/ProjectHIV/ProtGOs001/envelopeB62BlastOutUNI.tsv	GO:1902161	3	5244	10	3099283	177.3045194508009	1.3625618829798732e-06	0.0022604901638636097
/work/LAS/jernigan-lab/Ben/ProjectHIV/ProtGOs001/envelopeB62BlastOutUNI.tsv	GO:0006351	28	5244	5833	3099283	2.8370344274658126	1.8829893310087727e-06	0.003123879300143554
/work/LAS/jernigan-lab/Ben/ProjectHIV/ProtGOs001/envelopeB62BlastOutUNI.tsv	GO:0045963	3	5244	12	3099283	147.75376620900076	2.162223918743789e-06	0.0035871294811959456
/work/LAS/jernigan-lab/Ben/ProjectHIV/ProtGOs001/envelopeB62BlastOutUNI.tsv	GO:0039644	5	5244	118	3099283	25.043011221864536	2.523930863540843e-06	0.004187201302614259
/work/LAS/jernigan-lab/Ben/ProjectHIV/ProtGOs001/envelopeB62BlastOutUNI.tsv	GO:0039545	6	5244	216	3099283	16.41708513433342	2.6502829120628576e-06	0.0043968193511122805
/work/LAS/jernigan-lab/Ben/ProjectHIV/ProtGOs001/envelopeB62BlastOutUNI.tsv	GO:0001582	3	5244	13	3099283	136.38809188523146	2.6578281796014447e-06	0.004409336949958796
/work/LAS/jernigan-lab/Ben/ProjectHIV/ProtGOs001/envelopeB62BlastOutUNI.tsv	GO:1902943	3	5244	13	3099283	136.38809188523146	2.6578281796014447e-06	0.004409336949958796
/work/LAS/jernigan-lab/Ben/ProjectHIV/ProtGOs001/envelopeB62BlastOutUNI.tsv	GO:0039648	5	5244	121	3099283	24.422110117190208	2.840781250608636e-06	0.004712856094759727
/work/LAS/jernigan-lab/Ben/ProjectHIV/ProtGOs001/envelopeB62BlastOutUNI.tsv	GO:0055036	16	5244	2272	3099283	4.162077921380303	3.1517471766723268e-06	0.00522874856609939
/work/LAS/jernigan-lab/Ben/ProjectHIV/ProtGOs001/envelopeB62BlastOutUNI.tsv	GO:0039654	9	5244	668	3099283	7.962777819646748	3.201061461319036e-06	0.00531056096432828
/work/LAS/jernigan-lab/Ben/ProjectHIV/ProtGOs001/envelopeB62BlastOutUNI.tsv	GO:0042135	4	5244	59	3099283	40.06881795498326	4.486144386399429e-06	0.007442513537036653
/work/LAS/jernigan-lab/Ben/ProjectHIV/ProtGOs001/envelopeB62BlastOutUNI.tsv	GO:0016324	13	5244	1572	3099283	4.8875291621297965	4.843054674483768e-06	0.00803462770496857
/work/LAS/jernigan-lab/Ben/ProjectHIV/ProtGOs001/envelopeB62BlastOutUNI.tsv	GO:0008168	12	5244	1373	3099283	5.1654630575615705	6.437427573786918e-06	0.010679692344912497
/work/LAS/jernigan-lab/Ben/ProjectHIV/ProtGOs001/envelopeB62BlastOutUNI.tsv	GO:0042417	4	5244	67	3099283	35.28448148274645	7.239166063004113e-06	0.012009776498523823
/work/LAS/jernigan-lab/Ben/ProjectHIV/ProtGOs001/envelopeB62BlastOutUNI.tsv	GO:0035459	3	5244	19	3099283	93.31816813200048	7.2536768682726955e-06	0.012033849924464402
/work/LAS/jernigan-lab/Ben/ProjectHIV/ProtGOs001/envelopeB62BlastOutUNI.tsv	GO:0015491	3	5244	20	3099283	88.65225972540046	8.331169684839309e-06	0.013821410507148413
/work/LAS/jernigan-lab/Ben/ProjectHIV/ProtGOs001/envelopeB62BlastOutUNI.tsv	GO:0098735	3	5244	20	3099283	88.65225972540046	8.331169684839309e-06	0.013821410507148413
/work/LAS/jernigan-lab/Ben/ProjectHIV/ProtGOs001/envelopeB62BlastOutUNI.tsv	GO:0008569	4	5244	72	3099283	32.83417026866684	9.494586866105604e-06	0.015751519610869198
/work/LAS/jernigan-lab/Ben/ProjectHIV/ProtGOs001/envelopeB62BlastOutUNI.tsv	GO:0007154	4	5244	72	3099283	32.83417026866684	9.494586866105604e-06	0.015751519610869198
/work/LAS/jernigan-lab/Ben/ProjectHIV/ProtGOs001/envelopeB62BlastOutUNI.tsv	GO:0009022	7	5244	422	3099283	9.803567426189623	1.0698140474483552e-05	0.01774821504716821
/work/LAS/jernigan-lab/Ben/ProjectHIV/ProtGOs001/envelopeB62BlastOutUNI.tsv	GO:0048609	3	5244	22	3099283	80.59296338672769	1.0792331117884226e-05	0.017904477324569932
/work/LAS/jernigan-lab/Ben/ProjectHIV/ProtGOs001/envelopeB62BlastOutUNI.tsv	GO:0006533	3	5244	23	3099283	77.08892150034822	1.2184587988650864e-05	0.020214231473171782
/work/LAS/jernigan-lab/Ben/ProjectHIV/ProtGOs001/envelopeB62BlastOutUNI.tsv	GO:0035725	6	5244	289	3099283	12.270208958532935	1.3361182802221197e-05	0.022166202268884966
/work/LAS/jernigan-lab/Ben/ProjectHIV/ProtGOs001/envelopeB62BlastOutUNI.tsv	GO:0007018	7	5244	438	3099283	9.44544624167128	1.3527486736790546e-05	0.022442100496335514
/work/LAS/jernigan-lab/Ben/ProjectHIV/ProtGOs001/envelopeB62BlastOutUNI.tsv	GO:0044172	5	5244	170	3099283	17.382796024588323	1.4021639766724066e-05	0.023261900372995227
/work/LAS/jernigan-lab/Ben/ProjectHIV/ProtGOs001/envelopeB62BlastOutUNI.tsv	GO:0075512	7	5244	463	3099283	8.935432945684711	1.9168213860019968e-05	0.031800066793773125
/work/LAS/jernigan-lab/Ben/ProjectHIV/ProtGOs001/envelopeB62BlastOutUNI.tsv	GO:0045296	7	5244	469	3099283	8.821120370686613	2.0776746069423826e-05	0.03446862172917413
/work/LAS/jernigan-lab/Ben/ProjectHIV/ProtGOs001/envelopeB62BlastOutUNI.tsv	GO:0019013	9	5244	855	3099283	6.221211208800032	2.195215315338686e-05	0.0364186220814688
/work/LAS/jernigan-lab/Ben/ProjectHIV/ProtGOs001/envelopeB62BlastOutUNI.tsv	GO:0051959	4	5244	91	3099283	25.97868416861552	2.2964241741599295e-05	0.03809767704931323
/work/LAS/jernigan-lab/Ben/ProjectHIV/ProtGOs001/envelopeB62BlastOutUNI.tsv	GO:0080009	4	5244	91	3099283	25.97868416861552	2.2964241741599295e-05	0.03809767704931323
/work/LAS/jernigan-lab/Ben/ProjectHIV/ProtGOs001/envelopeB62BlastOutUNI.tsv	GO:0030030	5	5244	189	3099283	15.635319175555637	2.2989961191677947e-05	0.03814034561699371
/work/LAS/jernigan-lab/Ben/ProjectHIV/ProtGOs001/envelopeB62BlastOutUNI.tsv	GO:0004483	4	5244	93	3099283	25.42000278864529	2.4926128703298614e-05	0.0413524475187724
/work/LAS/jernigan-lab/Ben/ProjectHIV/ProtGOs001/envelopeB62BlastOutUNI.tsv	GO:0016212	3	5244	30	3099283	59.1015064836003	2.53433312799569e-05	0.0420445865934485
/work/LAS/jernigan-lab/Ben/ProjectHIV/ProtGOs001/envelopeB62BlastOutUNI.tsv	GO:0016459	6	5244	326	3099283	10.877577880417235	2.5890848776870082e-05	0.042952918120827466
/work/LAS/jernigan-lab/Ben/ProjectHIV/ProtGOs001/envelopeB62BlastOutUNI.tsv	GO:0045505	4	5244	95	3099283	24.884844835200127	2.7008179760139936e-05	0.044806570222072156
/work/LAS/jernigan-lab/Ben/ProjectHIV/ProtGOs001/envelopeB62BlastOutUNI.tsv	GO:0042025	19	5244	3656	3099283	3.071467787714458	2.7569407413862815e-05	0.04573764689959841
/work/LAS/jernigan-lab/Ben/ProjectHIV/ProtGOs001/envelopeB62BlastOutUNI.tsv	GO:0035814	3	5244	31	3099283	57.195006274451906	2.776076123496275e-05	0.0460551028888032
/work/LAS/jernigan-lab/Ben/ProjectHIV/ProtGOs001/envelopeB62BlastOutUNI.tsv	GO:0000175	9	5244	883	3099283	6.023936108181232	2.8083561860559376e-05	0.046590629126668004
/work/LAS/jernigan-lab/Ben/ProjectHIV/ProtGOs001/envelopeB62BlastOutUNI.tsv	GO:0044508	2	5244	3	3099283	394.01004322400206	2.8452068429791813e-05	0.04720198152502462