/work/LAS/jernigan-lab/Ben/ProjectHIV/ProtGOs001/envelopeB62BlastOutUNI.tsv	GO:0001070	57	750	72	3099283	3271.465388888889	1.2531429155638653e-168	2.8822287057968902e-167
/work/LAS/jernigan-lab/Ben/ProjectHIV/ProtGOs001/envelopeB62BlastOutUNI.tsv	GO:0050434	57	750	116	3099283	2030.564724137931	1.6599938369187044e-159	3.81798582491302e-158
/work/LAS/jernigan-lab/Ben/ProjectHIV/ProtGOs001/envelopeB62BlastOutUNI.tsv	GO:0044196	59	750	316	3099283	771.5514641350211	1.7128226995969087e-143	3.93949220907289e-142
/work/LAS/jernigan-lab/Ben/ProjectHIV/ProtGOs001/envelopeB62BlastOutUNI.tsv	GO:1990970	40	750	42	3099283	3935.5974603174604	2.6751639158711758e-121	6.152877006503704e-120
/work/LAS/jernigan-lab/Ben/ProjectHIV/ProtGOs001/envelopeB62BlastOutUNI.tsv	GO:0039586	41	750	56	3099283	3025.4905476190474	6.633935928381726e-121	1.525805263527797e-119
/work/LAS/jernigan-lab/Ben/ProjectHIV/ProtGOs001/envelopeB62BlastOutUNI.tsv	GO:0039525	41	750	66	3099283	2567.082888888889	1.1020846009339655e-118	2.5347945821481207e-117
/work/LAS/jernigan-lab/Ben/ProjectHIV/ProtGOs001/envelopeB62BlastOutUNI.tsv	GO:0042805	40	750	83	3099283	1991.5071485943774	2.4093981280610397e-112	5.541615694540391e-111
/work/LAS/jernigan-lab/Ben/ProjectHIV/ProtGOs001/envelopeB62BlastOutUNI.tsv	GO:0010801	40	750	97	3099283	1704.0731271477664	4.064443727915321e-110	9.348220574205238e-109
/work/LAS/jernigan-lab/Ben/ProjectHIV/ProtGOs001/envelopeB62BlastOutUNI.tsv	GO:0030332	40	750	180	3099283	918.3060740740741	8.685201571262368e-101	1.9975963613903446e-99
/work/LAS/jernigan-lab/Ben/ProjectHIV/ProtGOs001/envelopeB62BlastOutUNI.tsv	GO:0032968	40	750	259	3099283	638.2049935649935	5.187702576211994e-95	1.1931715925287586e-93
/work/LAS/jernigan-lab/Ben/ProjectHIV/ProtGOs001/envelopeB62BlastOutUNI.tsv	GO:0039502	41	750	731	3099283	231.7749256725946	3.468316416302401e-80	7.977127757495522e-79
/work/LAS/jernigan-lab/Ben/ProjectHIV/ProtGOs001/envelopeB62BlastOutUNI.tsv	GO:0019904	40	750	1179	3099283	140.19940062199603	8.596195976444326e-70	1.977125074582195e-68
/work/LAS/jernigan-lab/Ben/ProjectHIV/ProtGOs001/envelopeB62BlastOutUNI.tsv	GO:0030430	44	750	2716	3099283	66.94572999509082	9.436781024206181e-63	2.1704596355674217e-61
/work/LAS/jernigan-lab/Ben/ProjectHIV/ProtGOs001/envelopeB62BlastOutUNI.tsv	GO:0006351	40	750	5833	3099283	28.337921024058517	9.31767993441686e-43	2.143066384915878e-41
/work/LAS/jernigan-lab/Ben/ProjectHIV/ProtGOs001/envelopeB62BlastOutUNI.tsv	GO:0016032	18	750	1152	3099283	64.56839583333333	1.7828046856923896e-26	4.100450777092496e-25
/work/LAS/jernigan-lab/Ben/ProjectHIV/ProtGOs001/envelopeB62BlastOutUNI.tsv	GO:0005576	44	750	26355	3099283	6.899055308923038	5.0229642809250695e-22	1.155281784612766e-20
/work/LAS/jernigan-lab/Ben/ProjectHIV/ProtGOs001/envelopeB62BlastOutUNI.tsv	GO:0046872	44	750	56162	3099283	3.237502273185903	9.239827523048552e-11	2.125160330301167e-09
/work/LAS/jernigan-lab/Ben/ProjectHIV/ProtGOs001/envelopeB62BlastOutUNI.tsv	GO:0003723	19	750	18668	3099283	4.205869366473824	3.7461037082702763e-07	8.616038529021635e-06
/work/LAS/jernigan-lab/Ben/ProjectHIV/ProtGOs001/envelopeB62BlastOutUNI.tsv	GO:0052312	1	750	1	3099283	4132.377333333333	0.0004844520525177671	0.011142397207908643