/work/LAS/jernigan-lab/Ben/ProjectHIV/ProtGOs001/envelopeB62BlastOutUNI.tsv	GO:0001070	68	3086	72	3099283	948.5095953049615	1.223151647292737e-163	1.1644403682226857e-160
/work/LAS/jernigan-lab/Ben/ProjectHIV/ProtGOs001/envelopeB62BlastOutUNI.tsv	GO:0050434	68	3086	116	3099283	588.7300936375623	3.496221990022487e-153	3.3284033345014076e-150
/work/LAS/jernigan-lab/Ben/ProjectHIV/ProtGOs001/envelopeB62BlastOutUNI.tsv	GO:0044196	72	3086	316	3099283	228.82882269457	4.1423627668206253e-137	3.9435293540132353e-134
/work/LAS/jernigan-lab/Ben/ProjectHIV/ProtGOs001/envelopeB62BlastOutUNI.tsv	GO:1990970	40	3086	42	3099283	956.4802641730704	4.1941098332861874e-97	3.9927925612884505e-94
/work/LAS/jernigan-lab/Ben/ProjectHIV/ProtGOs001/envelopeB62BlastOutUNI.tsv	GO:0039586	41	3086	56	3099283	735.2942030830478	4.06636586389364e-96	3.871180302426746e-93
/work/LAS/jernigan-lab/Ben/ProjectHIV/ProtGOs001/envelopeB62BlastOutUNI.tsv	GO:0039525	41	3086	66	3099283	623.8859904947072	6.705897919444688e-94	6.384014819311343e-91
/work/LAS/jernigan-lab/Ben/ProjectHIV/ProtGOs001/envelopeB62BlastOutUNI.tsv	GO:0042805	41	3086	83	3099283	496.10211292350215	1.1172434208045964e-90	1.0636157366059758e-87
/work/LAS/jernigan-lab/Ben/ProjectHIV/ProtGOs001/envelopeB62BlastOutUNI.tsv	GO:0010801	40	3086	97	3099283	414.1460937656594	6.119820692245471e-86	5.826069299017688e-83
/work/LAS/jernigan-lab/Ben/ProjectHIV/ProtGOs001/envelopeB62BlastOutUNI.tsv	GO:0030332	40	3086	180	3099283	223.17872830704977	1.2303597386055718e-76	1.1713024711525043e-73
/work/LAS/jernigan-lab/Ben/ProjectHIV/ProtGOs001/envelopeB62BlastOutUNI.tsv	GO:0032968	40	3086	259	3099283	155.10490770374113	6.934584905845437e-71	6.601724830364856e-68
/work/LAS/jernigan-lab/Ben/ProjectHIV/ProtGOs001/envelopeB62BlastOutUNI.tsv	GO:0039502	46	3086	731	3099283	63.19835398024528	2.292719263734816e-64	2.182668739075545e-61
/work/LAS/jernigan-lab/Ben/ProjectHIV/ProtGOs001/envelopeB62BlastOutUNI.tsv	GO:0030430	59	3086	2716	3099283	21.816624582298125	4.75030302523052e-56	4.522288480019455e-53
/work/LAS/jernigan-lab/Ben/ProjectHIV/ProtGOs001/envelopeB62BlastOutUNI.tsv	GO:0019904	41	3086	1179	3099283	34.92491549843145	1.7518471283711298e-47	1.6677584662093155e-44
/work/LAS/jernigan-lab/Ben/ProjectHIV/ProtGOs001/envelopeB62BlastOutUNI.tsv	GO:0016032	31	3086	1152	3099283	27.025549130931807	4.859577561563488e-33	4.6263178386084405e-30
/work/LAS/jernigan-lab/Ben/ProjectHIV/ProtGOs001/envelopeB62BlastOutUNI.tsv	GO:0006557	18	3086	262	3099283	68.99800378958409	7.495991455540212e-27	7.136183865674282e-24
/work/LAS/jernigan-lab/Ben/ProjectHIV/ProtGOs001/envelopeB62BlastOutUNI.tsv	GO:0004014	18	3086	265	3099283	68.21689431272087	9.11025276600066e-27	8.672960633232628e-24
/work/LAS/jernigan-lab/Ben/ProjectHIV/ProtGOs001/envelopeB62BlastOutUNI.tsv	GO:0006351	47	3086	5833	3099283	8.092285451215673	1.646447408039028e-26	1.5674179324531546e-23
/work/LAS/jernigan-lab/Ben/ProjectHIV/ProtGOs001/envelopeB62BlastOutUNI.tsv	GO:0039548	15	3086	127	3099283	118.61861543878629	5.832227241471902e-26	5.55228033388125e-23
/work/LAS/jernigan-lab/Ben/ProjectHIV/ProtGOs001/envelopeB62BlastOutUNI.tsv	GO:0039557	13	3086	59	3099283	221.28738315190526	6.453819057079628e-26	6.144035742339806e-23
/work/LAS/jernigan-lab/Ben/ProjectHIV/ProtGOs001/envelopeB62BlastOutUNI.tsv	GO:0039644	14	3086	118	3099283	119.15474477410284	2.3562380863424465e-24	2.243138658198009e-21
/work/LAS/jernigan-lab/Ben/ProjectHIV/ProtGOs001/envelopeB62BlastOutUNI.tsv	GO:0044163	13	3086	159	3099283	82.11292833938623	9.64988216927917e-21	9.186687825153771e-18
/work/LAS/jernigan-lab/Ben/ProjectHIV/ProtGOs001/envelopeB62BlastOutUNI.tsv	GO:0008295	18	3086	685	3099283	26.39047736185552	1.1072929913766903e-19	1.0541429277906093e-16
/work/LAS/jernigan-lab/Ben/ProjectHIV/ProtGOs001/envelopeB62BlastOutUNI.tsv	GO:0061526	6	3086	7	3099283	860.8322377557633	1.6637327747771352e-15	1.5838736015878326e-12
/work/LAS/jernigan-lab/Ben/ProjectHIV/ProtGOs001/envelopeB62BlastOutUNI.tsv	GO:0032475	6	3086	8	3099283	753.2282080362929	2.909044603409249e-15	2.769410462445605e-12
/work/LAS/jernigan-lab/Ben/ProjectHIV/ProtGOs001/envelopeB62BlastOutUNI.tsv	GO:0035675	6	3086	9	3099283	669.5361849211492	4.844265034527143e-15	4.61174031286984e-12
/work/LAS/jernigan-lab/Ben/ProjectHIV/ProtGOs001/envelopeB62BlastOutUNI.tsv	GO:0015220	7	3086	39	3099283	180.25974209415557	5.0306252651845575e-14	4.7891552524556986e-11
/work/LAS/jernigan-lab/Ben/ProjectHIV/ProtGOs001/envelopeB62BlastOutUNI.tsv	GO:0015871	7	3086	46	3099283	152.82891177547972	1.4399236780854543e-13	1.3708073415373524e-10
/work/LAS/jernigan-lab/Ben/ProjectHIV/ProtGOs001/envelopeB62BlastOutUNI.tsv	GO:0008292	6	3086	19	3099283	317.14871917317595	1.6995362420632906e-13	1.6179585024442527e-10
/work/LAS/jernigan-lab/Ben/ProjectHIV/ProtGOs001/envelopeB62BlastOutUNI.tsv	GO:0090422	5	3086	16	3099283	313.8450866817887	1.9651261845462576e-11	1.870800127688037e-08
/work/LAS/jernigan-lab/Ben/ProjectHIV/ProtGOs001/envelopeB62BlastOutUNI.tsv	GO:0003723	53	3086	18668	3099283	2.851303123057176	7.036620664955804e-11	6.698862873037926e-08
/work/LAS/jernigan-lab/Ben/ProjectHIV/ProtGOs001/envelopeB62BlastOutUNI.tsv	GO:0046872	111	3086	56162	3099283	1.9849324238697226	1.242890140339865e-10	1.1832314136035515e-07
/work/LAS/jernigan-lab/Ben/ProjectHIV/ProtGOs001/envelopeB62BlastOutUNI.tsv	GO:0030974	5	3086	26	3099283	193.13543795802383	1.6272794113565854e-10	1.5491699996114693e-07
/work/LAS/jernigan-lab/Ben/ProjectHIV/ProtGOs001/envelopeB62BlastOutUNI.tsv	GO:0021801	4	3086	11	3099283	365.201555411536	1.329043191494124e-09	1.265249118302406e-06
/work/LAS/jernigan-lab/Ben/ProjectHIV/ProtGOs001/envelopeB62BlastOutUNI.tsv	GO:0097451	4	3086	13	3099283	309.0167007328381	2.3136148863270272e-09	2.2025613717833298e-06
/work/LAS/jernigan-lab/Ben/ProjectHIV/ProtGOs001/envelopeB62BlastOutUNI.tsv	GO:0030097	7	3086	234	3099283	30.04329034902593	6.804230548130334e-09	6.477627481820078e-06
/work/LAS/jernigan-lab/Ben/ProjectHIV/ProtGOs001/envelopeB62BlastOutUNI.tsv	GO:0019706	7	3086	238	3099283	29.538361099462467	7.619736605541101e-09	7.253989248475128e-06
/work/LAS/jernigan-lab/Ben/ProjectHIV/ProtGOs001/envelopeB62BlastOutUNI.tsv	GO:0009851	5	3086	64	3099283	78.46127167044718	1.0429220448368908e-08	9.9286178668472e-06
/work/LAS/jernigan-lab/Ben/ProjectHIV/ProtGOs001/envelopeB62BlastOutUNI.tsv	GO:0018230	6	3086	170	3099283	35.44603331935496	3.195082452111888e-08	3.0417184944105173e-05
/work/LAS/jernigan-lab/Ben/ProjectHIV/ProtGOs001/envelopeB62BlastOutUNI.tsv	GO:0099526	3	3086	8	3099283	376.61410401814646	1.6174791428434926e-07	0.0001539840143987005
/work/LAS/jernigan-lab/Ben/ProjectHIV/ProtGOs001/envelopeB62BlastOutUNI.tsv	GO:1904071	3	3086	8	3099283	376.61410401814646	1.6174791428434926e-07	0.0001539840143987005
/work/LAS/jernigan-lab/Ben/ProjectHIV/ProtGOs001/envelopeB62BlastOutUNI.tsv	GO:0021819	4	3086	45	3099283	89.2714913228199	2.0078205354867884e-07	0.00019114451497834225
/work/LAS/jernigan-lab/Ben/ProjectHIV/ProtGOs001/envelopeB62BlastOutUNI.tsv	GO:0044220	6	3086	241	3099283	25.00342599290599	2.3559125972358064e-07	0.00022428287925684877
/work/LAS/jernigan-lab/Ben/ProjectHIV/ProtGOs001/envelopeB62BlastOutUNI.tsv	GO:2001223	4	3086	47	3099283	85.47270445801905	2.3643830930921298e-07	0.00022508927046237075
/work/LAS/jernigan-lab/Ben/ProjectHIV/ProtGOs001/envelopeB62BlastOutUNI.tsv	GO:0039520	6	3086	272	3099283	22.15377082459685	4.696492886408132e-07	0.0004471061227860541
/work/LAS/jernigan-lab/Ben/ProjectHIV/ProtGOs001/envelopeB62BlastOutUNI.tsv	GO:0001582	3	3086	13	3099283	231.7625255496286	5.469163081635503e-07	0.0005206643253716999
/work/LAS/jernigan-lab/Ben/ProjectHIV/ProtGOs001/envelopeB62BlastOutUNI.tsv	GO:0070528	4	3086	60	3099283	66.95361849211493	5.949610430381782e-07	0.0005664029129723456
/work/LAS/jernigan-lab/Ben/ProjectHIV/ProtGOs001/envelopeB62BlastOutUNI.tsv	GO:0098882	3	3086	15	3099283	200.8608554763448	7.957458000338636e-07	0.0007575500016322381
/work/LAS/jernigan-lab/Ben/ProjectHIV/ProtGOs001/envelopeB62BlastOutUNI.tsv	GO:0005758	9	3086	976	3099283	9.261002557823273	9.371990913163504e-07	0.0008922135349331656
/work/LAS/jernigan-lab/Ben/ProjectHIV/ProtGOs001/envelopeB62BlastOutUNI.tsv	GO:0006612	6	3086	319	3099283	18.88973562473462	1.1611299314816852e-06	0.0011053956947705643
/work/LAS/jernigan-lab/Ben/ProjectHIV/ProtGOs001/envelopeB62BlastOutUNI.tsv	GO:0048788	3	3086	18	3099283	167.3840462302873	1.2940855555959362e-06	0.0012319694489273314
/work/LAS/jernigan-lab/Ben/ProjectHIV/ProtGOs001/envelopeB62BlastOutUNI.tsv	GO:0030307	6	3086	354	3099283	17.022106396300405	2.0914704098028656e-06	0.001991079830132328
/work/LAS/jernigan-lab/Ben/ProjectHIV/ProtGOs001/envelopeB62BlastOutUNI.tsv	GO:0050917	3	3086	23	3099283	130.99621009326833	2.5203660032508823e-06	0.00239938843509484
/work/LAS/jernigan-lab/Ben/ProjectHIV/ProtGOs001/envelopeB62BlastOutUNI.tsv	GO:0010573	4	3086	107	3099283	37.54408513576538	5.4023399870549236e-06	0.005143027667676287
/work/LAS/jernigan-lab/Ben/ProjectHIV/ProtGOs001/envelopeB62BlastOutUNI.tsv	GO:0043066	11	3086	1920	3099283	5.753826589166127	5.697915797032282e-06	0.005424415838774732
/work/LAS/jernigan-lab/Ben/ProjectHIV/ProtGOs001/envelopeB62BlastOutUNI.tsv	GO:1990257	2	3086	2	3099283	1004.3042773817239	5.93473206303466e-06	0.005649864924008996
/work/LAS/jernigan-lab/Ben/ProjectHIV/ProtGOs001/envelopeB62BlastOutUNI.tsv	GO:0060746	2	3086	2	3099283	1004.3042773817239	5.93473206303466e-06	0.005649864924008996
/work/LAS/jernigan-lab/Ben/ProjectHIV/ProtGOs001/envelopeB62BlastOutUNI.tsv	GO:0044718	3	3086	33	3099283	91.300388852884	6.869854299049347e-06	0.006540101292694978
/work/LAS/jernigan-lab/Ben/ProjectHIV/ProtGOs001/envelopeB62BlastOutUNI.tsv	GO:0005518	5	3086	254	3099283	19.769769239797714	7.407943505071443e-06	0.007052362216828014
/work/LAS/jernigan-lab/Ben/ProjectHIV/ProtGOs001/envelopeB62BlastOutUNI.tsv	GO:0043035	3	3086	35	3099283	86.08322377557633	8.104717705054212e-06	0.00771569125521161
/work/LAS/jernigan-lab/Ben/ProjectHIV/ProtGOs001/envelopeB62BlastOutUNI.tsv	GO:0050840	4	3086	119	3099283	33.758126970814246	8.11162329205512e-06	0.007722265374036474
/work/LAS/jernigan-lab/Ben/ProjectHIV/ProtGOs001/envelopeB62BlastOutUNI.tsv	GO:0039648	4	3086	121	3099283	33.200141401048725	8.645359460527548e-06	0.008230382206422224
/work/LAS/jernigan-lab/Ben/ProjectHIV/ProtGOs001/envelopeB62BlastOutUNI.tsv	GO:0050916	3	3086	36	3099283	83.69202311514366	8.773563591598868e-06	0.008352432539202122
/work/LAS/jernigan-lab/Ben/ProjectHIV/ProtGOs001/envelopeB62BlastOutUNI.tsv	GO:0031230	3	3086	38	3099283	79.28717979329399	1.0218488560718255e-05	0.009728001109803779
/work/LAS/jernigan-lab/Ben/ProjectHIV/ProtGOs001/envelopeB62BlastOutUNI.tsv	GO:0035025	4	3086	131	3099283	30.66577946203737	1.171122383823919e-05	0.011149085094003709
/work/LAS/jernigan-lab/Ben/ProjectHIV/ProtGOs001/envelopeB62BlastOutUNI.tsv	GO:0022407	3	3086	48	3099283	62.76901733635774	1.9814174036863497e-05	0.018863093683094048
/work/LAS/jernigan-lab/Ben/ProjectHIV/ProtGOs001/envelopeB62BlastOutUNI.tsv	GO:0015344	3	3086	51	3099283	59.076722198924934	2.3547318387064858e-05	0.022417047104485745
/work/LAS/jernigan-lab/Ben/ProjectHIV/ProtGOs001/envelopeB62BlastOutUNI.tsv	GO:1905642	2	3086	6	3099283	334.7680924605746	2.762197504785672e-05	0.026296120245559596
/work/LAS/jernigan-lab/Ben/ProjectHIV/ProtGOs001/envelopeB62BlastOutUNI.tsv	GO:0071691	2	3086	6	3099283	334.7680924605746	2.762197504785672e-05	0.026296120245559596
/work/LAS/jernigan-lab/Ben/ProjectHIV/ProtGOs001/envelopeB62BlastOutUNI.tsv	GO:0009734	5	3086	338	3099283	14.856572150617218	2.842674728112422e-05	0.027062263411630257
/work/LAS/jernigan-lab/Ben/ProjectHIV/ProtGOs001/envelopeB62BlastOutUNI.tsv	GO:0019082	4	3086	170	3099283	23.630688879569973	3.1653455028451736e-05	0.030134089187086054
/work/LAS/jernigan-lab/Ben/ProjectHIV/ProtGOs001/envelopeB62BlastOutUNI.tsv	GO:0005576	50	3086	26355	3099283	1.9053391716595027	3.37180859672186e-05	0.032099617840792107
/work/LAS/jernigan-lab/Ben/ProjectHIV/ProtGOs001/envelopeB62BlastOutUNI.tsv	GO:0021999	2	3086	7	3099283	286.9440792519211	3.54904059009638e-05	0.03378686641771754
/work/LAS/jernigan-lab/Ben/ProjectHIV/ProtGOs001/envelopeB62BlastOutUNI.tsv	GO:0039595	3	3086	61	3099283	49.39201364172413	3.925946102896977e-05	0.037375006899579226
/work/LAS/jernigan-lab/Ben/ProjectHIV/ProtGOs001/envelopeB62BlastOutUNI.tsv	GO:0016324	9	3086	1572	3099283	5.7498336491320075	3.960467620856102e-05	0.03770365175055009
/work/LAS/jernigan-lab/Ben/ProjectHIV/ProtGOs001/envelopeB62BlastOutUNI.tsv	GO:0035418	3	3086	62	3099283	48.595368260406	4.112846037678882e-05	0.039154294278702956
/work/LAS/jernigan-lab/Ben/ProjectHIV/ProtGOs001/envelopeB62BlastOutUNI.tsv	GO:0016477	7	3086	912	3099283	7.708475813236916	4.73402426366819e-05	0.04506791099012117
/work/LAS/jernigan-lab/Ben/ProjectHIV/ProtGOs001/envelopeB62BlastOutUNI.tsv	GO:0004879	5	3086	382	3099283	13.145343944786962	5.029522392376581e-05	0.047881053175425056
/work/LAS/jernigan-lab/Ben/ProjectHIV/ProtGOs001/envelopeB62BlastOutUNI.tsv	GO:0045785	4	3086	194	3099283	20.707304688282967	5.2295395373216154e-05	0.04978521639530178