/work/LAS/jernigan-lab/Ben/ProjectHIV/ProtGOs001/envelopeB62BlastOutUNI.tsv	GO:0039592	49	567	162	3099283	1653.3288370675202	1.6713302432455155e-134	2.3398623405437217e-133
/work/LAS/jernigan-lab/Ben/ProjectHIV/ProtGOs001/envelopeB62BlastOutUNI.tsv	GO:0075732	56	567	636	3099283	481.2924916530786	1.0354784340933556e-125	1.4496698077306977e-124
/work/LAS/jernigan-lab/Ben/ProjectHIV/ProtGOs001/envelopeB62BlastOutUNI.tsv	GO:0019051	37	567	47	3099283	4303.105970205261	1.56653616001688e-114	2.193150624023632e-113
/work/LAS/jernigan-lab/Ben/ProjectHIV/ProtGOs001/envelopeB62BlastOutUNI.tsv	GO:0019012	60	567	1825	3099283	179.70764658983836	1.309404691404029e-109	1.8331665679656404e-108
/work/LAS/jernigan-lab/Ben/ProjectHIV/ProtGOs001/envelopeB62BlastOutUNI.tsv	GO:0046718	56	567	1280	3099283	239.14220679012345	2.7848121786504247e-109	3.8987370501105944e-108
/work/LAS/jernigan-lab/Ben/ProjectHIV/ProtGOs001/envelopeB62BlastOutUNI.tsv	GO:0043655	37	567	77	3099283	2626.5711766187956	2.129481343569152e-108	2.981273880996813e-107
/work/LAS/jernigan-lab/Ben/ProjectHIV/ProtGOs001/envelopeB62BlastOutUNI.tsv	GO:0042025	60	567	3656	3099283	89.70636078404131	7.060070593147335e-92	9.884098830406268e-91
/work/LAS/jernigan-lab/Ben/ProjectHIV/ProtGOs001/envelopeB62BlastOutUNI.tsv	GO:0051260	37	567	579	3099283	349.30221174377766	6.007610732591922e-79	8.410655025628691e-78
/work/LAS/jernigan-lab/Ben/ProjectHIV/ProtGOs001/envelopeB62BlastOutUNI.tsv	GO:0006811	37	567	1199	3099283	168.67888290212449	1.4471017282034766e-67	2.0259424194848673e-66
/work/LAS/jernigan-lab/Ben/ProjectHIV/ProtGOs001/envelopeB62BlastOutUNI.tsv	GO:0007049	56	567	8943	3099283	34.228114132993184	4.081061593017552e-63	5.713486230224573e-62
/work/LAS/jernigan-lab/Ben/ProjectHIV/ProtGOs001/envelopeB62BlastOutUNI.tsv	GO:0006351	37	567	5833	3099283	34.67272082970123	1.0012014300745817e-42	1.4016820021044143e-41
/work/LAS/jernigan-lab/Ben/ProjectHIV/ProtGOs001/envelopeB62BlastOutUNI.tsv	GO:0006355	37	567	7425	3099283	27.2385159056764	5.446255947574714e-39	7.624758326604599e-38
/work/LAS/jernigan-lab/Ben/ProjectHIV/ProtGOs001/envelopeB62BlastOutUNI.tsv	GO:0039503	4	567	174	3099283	125.65764560400575	4.489421197876483e-08	6.285189677027076e-07
/work/LAS/jernigan-lab/Ben/ProjectHIV/ProtGOs001/envelopeB62BlastOutUNI.tsv	GO:0019058	4	567	182	3099283	120.13423261042308	5.3541139970976e-08	7.49575959593664e-07