/work/LAS/jernigan-lab/Ben/ProjectHIV/ProtGOs001/envelopeB62BlastOutUNI.tsv	GO:0042609	34	2883	76	3099283	480.9300527593698	2.706788372289292e-75	2.915211076955567e-72
/work/LAS/jernigan-lab/Ben/ProjectHIV/ProtGOs001/envelopeB62BlastOutUNI.tsv	GO:0032801	34	2883	90	3099283	406.1187112190234	3.216135064551652e-73	3.463777464522129e-70
/work/LAS/jernigan-lab/Ben/ProjectHIV/ProtGOs001/envelopeB62BlastOutUNI.tsv	GO:0039587	30	2883	61	3099283	528.6984186554306	1.2383552698824551e-67	1.3337086256634042e-64
/work/LAS/jernigan-lab/Ben/ProjectHIV/ProtGOs001/envelopeB62BlastOutUNI.tsv	GO:0005261	35	2883	205	3099283	183.54002013485277	1.1483110638966635e-64	1.2367310158167066e-61
/work/LAS/jernigan-lab/Ben/ProjectHIV/ProtGOs001/envelopeB62BlastOutUNI.tsv	GO:0019076	34	2883	252	3099283	145.04239686393691	1.1649348461895959e-59	1.2546348293461947e-56
/work/LAS/jernigan-lab/Ben/ProjectHIV/ProtGOs001/envelopeB62BlastOutUNI.tsv	GO:0032977	35	2883	465	3099283	80.91549274762326	5.206232930129478e-53	5.607112865749448e-50
/work/LAS/jernigan-lab/Ben/ProjectHIV/ProtGOs001/envelopeB62BlastOutUNI.tsv	GO:0033644	34	2883	902	3099283	40.52182262717528	8.691926020737866e-42	9.361204324334682e-39
/work/LAS/jernigan-lab/Ben/ProjectHIV/ProtGOs001/envelopeB62BlastOutUNI.tsv	GO:0039502	30	2883	731	3099283	44.11847269217684	3.9164817950342467e-38	4.2180508932518836e-35
/work/LAS/jernigan-lab/Ben/ProjectHIV/ProtGOs001/envelopeB62BlastOutUNI.tsv	GO:0016021	183	2883	66739	3099283	2.9477319345762707	2.3416440849406097e-34	2.5219506794810368e-31
/work/LAS/jernigan-lab/Ben/ProjectHIV/ProtGOs001/envelopeB62BlastOutUNI.tsv	GO:0015031	46	2883	5372	3099283	9.205310019528037	3.004013501016047e-28	3.235322540594283e-25
/work/LAS/jernigan-lab/Ben/ProjectHIV/ProtGOs001/envelopeB62BlastOutUNI.tsv	GO:0006423	20	2883	737	3099283	29.17286615828247	1.5693745610343966e-22	1.6902164022340452e-19
/work/LAS/jernigan-lab/Ben/ProjectHIV/ProtGOs001/envelopeB62BlastOutUNI.tsv	GO:0004817	20	2883	741	3099283	29.015387798453684	1.7399565558785822e-22	1.873933210681233e-19
/work/LAS/jernigan-lab/Ben/ProjectHIV/ProtGOs001/envelopeB62BlastOutUNI.tsv	GO:0005886	126	2883	59842	3099283	2.263502805045308	1.4247056888270546e-15	1.5344080268667378e-12
/work/LAS/jernigan-lab/Ben/ProjectHIV/ProtGOs001/envelopeB62BlastOutUNI.tsv	GO:0007156	13	2883	496	3099283	28.1759305103331	5.486616373479022e-15	5.9090858342369064e-12
/work/LAS/jernigan-lab/Ben/ProjectHIV/ProtGOs001/envelopeB62BlastOutUNI.tsv	GO:0034332	8	2883	107	3099283	80.37533592020255	3.049947029107481e-13	3.284792950348757e-10
/work/LAS/jernigan-lab/Ben/ProjectHIV/ProtGOs001/envelopeB62BlastOutUNI.tsv	GO:0016342	8	2883	109	3099283	78.90055911432727	3.510481232776459e-13	3.7807882877002463e-10
/work/LAS/jernigan-lab/Ben/ProjectHIV/ProtGOs001/envelopeB62BlastOutUNI.tsv	GO:0098742	8	2883	123	3099283	69.92000767042009	8.802257022513543e-13	9.480030813247086e-10
/work/LAS/jernigan-lab/Ben/ProjectHIV/ProtGOs001/envelopeB62BlastOutUNI.tsv	GO:0016339	8	2883	130	3099283	66.1550841804744	1.342242317280275e-12	1.4455949757108562e-09
/work/LAS/jernigan-lab/Ben/ProjectHIV/ProtGOs001/envelopeB62BlastOutUNI.tsv	GO:0007043	8	2883	138	3099283	62.32000683667878	2.117144361457401e-12	2.280164477289621e-09
/work/LAS/jernigan-lab/Ben/ProjectHIV/ProtGOs001/envelopeB62BlastOutUNI.tsv	GO:0005912	10	2883	549	3099283	19.581422913164097	2.3301406317353306e-10	2.509561460378951e-07
/work/LAS/jernigan-lab/Ben/ProjectHIV/ProtGOs001/envelopeB62BlastOutUNI.tsv	GO:0045296	8	2883	469	3099283	18.337230156634696	2.395641738555234e-08	2.580106152423987e-05
/work/LAS/jernigan-lab/Ben/ProjectHIV/ProtGOs001/envelopeB62BlastOutUNI.tsv	GO:0005315	8	2883	532	3099283	16.165716059138482	6.178335526403263e-08	6.654067361936314e-05
/work/LAS/jernigan-lab/Ben/ProjectHIV/ProtGOs001/envelopeB62BlastOutUNI.tsv	GO:0035435	5	2883	131	3099283	41.0313022111721	2.2660586429078932e-07	0.0002440545158411801
/work/LAS/jernigan-lab/Ben/ProjectHIV/ProtGOs001/envelopeB62BlastOutUNI.tsv	GO:0005887	30	2883	10709	3099283	3.011542024276895	2.5498046843423104e-07	0.0002746139645036668
/work/LAS/jernigan-lab/Ben/ProjectHIV/ProtGOs001/envelopeB62BlastOutUNI.tsv	GO:0004925	3	2883	12	3099283	268.7550294831772	3.6292341194891344e-07	0.0003908685146689798
/work/LAS/jernigan-lab/Ben/ProjectHIV/ProtGOs001/envelopeB62BlastOutUNI.tsv	GO:0000902	10	2883	1244	3099283	8.641640819394766	4.379960367526563e-07	0.0004717217315826109
/work/LAS/jernigan-lab/Ben/ProjectHIV/ProtGOs001/envelopeB62BlastOutUNI.tsv	GO:0070291	3	2883	23	3099283	140.22001538252727	2.0579935972853125e-06	0.0022164591042762817
/work/LAS/jernigan-lab/Ben/ProjectHIV/ProtGOs001/envelopeB62BlastOutUNI.tsv	GO:0015079	6	2883	390	3099283	16.5387710451186	2.453004369448946e-06	0.0026418857058965145
/work/LAS/jernigan-lab/Ben/ProjectHIV/ProtGOs001/envelopeB62BlastOutUNI.tsv	GO:0002116	3	2883	28	3099283	115.18072692136168	3.5455692606450256e-06	0.0038185780937146927
/work/LAS/jernigan-lab/Ben/ProjectHIV/ProtGOs001/envelopeB62BlastOutUNI.tsv	GO:0033573	3	2883	31	3099283	104.0342049612299	4.710200520877975e-06	0.0050728859609855785
/work/LAS/jernigan-lab/Ben/ProjectHIV/ProtGOs001/envelopeB62BlastOutUNI.tsv	GO:0021793	2	2883	2	3099283	1075.020117932709	5.1811119932246704e-06	0.00558005761670297
/work/LAS/jernigan-lab/Ben/ProjectHIV/ProtGOs001/envelopeB62BlastOutUNI.tsv	GO:0050923	2	2883	2	3099283	1075.020117932709	5.1811119932246704e-06	0.00558005761670297
/work/LAS/jernigan-lab/Ben/ProjectHIV/ProtGOs001/envelopeB62BlastOutUNI.tsv	GO:0086066	2	2883	2	3099283	1075.020117932709	5.1811119932246704e-06	0.00558005761670297
/work/LAS/jernigan-lab/Ben/ProjectHIV/ProtGOs001/envelopeB62BlastOutUNI.tsv	GO:1901021	2	2883	2	3099283	1075.020117932709	5.1811119932246704e-06	0.00558005761670297
/work/LAS/jernigan-lab/Ben/ProjectHIV/ProtGOs001/envelopeB62BlastOutUNI.tsv	GO:0086070	2	2883	2	3099283	1075.020117932709	5.1811119932246704e-06	0.00558005761670297
/work/LAS/jernigan-lab/Ben/ProjectHIV/ProtGOs001/envelopeB62BlastOutUNI.tsv	GO:1902287	3	2883	34	3099283	94.8547162881802	6.103240649510957e-06	0.006573190179523301
/work/LAS/jernigan-lab/Ben/ProjectHIV/ProtGOs001/envelopeB62BlastOutUNI.tsv	GO:0021644	2	2883	4	3099283	537.5100589663544	1.293672126464849e-05	0.013932848802026424
/work/LAS/jernigan-lab/Ben/ProjectHIV/ProtGOs001/envelopeB62BlastOutUNI.tsv	GO:0036309	2	2883	4	3099283	537.5100589663544	1.293672126464849e-05	0.013932848802026424
/work/LAS/jernigan-lab/Ben/ProjectHIV/ProtGOs001/envelopeB62BlastOutUNI.tsv	GO:0015293	8	2883	1150	3099283	7.478400820401454	1.7104038518934293e-05	0.018421049484892232
/work/LAS/jernigan-lab/Ben/ProjectHIV/ProtGOs001/envelopeB62BlastOutUNI.tsv	GO:0004842	8	2883	1153	3099283	7.458942708986706	1.7420049197035906e-05	0.01876139298520767
/work/LAS/jernigan-lab/Ben/ProjectHIV/ProtGOs001/envelopeB62BlastOutUNI.tsv	GO:0098907	2	2883	5	3099283	430.0080471730836	1.8100180358209775e-05	0.019493894245791926
/work/LAS/jernigan-lab/Ben/ProjectHIV/ProtGOs001/envelopeB62BlastOutUNI.tsv	GO:0036371	2	2883	6	3099283	358.34003931090297	2.411861170249586e-05	0.025975744803588042
/work/LAS/jernigan-lab/Ben/ProjectHIV/ProtGOs001/envelopeB62BlastOutUNI.tsv	GO:0070540	2	2883	6	3099283	358.34003931090297	2.411861170249586e-05	0.025975744803588042
/work/LAS/jernigan-lab/Ben/ProjectHIV/ProtGOs001/envelopeB62BlastOutUNI.tsv	GO:0002097	4	2883	173	3099283	24.85595648399327	2.6017126569823397e-05	0.028020445315699798
/work/LAS/jernigan-lab/Ben/ProjectHIV/ProtGOs001/envelopeB62BlastOutUNI.tsv	GO:0050776	5	2883	359	3099283	14.972425040845529	2.7349524457620655e-05	0.029455437840857444
/work/LAS/jernigan-lab/Ben/ProjectHIV/ProtGOs001/envelopeB62BlastOutUNI.tsv	GO:0004808	4	2883	180	3099283	23.8893359540602	3.026583457935696e-05	0.03259630384196745
/work/LAS/jernigan-lab/Ben/ProjectHIV/ProtGOs001/envelopeB62BlastOutUNI.tsv	GO:0021784	2	2883	7	3099283	307.1486051236311	3.0990420266534315e-05	0.03337668262705746
/work/LAS/jernigan-lab/Ben/ProjectHIV/ProtGOs001/envelopeB62BlastOutUNI.tsv	GO:1901019	2	2883	7	3099283	307.1486051236311	3.0990420266534315e-05	0.03337668262705746
/work/LAS/jernigan-lab/Ben/ProjectHIV/ProtGOs001/envelopeB62BlastOutUNI.tsv	GO:0001632	2	2883	7	3099283	307.1486051236311	3.0990420266534315e-05	0.03337668262705746
/work/LAS/jernigan-lab/Ben/ProjectHIV/ProtGOs001/envelopeB62BlastOutUNI.tsv	GO:0016645	4	2883	188	3099283	22.872768466653383	3.571990719150668e-05	0.03847034004525269
/work/LAS/jernigan-lab/Ben/ProjectHIV/ProtGOs001/envelopeB62BlastOutUNI.tsv	GO:0030334	5	2883	395	3099283	13.607849594084923	4.273587520591581e-05	0.046026537596771326
/work/LAS/jernigan-lab/Ben/ProjectHIV/ProtGOs001/envelopeB62BlastOutUNI.tsv	GO:0017154	3	2883	68	3099283	47.4273581440901	4.384380316964662e-05	0.047219776013709414