/work/LAS/jernigan-lab/Ben/ProjectHIV/ProtGOs01/gagB62BlastOutUNI.tsv	GO:0044175	74	1200	224	3099283	853.225230654762	5.051395755958142e-181	1.4143908116682798e-179
/work/LAS/jernigan-lab/Ben/ProjectHIV/ProtGOs01/gagB62BlastOutUNI.tsv	GO:0019062	89	1200	1284	3099283	179.02140900830736	1.8342252738728895e-161	5.1358307668440906e-160
/work/LAS/jernigan-lab/Ben/ProjectHIV/ProtGOs01/gagB62BlastOutUNI.tsv	GO:0019031	89	1200	1535	3099283	149.74820141150923	8.081438165304964e-155	2.2628026862853897e-153
/work/LAS/jernigan-lab/Ben/ProjectHIV/ProtGOs01/gagB62BlastOutUNI.tsv	GO:0055036	89	1200	2272	3099283	101.17231037265259	3.7716968261205833e-140	1.0560751113137633e-138
/work/LAS/jernigan-lab/Ben/ProjectHIV/ProtGOs01/gagB62BlastOutUNI.tsv	GO:0020002	87	1200	2048	3099283	109.71582885742187	4.829353112795721e-140	1.352218871582802e-138
/work/LAS/jernigan-lab/Ben/ProjectHIV/ProtGOs01/gagB62BlastOutUNI.tsv	GO:1903908	49	1200	50	3099283	2531.0811166666667	8.536563755380644e-139	2.3902378515065805e-137
/work/LAS/jernigan-lab/Ben/ProjectHIV/ProtGOs01/gagB62BlastOutUNI.tsv	GO:1903905	49	1200	55	3099283	2300.9828333333335	2.252222409366451e-137	6.306222746226063e-136
/work/LAS/jernigan-lab/Ben/ProjectHIV/ProtGOs01/gagB62BlastOutUNI.tsv	GO:1903911	49	1200	63	3099283	2008.7945370370371	2.7564176172191444e-135	7.717969328213605e-134
/work/LAS/jernigan-lab/Ben/ProjectHIV/ProtGOs01/gagB62BlastOutUNI.tsv	GO:0075512	64	1200	463	3099283	357.0088408927286	4.312437819293903e-135	1.2074825894022929e-133
/work/LAS/jernigan-lab/Ben/ProjectHIV/ProtGOs01/gagB62BlastOutUNI.tsv	GO:0090527	49	1200	77	3099283	1643.5591666666667	4.4972915596633636e-132	1.2592416367057418e-130
/work/LAS/jernigan-lab/Ben/ProjectHIV/ProtGOs01/gagB62BlastOutUNI.tsv	GO:0039654	64	1200	668	3099283	247.44774451097805	1.7059071992222288e-125	4.776540157822241e-124
/work/LAS/jernigan-lab/Ben/ProjectHIV/ProtGOs01/gagB62BlastOutUNI.tsv	GO:0019082	49	1200	170	3099283	744.4356225490196	3.7951220614056125e-118	1.0626341771935716e-116
/work/LAS/jernigan-lab/Ben/ProjectHIV/ProtGOs01/gagB62BlastOutUNI.tsv	GO:0005198	81	1200	3406	3099283	61.421492219612446	8.868737422732215e-111	2.4832464783650202e-109
/work/LAS/jernigan-lab/Ben/ProjectHIV/ProtGOs01/gagB62BlastOutUNI.tsv	GO:0030683	49	1200	275	3099283	460.1965666666667	5.767555025348311e-109	1.614915407097527e-107
/work/LAS/jernigan-lab/Ben/ProjectHIV/ProtGOs01/gagB62BlastOutUNI.tsv	GO:0019064	49	1200	686	3099283	184.48113095238097	1.1820119751078536e-90	3.30963353030199e-89
/work/LAS/jernigan-lab/Ben/ProjectHIV/ProtGOs01/gagB62BlastOutUNI.tsv	GO:0002223	30	1200	151	3099283	513.1263245033113	9.446959867554592e-69	2.645148762915286e-67
/work/LAS/jernigan-lab/Ben/ProjectHIV/ProtGOs01/gagB62BlastOutUNI.tsv	GO:0019012	46	1200	1825	3099283	65.09909497716895	4.399533643305839e-65	1.231869420125635e-63
/work/LAS/jernigan-lab/Ben/ProjectHIV/ProtGOs01/gagB62BlastOutUNI.tsv	GO:0039587	13	1200	61	3099283	550.4191120218579	4.827311864802371e-31	1.351647322144664e-29
/work/LAS/jernigan-lab/Ben/ProjectHIV/ProtGOs01/gagB62BlastOutUNI.tsv	GO:0039663	12	1200	61	3099283	508.07918032786887	2.1679653813137185e-28	6.070303067678412e-27
/work/LAS/jernigan-lab/Ben/ProjectHIV/ProtGOs01/gagB62BlastOutUNI.tsv	GO:0016021	87	1200	66739	3099283	3.366817265766643	1.4230264547025192e-20	3.984474073167054e-19
/work/LAS/jernigan-lab/Ben/ProjectHIV/ProtGOs01/gagB62BlastOutUNI.tsv	GO:0039502	13	1200	731	3099283	45.931006611947105	1.1184014980044241e-17	3.1315241944123876e-16
/work/LAS/jernigan-lab/Ben/ProjectHIV/ProtGOs01/gagB62BlastOutUNI.tsv	GO:0046718	13	1200	1280	3099283	26.230910807291668	1.26451280353677e-14	3.540635849902956e-13
/work/LAS/jernigan-lab/Ben/ProjectHIV/ProtGOs01/gagB62BlastOutUNI.tsv	GO:0044538	1	1200	1	3099283	2582.735833333333	0.0007745675822270311	0.021687892302356872