/work/LAS/jernigan-lab/Ben/ProjectHIV/ProtGOs01/gagB62BlastOutUNI.tsv	GO:0019062	479	198407	1284	3099283	5.827398708124543	1.390652633514504e-173	1.9914145711927697e-169
/work/LAS/jernigan-lab/Ben/ProjectHIV/ProtGOs01/gagB62BlastOutUNI.tsv	GO:0039654	320	198407	668	3099283	7.483034706768755	1.5317783938810731e-140	2.193506660037697e-136
/work/LAS/jernigan-lab/Ben/ProjectHIV/ProtGOs01/gagB62BlastOutUNI.tsv	GO:0019031	465	198407	1535	3099283	4.732044463795828	4.1147070340400824e-140	5.892260472745398e-136
/work/LAS/jernigan-lab/Ben/ProjectHIV/ProtGOs01/gagB62BlastOutUNI.tsv	GO:0055036	558	198407	2272	3099283	3.8364550626372864	2.534508246011485e-134	3.629415808288446e-130
/work/LAS/jernigan-lab/Ben/ProjectHIV/ProtGOs01/gagB62BlastOutUNI.tsv	GO:0003968	358	198407	1027	3099283	5.445237499742901	4.263494933489148e-123	6.10532474475646e-119
/work/LAS/jernigan-lab/Ben/ProjectHIV/ProtGOs01/gagB62BlastOutUNI.tsv	GO:0039694	339	198407	935	3099283	5.663596842971918	1.2834538317048471e-120	1.837905887001341e-116
/work/LAS/jernigan-lab/Ben/ProjectHIV/ProtGOs01/gagB62BlastOutUNI.tsv	GO:0020002	480	198407	2048	3099283	3.6611331914952596	1.2199810298032416e-109	1.747012834678242e-105
/work/LAS/jernigan-lab/Ben/ProjectHIV/ProtGOs01/gagB62BlastOutUNI.tsv	GO:0075512	232	198407	463	3099283	7.827286627404121	1.4491987861672158e-105	2.0752526617914532e-101
/work/LAS/jernigan-lab/Ben/ProjectHIV/ProtGOs01/gagB62BlastOutUNI.tsv	GO:0039520	174	198407	272	3099283	9.992740005022355	3.0202474440870404e-92	4.324994339932642e-88
/work/LAS/jernigan-lab/Ben/ProjectHIV/ProtGOs01/gagB62BlastOutUNI.tsv	GO:0019064	250	198407	686	3099283	5.692724107281259	7.2028216996414665e-90	1.031444067388658e-85
/work/LAS/jernigan-lab/Ben/ProjectHIV/ProtGOs01/gagB62BlastOutUNI.tsv	GO:0004160	218	198407	581	3099283	5.861173871226835	1.6627195191047399e-80	2.3810143513579875e-76
/work/LAS/jernigan-lab/Ben/ProjectHIV/ProtGOs01/gagB62BlastOutUNI.tsv	GO:0004197	263	198407	885	3099283	4.64212383271173	1.083948371497257e-78	1.5522140679840722e-74
/work/LAS/jernigan-lab/Ben/ProjectHIV/ProtGOs01/gagB62BlastOutUNI.tsv	GO:0044220	145	198407	241	3099283	9.398427667240943	1.435542323807506e-74	2.0556966076923488e-70
/work/LAS/jernigan-lab/Ben/ProjectHIV/ProtGOs01/gagB62BlastOutUNI.tsv	GO:0042286	211	198407	675	3099283	4.882957295600196	1.2595485652651766e-66	1.8036735454597328e-62
/work/LAS/jernigan-lab/Ben/ProjectHIV/ProtGOs01/gagB62BlastOutUNI.tsv	GO:0019082	115	198407	170	3099283	10.567035407609847	1.7956553950804647e-63	2.5713785257552254e-59
/work/LAS/jernigan-lab/Ben/ProjectHIV/ProtGOs01/gagB62BlastOutUNI.tsv	GO:0031177	185	198407	546	3099283	5.29277374692355	5.000271604851734e-63	7.160388938147683e-59
/work/LAS/jernigan-lab/Ben/ProjectHIV/ProtGOs01/gagB62BlastOutUNI.tsv	GO:0003724	358	198407	1900	3099283	2.9432941643347155	1.5455245651942587e-61	2.2131911773581786e-57
/work/LAS/jernigan-lab/Ben/ProjectHIV/ProtGOs01/gagB62BlastOutUNI.tsv	GO:0044175	119	198407	224	3099283	8.298568567389255	3.8718818238617527e-57	5.54453477177003e-53
/work/LAS/jernigan-lab/Ben/ProjectHIV/ProtGOs01/gagB62BlastOutUNI.tsv	GO:0005198	502	198407	3406	3099283	2.302307441306708	8.055844664316749e-56	1.1535969559301583e-51
/work/LAS/jernigan-lab/Ben/ProjectHIV/ProtGOs01/gagB62BlastOutUNI.tsv	GO:0004813	184	198407	729	3099283	3.9427073125787087	4.698882917909777e-47	6.7288003384468e-43
/work/LAS/jernigan-lab/Ben/ProjectHIV/ProtGOs01/gagB62BlastOutUNI.tsv	GO:0006419	184	198407	729	3099283	3.9427073125787087	4.698882917909777e-47	6.7288003384468e-43
/work/LAS/jernigan-lab/Ben/ProjectHIV/ProtGOs01/gagB62BlastOutUNI.tsv	GO:0042025	496	198407	3656	3099283	2.1192380020208885	3.132200229910976e-46	4.485310729232518e-42
/work/LAS/jernigan-lab/Ben/ProjectHIV/ProtGOs01/gagB62BlastOutUNI.tsv	GO:0006428	160	198407	581	3099283	4.301778988056393	4.0649763612190456e-45	5.821046149265674e-41
/work/LAS/jernigan-lab/Ben/ProjectHIV/ProtGOs01/gagB62BlastOutUNI.tsv	GO:0004822	160	198407	583	3099283	4.2870215987320135	5.839511998523613e-45	8.362181181885814e-41
/work/LAS/jernigan-lab/Ben/ProjectHIV/ProtGOs01/gagB62BlastOutUNI.tsv	GO:0075509	103	198407	228	3099283	7.056780701268056	1.0206173854514135e-44	1.4615240959664241e-40
/work/LAS/jernigan-lab/Ben/ProjectHIV/ProtGOs01/gagB62BlastOutUNI.tsv	GO:0016020	926	198407	8665	3099283	1.6693471626141572	1.7197558901708534e-43	2.462690434724662e-39
/work/LAS/jernigan-lab/Ben/ProjectHIV/ProtGOs01/gagB62BlastOutUNI.tsv	GO:0075526	100	198407	233	3099283	6.704221008746685	6.173132123180447e-42	8.839925200394399e-38
/work/LAS/jernigan-lab/Ben/ProjectHIV/ProtGOs01/gagB62BlastOutUNI.tsv	GO:0008483	230	198407	1189	3099283	3.021692210754708	8.675635833763122e-42	1.242351051394879e-37
/work/LAS/jernigan-lab/Ben/ProjectHIV/ProtGOs01/gagB62BlastOutUNI.tsv	GO:0016324	272	198407	1572	3099283	2.7028416708036254	2.369353911933506e-41	3.3929148018887805e-37
/work/LAS/jernigan-lab/Ben/ProjectHIV/ProtGOs01/gagB62BlastOutUNI.tsv	GO:0006351	672	198407	5833	3099283	1.7996230218850007	1.1464479558748253e-40	1.6417134728127498e-36
/work/LAS/jernigan-lab/Ben/ProjectHIV/ProtGOs01/gagB62BlastOutUNI.tsv	GO:0002161	354	198407	2398	3099283	2.3059948175289575	4.849497876972942e-40	6.944480959825254e-36
/work/LAS/jernigan-lab/Ben/ProjectHIV/ProtGOs01/gagB62BlastOutUNI.tsv	GO:0007155	319	198407	2143	3099283	2.32526661183908	8.27180874167917e-37	1.1845230118084572e-32
/work/LAS/jernigan-lab/Ben/ProjectHIV/ProtGOs01/gagB62BlastOutUNI.tsv	GO:0039502	164	198407	731	3099283	3.5045375264873915	8.57036761569344e-37	1.2272766425673005e-32
/work/LAS/jernigan-lab/Ben/ProjectHIV/ProtGOs01/gagB62BlastOutUNI.tsv	GO:0044167	122	198407	428	3099283	4.452667906416665	4.8115469617047875e-36	6.890135249161256e-32
/work/LAS/jernigan-lab/Ben/ProjectHIV/ProtGOs01/gagB62BlastOutUNI.tsv	GO:0018144	81	198407	176	3099283	7.189134266936146	5.4565061034636365e-36	7.813716740159927e-32
/work/LAS/jernigan-lab/Ben/ProjectHIV/ProtGOs01/gagB62BlastOutUNI.tsv	GO:0019079	97	198407	287	3099283	5.279515645250307	7.643885547949509e-34	1.0946044104663697e-29
/work/LAS/jernigan-lab/Ben/ProjectHIV/ProtGOs01/gagB62BlastOutUNI.tsv	GO:1903911	53	198407	63	3099283	13.141337339208382	1.762836852026511e-33	2.524382372101964e-29
/work/LAS/jernigan-lab/Ben/ProjectHIV/ProtGOs01/gagB62BlastOutUNI.tsv	GO:0009099	231	198407	1382	3099283	2.6110078679723068	2.425036276945242e-33	3.472651948585586e-29
/work/LAS/jernigan-lab/Ben/ProjectHIV/ProtGOs01/gagB62BlastOutUNI.tsv	GO:0043025	281	198407	1870	3099283	2.3473019363939662	2.51666285854987e-33	3.6038612134434136e-29
/work/LAS/jernigan-lab/Ben/ProjectHIV/ProtGOs01/gagB62BlastOutUNI.tsv	GO:0005516	222	198407	1305	3099283	2.6573374398347203	3.61205603726937e-33	5.172464245369738e-29
/work/LAS/jernigan-lab/Ben/ProjectHIV/ProtGOs01/gagB62BlastOutUNI.tsv	GO:1903908	49	198407	50	3099283	15.30841825137218	3.752029474693441e-33	5.372906207761008e-29
/work/LAS/jernigan-lab/Ben/ProjectHIV/ProtGOs01/gagB62BlastOutUNI.tsv	GO:0039523	104	198407	341	3099283	4.764125615365093	5.010271926834257e-33	7.174709399226656e-29
/work/LAS/jernigan-lab/Ben/ProjectHIV/ProtGOs01/gagB62BlastOutUNI.tsv	GO:1903905	50	198407	55	3099283	14.200759045799796	9.239932713405387e-33	1.3231583645596515e-28
/work/LAS/jernigan-lab/Ben/ProjectHIV/ProtGOs01/gagB62BlastOutUNI.tsv	GO:0039648	65	198407	121	3099283	8.391357617972606	3.2691390147655086e-32	4.681407069144208e-28
/work/LAS/jernigan-lab/Ben/ProjectHIV/ProtGOs01/gagB62BlastOutUNI.tsv	GO:0009097	241	198407	1511	3099283	2.491476653237277	3.876278326553059e-32	5.550830563623981e-28
/work/LAS/jernigan-lab/Ben/ProjectHIV/ProtGOs01/gagB62BlastOutUNI.tsv	GO:0043235	155	198407	742	3099283	3.2631124222491446	6.799399212717685e-32	9.736739672611725e-28
/work/LAS/jernigan-lab/Ben/ProjectHIV/ProtGOs01/gagB62BlastOutUNI.tsv	GO:0004482	84	198407	244	3099283	5.3776644911143485	5.358371049776485e-30	7.673187343279926e-26
/work/LAS/jernigan-lab/Ben/ProjectHIV/ProtGOs01/gagB62BlastOutUNI.tsv	GO:0046789	104	198407	390	3099283	4.16555598676794	5.295551339023195e-29	7.583229517481215e-25
/work/LAS/jernigan-lab/Ben/ProjectHIV/ProtGOs01/gagB62BlastOutUNI.tsv	GO:0003678	195	198407	1157	3099283	2.6327249916370405	7.098289771752247e-29	1.0164750953149218e-24
/work/LAS/jernigan-lab/Ben/ProjectHIV/ProtGOs01/gagB62BlastOutUNI.tsv	GO:0051015	190	198407	1111	3099283	2.6714299195068922	7.622136396229537e-29	1.0914899319400697e-24
/work/LAS/jernigan-lab/Ben/ProjectHIV/ProtGOs01/gagB62BlastOutUNI.tsv	GO:0090527	50	198407	77	3099283	10.143399318428425	5.9211359302784635e-28	8.47906665215876e-24
/work/LAS/jernigan-lab/Ben/ProjectHIV/ProtGOs01/gagB62BlastOutUNI.tsv	GO:0042626	168	198407	933	3099283	2.812754846370635	7.322164442970198e-28	1.0485339482333324e-23
/work/LAS/jernigan-lab/Ben/ProjectHIV/ProtGOs01/gagB62BlastOutUNI.tsv	GO:0039579	48	198407	70	3099283	10.711429680260418	1.1590876398571207e-27	1.659813500275397e-23
/work/LAS/jernigan-lab/Ben/ProjectHIV/ProtGOs01/gagB62BlastOutUNI.tsv	GO:0032982	54	198407	98	3099283	8.607398850209263	1.89937849376397e-27	2.719910003070005e-23
/work/LAS/jernigan-lab/Ben/ProjectHIV/ProtGOs01/gagB62BlastOutUNI.tsv	GO:0044173	45	198407	59	3099283	11.914196148594744	2.0534710644838295e-27	2.940570564340844e-23
/work/LAS/jernigan-lab/Ben/ProjectHIV/ProtGOs01/gagB62BlastOutUNI.tsv	GO:0007156	115	198407	496	3099283	3.6217661679307946	2.246249557069061e-27	3.216629365722895e-23
/work/LAS/jernigan-lab/Ben/ProjectHIV/ProtGOs01/gagB62BlastOutUNI.tsv	GO:0008569	48	198407	72	3099283	10.41388996691985	2.8680597195579615e-27	4.107061518407001e-23
/work/LAS/jernigan-lab/Ben/ProjectHIV/ProtGOs01/gagB62BlastOutUNI.tsv	GO:0039563	63	198407	146	3099283	6.740497273109081	3.722005023120442e-27	5.329911193108473e-23
/work/LAS/jernigan-lab/Ben/ProjectHIV/ProtGOs01/gagB62BlastOutUNI.tsv	GO:0016874	117	198407	519	3099283	3.5214599021087354	6.417054345911724e-27	9.189221823345589e-23
/work/LAS/jernigan-lab/Ben/ProjectHIV/ProtGOs01/gagB62BlastOutUNI.tsv	GO:0005216	116	198407	515	3099283	3.518479328629231	1.119854027269981e-26	1.6036309670506128e-22
/work/LAS/jernigan-lab/Ben/ProjectHIV/ProtGOs01/gagB62BlastOutUNI.tsv	GO:0004315	145	198407	770	3099283	2.9415858023442434	5.058344393308302e-26	7.243549171217488e-22
/work/LAS/jernigan-lab/Ben/ProjectHIV/ProtGOs01/gagB62BlastOutUNI.tsv	GO:0004483	51	198407	93	3099283	8.566264327627618	6.104437873544636e-26	8.74155503491592e-22
/work/LAS/jernigan-lab/Ben/ProjectHIV/ProtGOs01/gagB62BlastOutUNI.tsv	GO:0046813	47	198407	76	3099283	9.660253192998018	1.0609189464640187e-25	1.5192359313364748e-21
/work/LAS/jernigan-lab/Ben/ProjectHIV/ProtGOs01/gagB62BlastOutUNI.tsv	GO:0046761	102	198407	427	3099283	3.7314406673038336	2.5489627225561945e-25	3.650114618700471e-21
/work/LAS/jernigan-lab/Ben/ProjectHIV/ProtGOs01/gagB62BlastOutUNI.tsv	GO:0039547	42	198407	58	3099283	11.311639101999146	4.584956515728843e-25	6.565657730523703e-21
/work/LAS/jernigan-lab/Ben/ProjectHIV/ProtGOs01/gagB62BlastOutUNI.tsv	GO:0044385	93	198407	367	3099283	3.958413216308771	8.933944342315376e-25	1.2793408298195619e-20
/work/LAS/jernigan-lab/Ben/ProjectHIV/ProtGOs01/gagB62BlastOutUNI.tsv	GO:0004843	129	198407	672	3099283	2.998642423510403	5.527368315941594e-24	7.915191428428362e-20
/work/LAS/jernigan-lab/Ben/ProjectHIV/ProtGOs01/gagB62BlastOutUNI.tsv	GO:1904322	48	198407	94	3099283	7.976596570406693	1.7153063728930828e-23	2.4563187259828944e-19
/work/LAS/jernigan-lab/Ben/ProjectHIV/ProtGOs01/gagB62BlastOutUNI.tsv	GO:0030424	242	198407	1793	3099283	2.1083335515850004	3.0600999442939475e-23	4.382063120228933e-19
/work/LAS/jernigan-lab/Ben/ProjectHIV/ProtGOs01/gagB62BlastOutUNI.tsv	GO:0044162	53	198407	123	3099283	6.7309288810579515	4.3861080556879353e-23	6.280906735745124e-19
/work/LAS/jernigan-lab/Ben/ProjectHIV/ProtGOs01/gagB62BlastOutUNI.tsv	GO:0044186	36	198407	44	3099283	12.780683141219816	5.83136260769448e-23	8.350511254218495e-19
/work/LAS/jernigan-lab/Ben/ProjectHIV/ProtGOs01/gagB62BlastOutUNI.tsv	GO:0039595	40	198407	61	3099283	10.243170459265427	8.547891055118061e-23	1.2240579990929064e-18
/work/LAS/jernigan-lab/Ben/ProjectHIV/ProtGOs01/gagB62BlastOutUNI.tsv	GO:0039707	94	198407	406	3099283	3.6166465156051695	1.1721460766510643e-22	1.678513181764324e-18
/work/LAS/jernigan-lab/Ben/ProjectHIV/ProtGOs01/gagB62BlastOutUNI.tsv	GO:0005509	499	198407	4777	3099283	1.6317346954656704	1.8234436845069498e-22	2.611171356213952e-18
/work/LAS/jernigan-lab/Ben/ProjectHIV/ProtGOs01/gagB62BlastOutUNI.tsv	GO:0007411	135	198407	754	3099283	2.796833843900888	1.883506464286277e-22	2.697181256857949e-18
/work/LAS/jernigan-lab/Ben/ProjectHIV/ProtGOs01/gagB62BlastOutUNI.tsv	GO:0039564	51	198407	117	3099283	6.809081901447594	1.8877898458188852e-22	2.703315059212644e-18
/work/LAS/jernigan-lab/Ben/ProjectHIV/ProtGOs01/gagB62BlastOutUNI.tsv	GO:0035556	242	198407	1826	3099283	2.0702311380021388	2.8454420706743963e-22	4.0746730452057355e-18
/work/LAS/jernigan-lab/Ben/ProjectHIV/ProtGOs01/gagB62BlastOutUNI.tsv	GO:0009986	393	198407	3529	3099283	1.7395829230658122	3.939002510847426e-22	5.640651595533514e-18
/work/LAS/jernigan-lab/Ben/ProjectHIV/ProtGOs01/gagB62BlastOutUNI.tsv	GO:0039690	40	198407	65	3099283	9.612821507926016	4.740950890259806e-22	6.789041674852042e-18
/work/LAS/jernigan-lab/Ben/ProjectHIV/ProtGOs01/gagB62BlastOutUNI.tsv	GO:0039657	67	198407	218	3099283	4.8008988150249765	4.890965970821481e-22	7.00386327021636e-18
/work/LAS/jernigan-lab/Ben/ProjectHIV/ProtGOs01/gagB62BlastOutUNI.tsv	GO:0030425	258	198407	2010	3099283	2.0050623966159113	5.017030086804717e-22	7.184387084304354e-18
/work/LAS/jernigan-lab/Ben/ProjectHIV/ProtGOs01/gagB62BlastOutUNI.tsv	GO:0016323	155	198407	955	3099283	2.5353187615799633	7.619305772136437e-22	1.0910845865699378e-17
/work/LAS/jernigan-lab/Ben/ProjectHIV/ProtGOs01/gagB62BlastOutUNI.tsv	GO:0004714	78	198407	300	3099283	4.061417087098741	1.2738304755315169e-21	1.8241252409611323e-17
/work/LAS/jernigan-lab/Ben/ProjectHIV/ProtGOs01/gagB62BlastOutUNI.tsv	GO:0039522	39	198407	63	3099283	9.670040683568432	1.3186248718478892e-21	1.8882708164861774e-17
/work/LAS/jernigan-lab/Ben/ProjectHIV/ProtGOs01/gagB62BlastOutUNI.tsv	GO:0005887	960	198407	10709	3099283	1.4003176349205886	1.5624041059341362e-21	2.237362679697683e-17
/work/LAS/jernigan-lab/Ben/ProjectHIV/ProtGOs01/gagB62BlastOutUNI.tsv	GO:0000146	56	198407	154	3099283	5.680303618319918	1.8214853077677177e-21	2.6083669607233716e-17
/work/LAS/jernigan-lab/Ben/ProjectHIV/ProtGOs01/gagB62BlastOutUNI.tsv	GO:0044191	35	198407	47	3099283	11.632536665176428	1.993041942813233e-21	2.8540360621085494e-17
/work/LAS/jernigan-lab/Ben/ProjectHIV/ProtGOs01/gagB62BlastOutUNI.tsv	GO:0098978	169	198407	1106	3099283	2.3869087763238537	3.1648528183889603e-21	4.532069235932991e-17
/work/LAS/jernigan-lab/Ben/ProjectHIV/ProtGOs01/gagB62BlastOutUNI.tsv	GO:0007018	95	198407	438	3099283	3.388080639922554	3.457736618669348e-21	4.951478837934506e-17
/work/LAS/jernigan-lab/Ben/ProjectHIV/ProtGOs01/gagB62BlastOutUNI.tsv	GO:0015106	44	198407	90	3099283	7.63685264240789	4.261978267808208e-21	6.103152879501354e-17
/work/LAS/jernigan-lab/Ben/ProjectHIV/ProtGOs01/gagB62BlastOutUNI.tsv	GO:0016459	80	198407	326	3099283	3.833333730154546	7.884983447421836e-21	1.129129629670807e-16
/work/LAS/jernigan-lab/Ben/ProjectHIV/ProtGOs01/gagB62BlastOutUNI.tsv	GO:0039618	43	198407	87	3099283	7.720642561681958	8.572120213828606e-21	1.2275276146202564e-16
/work/LAS/jernigan-lab/Ben/ProjectHIV/ProtGOs01/gagB62BlastOutUNI.tsv	GO:0044694	35	198407	51	3099283	10.720180848299846	1.3315588912503844e-20	1.9067923322705505e-16
/work/LAS/jernigan-lab/Ben/ProjectHIV/ProtGOs01/gagB62BlastOutUNI.tsv	GO:0009888	51	198407	134	3099283	5.945243152756482	2.1896807823807148e-20	3.1356228803691835e-16
/work/LAS/jernigan-lab/Ben/ProjectHIV/ProtGOs01/gagB62BlastOutUNI.tsv	GO:0035596	117	198407	643	3099283	2.8423603253412653	2.896486282333668e-20	4.147768356301812e-16
/work/LAS/jernigan-lab/Ben/ProjectHIV/ProtGOs01/gagB62BlastOutUNI.tsv	GO:0004553	111	198407	591	3099283	2.933862401847978	2.9463184416998734e-20	4.219128008514219e-16
/work/LAS/jernigan-lab/Ben/ProjectHIV/ProtGOs01/gagB62BlastOutUNI.tsv	GO:0030245	93	198407	439	3099283	3.309197381287743	3.457009616424606e-20	4.950437770720036e-16
/work/LAS/jernigan-lab/Ben/ProjectHIV/ProtGOs01/gagB62BlastOutUNI.tsv	GO:0005604	84	198407	368	3099283	3.5656253691084268	4.2273589895414254e-20	6.053578073023321e-16
/work/LAS/jernigan-lab/Ben/ProjectHIV/ProtGOs01/gagB62BlastOutUNI.tsv	GO:0043197	121	198407	689	3099283	2.743281609573226	7.850564341157312e-20	1.124200813653727e-15
/work/LAS/jernigan-lab/Ben/ProjectHIV/ProtGOs01/gagB62BlastOutUNI.tsv	GO:0031012	157	198407	1036	3099283	2.3672500841791746	1.0923441135397336e-19	1.5642367705888986e-15
/work/LAS/jernigan-lab/Ben/ProjectHIV/ProtGOs01/gagB62BlastOutUNI.tsv	GO:0039611	34	198407	53	3099283	10.020912987036082	2.1742772425519625e-19	3.1135650113344102e-15
/work/LAS/jernigan-lab/Ben/ProjectHIV/ProtGOs01/gagB62BlastOutUNI.tsv	GO:0015108	44	198407	103	3099283	6.6729780370554375	2.526188603682598e-19	3.61750208047348e-15
/work/LAS/jernigan-lab/Ben/ProjectHIV/ProtGOs01/gagB62BlastOutUNI.tsv	GO:0043005	221	198407	1715	3099283	2.012947244334653	3.4145952155409274e-19	4.889700348654608e-15
/work/LAS/jernigan-lab/Ben/ProjectHIV/ProtGOs01/gagB62BlastOutUNI.tsv	GO:0004386	136	198407	856	3099283	2.481814898658469	9.665817043422929e-19	1.3841450006181634e-14
/work/LAS/jernigan-lab/Ben/ProjectHIV/ProtGOs01/gagB62BlastOutUNI.tsv	GO:0009925	61	198407	216	3099283	4.41143949987577	1.0277962804199502e-18	1.4718042735613686e-14
/work/LAS/jernigan-lab/Ben/ProjectHIV/ProtGOs01/gagB62BlastOutUNI.tsv	GO:0098609	99	198407	522	3099283	2.9625721457616816	1.6847447148628207e-18	2.4125544316835593e-14
/work/LAS/jernigan-lab/Ben/ProjectHIV/ProtGOs01/gagB62BlastOutUNI.tsv	GO:0008765	50	198407	147	3099283	5.313209166795842	2.37463110217562e-18	3.400471738315488e-14
/work/LAS/jernigan-lab/Ben/ProjectHIV/ProtGOs01/gagB62BlastOutUNI.tsv	GO:0043335	97	198407	512	3099283	2.9594159964586684	3.913317538357288e-18	5.6038707149276363e-14
/work/LAS/jernigan-lab/Ben/ProjectHIV/ProtGOs01/gagB62BlastOutUNI.tsv	GO:0030983	173	198407	1247	3099283	2.167124656307699	4.150279841475867e-18	5.943200732993441e-14
/work/LAS/jernigan-lab/Ben/ProjectHIV/ProtGOs01/gagB62BlastOutUNI.tsv	GO:0016887	730	198407	8028	3099283	1.420429685323522	4.948158171315313e-18	7.085762501323527e-14
/work/LAS/jernigan-lab/Ben/ProjectHIV/ProtGOs01/gagB62BlastOutUNI.tsv	GO:0008017	186	198407	1390	3099283	2.090270000554416	7.981422732264435e-18	1.142939735260267e-13
/work/LAS/jernigan-lab/Ben/ProjectHIV/ProtGOs01/gagB62BlastOutUNI.tsv	GO:0003887	170	198407	1225	3099283	2.1677893400527033	8.970912791527344e-18	1.2846347117467155e-13
/work/LAS/jernigan-lab/Ben/ProjectHIV/ProtGOs01/gagB62BlastOutUNI.tsv	GO:0034765	97	198407	520	3099283	2.9138865195900734	9.510850386297513e-18	1.3619537753178038e-13
/work/LAS/jernigan-lab/Ben/ProjectHIV/ProtGOs01/gagB62BlastOutUNI.tsv	GO:0033674	69	198407	289	3099283	3.7295419085681814	1.146406589913636e-17	1.6416542367563268e-13
/work/LAS/jernigan-lab/Ben/ProjectHIV/ProtGOs01/gagB62BlastOutUNI.tsv	GO:0051454	32	198407	54	3099283	9.256791081706533	1.3594068007282919e-17	1.946670538642914e-13
/work/LAS/jernigan-lab/Ben/ProjectHIV/ProtGOs01/gagB62BlastOutUNI.tsv	GO:0005260	29	198407	42	3099283	10.785814608595558	2.2180209074115524e-17	3.176205939413343e-13
/work/LAS/jernigan-lab/Ben/ProjectHIV/ProtGOs01/gagB62BlastOutUNI.tsv	GO:0003964	72	198407	326	3099283	3.4500003571390914	8.077380554586982e-17	1.1566808954168558e-12
/work/LAS/jernigan-lab/Ben/ProjectHIV/ProtGOs01/gagB62BlastOutUNI.tsv	GO:0030286	47	198407	145	3099283	5.063305121847238	1.1164211206204468e-16	1.5987150447284798e-12
/work/LAS/jernigan-lab/Ben/ProjectHIV/ProtGOs01/gagB62BlastOutUNI.tsv	GO:0044877	215	198407	1758	3099283	1.9103979034878564	1.3658176814500916e-16	1.955850919836531e-12
/work/LAS/jernigan-lab/Ben/ProjectHIV/ProtGOs01/gagB62BlastOutUNI.tsv	GO:0005938	147	198407	1032	3099283	2.2250607923506074	1.8675743685230104e-16	2.674366495724951e-12
/work/LAS/jernigan-lab/Ben/ProjectHIV/ProtGOs01/gagB62BlastOutUNI.tsv	GO:0006298	193	198407	1519	3099283	1.9847407145643823	1.8807497899195035e-16	2.693233699164729e-12
/work/LAS/jernigan-lab/Ben/ProjectHIV/ProtGOs01/gagB62BlastOutUNI.tsv	GO:0004133	33	198407	67	3099283	7.6938440800378	2.7627011149837057e-16	3.956187996656667e-12
/work/LAS/jernigan-lab/Ben/ProjectHIV/ProtGOs01/gagB62BlastOutUNI.tsv	GO:0019087	30	198407	53	3099283	8.841982047384779	3.503012430386446e-16	5.016313800313391e-12
/work/LAS/jernigan-lab/Ben/ProjectHIV/ProtGOs01/gagB62BlastOutUNI.tsv	GO:0045505	38	198407	95	3099283	6.2483339801519096	3.7072257658577994e-16	5.3087472967083685e-12
/work/LAS/jernigan-lab/Ben/ProjectHIV/ProtGOs01/gagB62BlastOutUNI.tsv	GO:0007169	88	198407	474	3099283	2.900070623699199	3.763962349237792e-16	5.389994084108519e-12
/work/LAS/jernigan-lab/Ben/ProjectHIV/ProtGOs01/gagB62BlastOutUNI.tsv	GO:0006782	288	198407	2617	3099283	1.7190678126516528	4.252543045426898e-16	6.089641641051318e-12
/work/LAS/jernigan-lab/Ben/ProjectHIV/ProtGOs01/gagB62BlastOutUNI.tsv	GO:0015079	78	198407	390	3099283	3.1241669900759548	5.20203828858844e-16	7.449318829258647e-12
/work/LAS/jernigan-lab/Ben/ProjectHIV/ProtGOs01/gagB62BlastOutUNI.tsv	GO:0051959	37	198407	91	3099283	6.35132849630826	5.926172817541035e-16	8.486279474718762e-12
/work/LAS/jernigan-lab/Ben/ProjectHIV/ProtGOs01/gagB62BlastOutUNI.tsv	GO:0062023	127	198407	850	3099283	2.3339365161155663	8.859191874285228e-16	1.2686362763976447e-11
/work/LAS/jernigan-lab/Ben/ProjectHIV/ProtGOs01/gagB62BlastOutUNI.tsv	GO:0002223	46	198407	151	3099283	4.758664951771322	1.604221518844275e-15	2.2972452149850017e-11
/work/LAS/jernigan-lab/Ben/ProjectHIV/ProtGOs01/gagB62BlastOutUNI.tsv	GO:0030506	34	198407	78	3099283	6.809081901447594	1.7154382101494283e-15	2.4565075169339813e-11
/work/LAS/jernigan-lab/Ben/ProjectHIV/ProtGOs01/gagB62BlastOutUNI.tsv	GO:0039545	55	198407	216	3099283	3.977527417920776	2.0853185658675076e-15	2.986176186322271e-11
/work/LAS/jernigan-lab/Ben/ProjectHIV/ProtGOs01/gagB62BlastOutUNI.tsv	GO:0019869	32	198407	68	3099283	7.350981153119894	2.1076933284476313e-15	3.018216846337008e-11
/work/LAS/jernigan-lab/Ben/ProjectHIV/ProtGOs01/gagB62BlastOutUNI.tsv	GO:0008233	163	198407	1233	3099283	2.0650414411288756	2.116902229029958e-15	3.0314039919709e-11
/work/LAS/jernigan-lab/Ben/ProjectHIV/ProtGOs01/gagB62BlastOutUNI.tsv	GO:0046718	167	198407	1280	3099283	2.038030809932361	2.7863303152368133e-15	3.990025011419117e-11
/work/LAS/jernigan-lab/Ben/ProjectHIV/ProtGOs01/gagB62BlastOutUNI.tsv	GO:0060081	34	198407	80	3099283	6.638854853911404	3.101479589937814e-15	4.4413187727909494e-11
/work/LAS/jernigan-lab/Ben/ProjectHIV/ProtGOs01/gagB62BlastOutUNI.tsv	GO:0035377	29	198407	55	3099283	8.236440246563882	4.401510038205204e-15	6.302962374709853e-11
/work/LAS/jernigan-lab/Ben/ProjectHIV/ProtGOs01/gagB62BlastOutUNI.tsv	GO:0050891	37	198407	99	3099283	5.838089829939916	5.037398818293178e-15	7.213555107795832e-11
/work/LAS/jernigan-lab/Ben/ProjectHIV/ProtGOs01/gagB62BlastOutUNI.tsv	GO:1902476	57	198407	237	3099283	3.7569096716103254	5.3878450126538286e-15	7.715394058120283e-11
/work/LAS/jernigan-lab/Ben/ProjectHIV/ProtGOs01/gagB62BlastOutUNI.tsv	GO:0031410	185	198407	1497	3099283	1.9304305048899522	7.667667585450477e-15	1.0980099982365084e-10
/work/LAS/jernigan-lab/Ben/ProjectHIV/ProtGOs01/gagB62BlastOutUNI.tsv	GO:0039574	25	198407	38	3099283	10.276865098934062	7.773791201598546e-15	1.1132069000689118e-10
/work/LAS/jernigan-lab/Ben/ProjectHIV/ProtGOs01/gagB62BlastOutUNI.tsv	GO:0005794	499	198407	5328	3099283	1.46298735740231	1.235366084968914e-14	1.7690442336754848e-10
/work/LAS/jernigan-lab/Ben/ProjectHIV/ProtGOs01/gagB62BlastOutUNI.tsv	GO:0030683	61	198407	275	3099283	3.46498520717515	1.4275850847498513e-14	2.044301841361787e-10
/work/LAS/jernigan-lab/Ben/ProjectHIV/ProtGOs01/gagB62BlastOutUNI.tsv	GO:0019028	111	198407	732	3099283	2.3687331687051296	2.32166779118033e-14	3.3246282769702324e-10
/work/LAS/jernigan-lab/Ben/ProjectHIV/ProtGOs01/gagB62BlastOutUNI.tsv	GO:0016477	129	198407	912	3099283	2.2095259962708234	2.3263543536732875e-14	3.331339434460148e-10
/work/LAS/jernigan-lab/Ben/ProjectHIV/ProtGOs01/gagB62BlastOutUNI.tsv	GO:0015701	37	198407	108	3099283	5.3515823441115895	4.5468265606894636e-14	6.511055634907311e-10
/work/LAS/jernigan-lab/Ben/ProjectHIV/ProtGOs01/gagB62BlastOutUNI.tsv	GO:0004088	82	198407	467	3099283	2.7428446807947355	5.365950806357068e-14	7.684041554703322e-10
/work/LAS/jernigan-lab/Ben/ProjectHIV/ProtGOs01/gagB62BlastOutUNI.tsv	GO:0030898	43	198407	150	3099283	4.477972685775535	7.491296854840318e-14	1.0727537096131334e-09
/work/LAS/jernigan-lab/Ben/ProjectHIV/ProtGOs01/gagB62BlastOutUNI.tsv	GO:0008692	50	198407	202	3099283	3.8665433045494493	9.4014461773272e-14	1.346287092593255e-09
/work/LAS/jernigan-lab/Ben/ProjectHIV/ProtGOs01/gagB62BlastOutUNI.tsv	GO:0004823	112	198407	764	3099283	2.289965333039967	1.3947400582091707e-13	1.9972677633555326e-09
/work/LAS/jernigan-lab/Ben/ProjectHIV/ProtGOs01/gagB62BlastOutUNI.tsv	GO:0006429	112	198407	764	3099283	2.289965333039967	1.3947400582091707e-13	1.9972677633555326e-09
/work/LAS/jernigan-lab/Ben/ProjectHIV/ProtGOs01/gagB62BlastOutUNI.tsv	GO:0039540	48	198407	190	3099283	3.94631619799068	1.5259020281409124e-13	2.1850917042977865e-09
/work/LAS/jernigan-lab/Ben/ProjectHIV/ProtGOs01/gagB62BlastOutUNI.tsv	GO:0045211	109	198407	737	3099283	2.310272740286832	1.57413390715268e-13	2.2541597550426377e-09
/work/LAS/jernigan-lab/Ben/ProjectHIV/ProtGOs01/gagB62BlastOutUNI.tsv	GO:0044172	45	198407	170	3099283	4.13492689862994	2.1606970606473877e-13	3.094118190847059e-09
/work/LAS/jernigan-lab/Ben/ProjectHIV/ProtGOs01/gagB62BlastOutUNI.tsv	GO:0042383	80	198407	460	3099283	2.7166669478921346	2.6046639903227774e-13	3.729878834142217e-09
/work/LAS/jernigan-lab/Ben/ProjectHIV/ProtGOs01/gagB62BlastOutUNI.tsv	GO:0006119	75	198407	417	3099283	2.8095026889172257	2.6414755740804745e-13	3.782593022083239e-09
/work/LAS/jernigan-lab/Ben/ProjectHIV/ProtGOs01/gagB62BlastOutUNI.tsv	GO:0005912	89	198407	549	3099283	2.5323393635406193	3.259912237102055e-13	4.6681943235301426e-09
/work/LAS/jernigan-lab/Ben/ProjectHIV/ProtGOs01/gagB62BlastOutUNI.tsv	GO:0007165	299	198407	2923	3099283	1.5978890352937232	3.8925428089529737e-13	5.574121302420659e-09
/work/LAS/jernigan-lab/Ben/ProjectHIV/ProtGOs01/gagB62BlastOutUNI.tsv	GO:0015074	80	198407	474	3099283	2.636427839726544	6.726914606613543e-13	9.632941716670593e-09
/work/LAS/jernigan-lab/Ben/ProjectHIV/ProtGOs01/gagB62BlastOutUNI.tsv	GO:0004519	181	198407	1538	3099283	1.8383427347326002	7.738521540124411e-13	1.1081562845458156e-08
/work/LAS/jernigan-lab/Ben/ProjectHIV/ProtGOs01/gagB62BlastOutUNI.tsv	GO:0005085	83	198407	503	3099283	2.5775930435020307	7.960394180573208e-13	1.1399284466580834e-08
/work/LAS/jernigan-lab/Ben/ProjectHIV/ProtGOs01/gagB62BlastOutUNI.tsv	GO:0003857	57	198407	274	3099283	3.249589752451267	9.845345577850502e-13	1.4098534867481919e-08
/work/LAS/jernigan-lab/Ben/ProjectHIV/ProtGOs01/gagB62BlastOutUNI.tsv	GO:0045296	79	198407	469	3099283	2.631228062004269	1.0133226775159574e-12	1.4510780742028509e-08
/work/LAS/jernigan-lab/Ben/ProjectHIV/ProtGOs01/gagB62BlastOutUNI.tsv	GO:0004300	60	198407	301	3099283	3.113787697750121	1.2229555143172961e-12	1.751272296502368e-08
/work/LAS/jernigan-lab/Ben/ProjectHIV/ProtGOs01/gagB62BlastOutUNI.tsv	GO:0030426	93	198407	605	3099283	2.401219256835238	1.332875540682246e-12	1.9086777742569763e-08
/work/LAS/jernigan-lab/Ben/ProjectHIV/ProtGOs01/gagB62BlastOutUNI.tsv	GO:0007189	85	198407	527	3099283	2.51948950812577	1.4012039981777304e-12	2.00652412539051e-08
/work/LAS/jernigan-lab/Ben/ProjectHIV/ProtGOs01/gagB62BlastOutUNI.tsv	GO:0005319	38	198407	131	3099283	4.531234565759019	1.4922553058550363e-12	2.1369095979844118e-08
/work/LAS/jernigan-lab/Ben/ProjectHIV/ProtGOs01/gagB62BlastOutUNI.tsv	GO:0005096	148	198407	1181	3099283	1.9575644137647812	1.6394660770434544e-12	2.3477154223262266e-08
/work/LAS/jernigan-lab/Ben/ProjectHIV/ProtGOs01/gagB62BlastOutUNI.tsv	GO:0042813	27	198407	63	3099283	6.694643550162761	1.77766428713652e-12	2.5456152591794966e-08
/work/LAS/jernigan-lab/Ben/ProjectHIV/ProtGOs01/gagB62BlastOutUNI.tsv	GO:0070679	26	198407	58	3099283	7.0024432536185195	2.031551509396289e-12	2.9091817614554856e-08
/work/LAS/jernigan-lab/Ben/ProjectHIV/ProtGOs01/gagB62BlastOutUNI.tsv	GO:0035725	58	198407	289	3099283	3.134977256477602	2.2470511703746444e-12	3.217777275976491e-08
/work/LAS/jernigan-lab/Ben/ProjectHIV/ProtGOs01/gagB62BlastOutUNI.tsv	GO:0000724	113	198407	818	3099283	2.1578904026808248	2.652204668315323e-12	3.7979570850275424e-08
/work/LAS/jernigan-lab/Ben/ProjectHIV/ProtGOs01/gagB62BlastOutUNI.tsv	GO:0006171	34	198407	107	3099283	4.963629797316938	2.680763058344275e-12	3.838852699549002e-08
/work/LAS/jernigan-lab/Ben/ProjectHIV/ProtGOs01/gagB62BlastOutUNI.tsv	GO:0005905	56	198407	274	3099283	3.1925794059170345	2.838321663571294e-12	4.064476622234093e-08
/work/LAS/jernigan-lab/Ben/ProjectHIV/ProtGOs01/gagB62BlastOutUNI.tsv	GO:0052795	49	198407	217	3099283	3.5272853113760783	2.936002590251994e-12	4.204355709240855e-08
/work/LAS/jernigan-lab/Ben/ProjectHIV/ProtGOs01/gagB62BlastOutUNI.tsv	GO:0052796	49	198407	217	3099283	3.5272853113760783	2.936002590251994e-12	4.204355709240855e-08
/work/LAS/jernigan-lab/Ben/ProjectHIV/ProtGOs01/gagB62BlastOutUNI.tsv	GO:0052794	49	198407	217	3099283	3.5272853113760783	2.936002590251994e-12	4.204355709240855e-08
/work/LAS/jernigan-lab/Ben/ProjectHIV/ProtGOs01/gagB62BlastOutUNI.tsv	GO:0098982	48	198407	211	3099283	3.553554870228574	3.871055180049471e-12	5.5433510178308424e-08
/work/LAS/jernigan-lab/Ben/ProjectHIV/ProtGOs01/gagB62BlastOutUNI.tsv	GO:0003727	57	198407	285	3099283	3.1241669900759548	3.885729438153994e-12	5.564364555436519e-08
/work/LAS/jernigan-lab/Ben/ProjectHIV/ProtGOs01/gagB62BlastOutUNI.tsv	GO:0070588	58	198407	295	3099283	3.0712150071933118	4.6271767475104576e-12	6.626117102434975e-08
/work/LAS/jernigan-lab/Ben/ProjectHIV/ProtGOs01/gagB62BlastOutUNI.tsv	GO:0004888	93	198407	621	3099283	2.3393520940182273	4.710547743982001e-12	6.745504369382225e-08
/work/LAS/jernigan-lab/Ben/ProjectHIV/ProtGOs01/gagB62BlastOutUNI.tsv	GO:0005044	41	198407	159	3099283	4.028014043808621	4.9184120570501e-12	7.043166065695743e-08
/work/LAS/jernigan-lab/Ben/ProjectHIV/ProtGOs01/gagB62BlastOutUNI.tsv	GO:0034446	43	198407	174	3099283	3.860321280840979	4.985339002626879e-12	7.13900545176169e-08
/work/LAS/jernigan-lab/Ben/ProjectHIV/ProtGOs01/gagB62BlastOutUNI.tsv	GO:0050839	52	198407	246	3099283	3.3019651114623914	5.592694293561434e-12	8.008738228379974e-08
/work/LAS/jernigan-lab/Ben/ProjectHIV/ProtGOs01/gagB62BlastOutUNI.tsv	GO:0030335	115	198407	848	3099283	2.1183915321859366	5.836860744313597e-12	8.358384585857071e-08
/work/LAS/jernigan-lab/Ben/ProjectHIV/ProtGOs01/gagB62BlastOutUNI.tsv	GO:0030016	44	198407	183	3099283	3.755829168397323	6.206951879301023e-12	8.888355091159065e-08
/work/LAS/jernigan-lab/Ben/ProjectHIV/ProtGOs01/gagB62BlastOutUNI.tsv	GO:0038023	107	198407	768	3099283	2.1763402860555154	6.628132000159575e-12	9.49148502422851e-08
/work/LAS/jernigan-lab/Ben/ProjectHIV/ProtGOs01/gagB62BlastOutUNI.tsv	GO:0017038	141	198407	1130	3099283	1.949148431861547	6.768796465901187e-12	9.6929165391705e-08
/work/LAS/jernigan-lab/Ben/ProjectHIV/ProtGOs01/gagB62BlastOutUNI.tsv	GO:0000943	31	198407	93	3099283	5.206944983459925	8.756412168111198e-12	1.2539182224735234e-07
/work/LAS/jernigan-lab/Ben/ProjectHIV/ProtGOs01/gagB62BlastOutUNI.tsv	GO:0042122	17	198407	20	3099283	13.277709707822808	8.780951666738343e-12	1.2574322786769308e-07
/work/LAS/jernigan-lab/Ben/ProjectHIV/ProtGOs01/gagB62BlastOutUNI.tsv	GO:0009635	58	198407	301	3099283	3.009994774491784	9.340547312873125e-12	1.3375663752034314e-07
/work/LAS/jernigan-lab/Ben/ProjectHIV/ProtGOs01/gagB62BlastOutUNI.tsv	GO:0039548	36	198407	127	3099283	4.4279532142808815	9.862630926193187e-12	1.4123287486308644e-07
/work/LAS/jernigan-lab/Ben/ProjectHIV/ProtGOs01/gagB62BlastOutUNI.tsv	GO:0099061	39	198407	149	3099283	4.088674919898062	1.0900892543433854e-11	1.561007812219728e-07
/work/LAS/jernigan-lab/Ben/ProjectHIV/ProtGOs01/gagB62BlastOutUNI.tsv	GO:0030198	90	198407	602	3099283	2.335340773312591	1.1865764443820976e-11	1.6991774683551637e-07
/work/LAS/jernigan-lab/Ben/ProjectHIV/ProtGOs01/gagB62BlastOutUNI.tsv	GO:0007399	136	198407	1090	3099283	1.9490216084877516	1.5406159841498425e-11	2.2061620893025744e-07
/work/LAS/jernigan-lab/Ben/ProjectHIV/ProtGOs01/gagB62BlastOutUNI.tsv	GO:0005891	30	198407	91	3099283	5.149725807817508	2.353583080119811e-11	3.370330970731569e-07
/work/LAS/jernigan-lab/Ben/ProjectHIV/ProtGOs01/gagB62BlastOutUNI.tsv	GO:0071320	50	198407	241	3099283	3.240837126634808	2.5034373596486693e-11	3.5849222990168946e-07
/work/LAS/jernigan-lab/Ben/ProjectHIV/ProtGOs01/gagB62BlastOutUNI.tsv	GO:0039644	34	198407	118	3099283	4.500918545024681	2.511640172977457e-11	3.5966687277037183e-07
/work/LAS/jernigan-lab/Ben/ProjectHIV/ProtGOs01/gagB62BlastOutUNI.tsv	GO:0004016	34	198407	118	3099283	4.500918545024681	2.511640172977457e-11	3.5966687277037183e-07
/work/LAS/jernigan-lab/Ben/ProjectHIV/ProtGOs01/gagB62BlastOutUNI.tsv	GO:0034707	58	198407	310	3099283	2.9226078294258935	2.58481298840796e-11	3.701452199400199e-07
/work/LAS/jernigan-lab/Ben/ProjectHIV/ProtGOs01/gagB62BlastOutUNI.tsv	GO:0045177	65	198407	373	3099283	2.7221294149455373	2.714134082607254e-11	3.8866400062935876e-07
/work/LAS/jernigan-lab/Ben/ProjectHIV/ProtGOs01/gagB62BlastOutUNI.tsv	GO:0033650	46	198407	209	3099283	3.4380785058252137	2.7854297173366702e-11	3.9887353552261116e-07
/work/LAS/jernigan-lab/Ben/ProjectHIV/ProtGOs01/gagB62BlastOutUNI.tsv	GO:0004383	30	198407	92	3099283	5.093750527297753	2.940580204034896e-11	4.210910852177971e-07
/work/LAS/jernigan-lab/Ben/ProjectHIV/ProtGOs01/gagB62BlastOutUNI.tsv	GO:0008174	36	198407	133	3099283	4.228195926418586	2.970831595874475e-11	4.2542308452922483e-07
/work/LAS/jernigan-lab/Ben/ProjectHIV/ProtGOs01/gagB62BlastOutUNI.tsv	GO:0006635	97	198407	687	3099283	2.2055618488891384	3.074721716485142e-11	4.4030014980067235e-07
/work/LAS/jernigan-lab/Ben/ProjectHIV/ProtGOs01/gagB62BlastOutUNI.tsv	GO:0006816	69	198407	411	3099283	2.6224759405747067	3.1459136767034694e-11	4.5049483850393683e-07
/work/LAS/jernigan-lab/Ben/ProjectHIV/ProtGOs01/gagB62BlastOutUNI.tsv	GO:0000139	341	198407	3581	3099283	1.4874908455960634	3.160366907633795e-11	4.5256454117315945e-07
/work/LAS/jernigan-lab/Ben/ProjectHIV/ProtGOs01/gagB62BlastOutUNI.tsv	GO:0006515	62	198407	345	3099283	2.8072225128218724	3.458467693906117e-11	4.952525737673559e-07
/work/LAS/jernigan-lab/Ben/ProjectHIV/ProtGOs01/gagB62BlastOutUNI.tsv	GO:0102483	47	198407	219	3099283	3.352416633186527	3.596938813614574e-11	5.150816381096071e-07
/work/LAS/jernigan-lab/Ben/ProjectHIV/ProtGOs01/gagB62BlastOutUNI.tsv	GO:0030018	77	198407	490	3099283	2.454702635059679	3.935048046910946e-11	5.634988803176475e-07
/work/LAS/jernigan-lab/Ben/ProjectHIV/ProtGOs01/gagB62BlastOutUNI.tsv	GO:0005769	141	198407	1164	3099283	1.8922145429583748	4.4570765293584193e-11	6.382533590041257e-07
/work/LAS/jernigan-lab/Ben/ProjectHIV/ProtGOs01/gagB62BlastOutUNI.tsv	GO:0001764	71	198407	431	3099283	2.5732697946101255	4.7038531370686004e-11	6.735917692282236e-07
/work/LAS/jernigan-lab/Ben/ProjectHIV/ProtGOs01/gagB62BlastOutUNI.tsv	GO:0009380	132	198407	1066	3099283	1.9342872546436494	4.869652129545675e-11	6.973341849509407e-07
/work/LAS/jernigan-lab/Ben/ProjectHIV/ProtGOs01/gagB62BlastOutUNI.tsv	GO:0004375	82	198407	538	3099283	2.3808707545188503	4.97734839755965e-11	7.127562905305419e-07
/work/LAS/jernigan-lab/Ben/ProjectHIV/ProtGOs01/gagB62BlastOutUNI.tsv	GO:0007097	33	198407	115	3099283	4.4825004640220225	5.341533221753367e-11	7.649075573550822e-07
/work/LAS/jernigan-lab/Ben/ProjectHIV/ProtGOs01/gagB62BlastOutUNI.tsv	GO:0005220	15	198407	16	3099283	14.644532765981038	5.82971740643227e-11	8.34815532601101e-07
/work/LAS/jernigan-lab/Ben/ProjectHIV/ProtGOs01/gagB62BlastOutUNI.tsv	GO:0032197	31	198407	102	3099283	4.747508661389932	6.083041547011527e-11	8.710915495320506e-07
/work/LAS/jernigan-lab/Ben/ProjectHIV/ProtGOs01/gagB62BlastOutUNI.tsv	GO:0009381	131	198407	1058	3099283	1.9341487509449438	6.224405373531298e-11	8.913348494896819e-07
/work/LAS/jernigan-lab/Ben/ProjectHIV/ProtGOs01/gagB62BlastOutUNI.tsv	GO:0005980	35	198407	130	3099283	4.205609409717631	6.264117696427057e-11	8.970216541283545e-07
/work/LAS/jernigan-lab/Ben/ProjectHIV/ProtGOs01/gagB62BlastOutUNI.tsv	GO:0039689	33	198407	116	3099283	4.443858218642522	6.463440044686081e-11	9.255646143990468e-07
/work/LAS/jernigan-lab/Ben/ProjectHIV/ProtGOs01/gagB62BlastOutUNI.tsv	GO:0003777	60	198407	334	3099283	2.806138015038283	7.396226966030758e-11	1.0591397015356046e-06
/work/LAS/jernigan-lab/Ben/ProjectHIV/ProtGOs01/gagB62BlastOutUNI.tsv	GO:0048240	35	198407	131	3099283	4.1735055210938325	7.4769902115151e-11	1.0707049982889622e-06
/work/LAS/jernigan-lab/Ben/ProjectHIV/ProtGOs01/gagB62BlastOutUNI.tsv	GO:0019838	33	198407	117	3099283	4.40587652446609	7.806220800209483e-11	1.1178508185899979e-06
/work/LAS/jernigan-lab/Ben/ProjectHIV/ProtGOs01/gagB62BlastOutUNI.tsv	GO:0005911	94	198407	669	3099283	2.1948557329382643	7.898696904620635e-11	1.131093396741675e-06
/work/LAS/jernigan-lab/Ben/ProjectHIV/ProtGOs01/gagB62BlastOutUNI.tsv	GO:0007157	40	198407	169	3099283	3.697239041510006	8.17232813035278e-11	1.170277388266518e-06
/work/LAS/jernigan-lab/Ben/ProjectHIV/ProtGOs01/gagB62BlastOutUNI.tsv	GO:0033644	116	198407	902	3099283	2.0088878650155806	9.328897431508357e-11	1.3358981121919969e-06
/work/LAS/jernigan-lab/Ben/ProjectHIV/ProtGOs01/gagB62BlastOutUNI.tsv	GO:0004591	32	198407	111	3099283	4.503303769478854	9.378692211414172e-11	1.3430287246745094e-06
/work/LAS/jernigan-lab/Ben/ProjectHIV/ProtGOs01/gagB62BlastOutUNI.tsv	GO:0030976	136	198407	1123	3099283	1.8917484890931873	9.937177759247905e-11	1.4230038551243e-06
/work/LAS/jernigan-lab/Ben/ProjectHIV/ProtGOs01/gagB62BlastOutUNI.tsv	GO:0008234	99	198407	726	3099283	2.1301138568699693	1.061125932153111e-10	1.519532334843255e-06
/work/LAS/jernigan-lab/Ben/ProjectHIV/ProtGOs01/gagB62BlastOutUNI.tsv	GO:0005859	20	198407	39	3099283	8.010684589938347	1.0890089101967745e-10	1.559460759401781e-06
/work/LAS/jernigan-lab/Ben/ProjectHIV/ProtGOs01/gagB62BlastOutUNI.tsv	GO:0005930	66	198407	397	3099283	2.596914626511499	1.1552844662002648e-10	1.6543673555987793e-06
/work/LAS/jernigan-lab/Ben/ProjectHIV/ProtGOs01/gagB62BlastOutUNI.tsv	GO:0016485	64	198407	375	3099283	2.6659558315314817	1.199826858838785e-10	1.71815206185714e-06
/work/LAS/jernigan-lab/Ben/ProjectHIV/ProtGOs01/gagB62BlastOutUNI.tsv	GO:0007605	77	198407	506	3099283	2.377083579405618	1.486368062715522e-10	2.1284790658086274e-06
/work/LAS/jernigan-lab/Ben/ProjectHIV/ProtGOs01/gagB62BlastOutUNI.tsv	GO:0008519	35	198407	135	3099283	4.049846098246609	1.4940493163946467e-10	2.139478621077134e-06
/work/LAS/jernigan-lab/Ben/ProjectHIV/ProtGOs01/gagB62BlastOutUNI.tsv	GO:0045135	17	198407	26	3099283	10.213622852171392	1.6394768313611146e-10	2.347730822509116e-06
/work/LAS/jernigan-lab/Ben/ProjectHIV/ProtGOs01/gagB62BlastOutUNI.tsv	GO:0006936	51	198407	265	3099283	3.0062738961108244	1.6420133788586804e-10	2.3513631585256306e-06
/work/LAS/jernigan-lab/Ben/ProjectHIV/ProtGOs01/gagB62BlastOutUNI.tsv	GO:0051209	32	198407	114	3099283	4.3847957755452	1.6570163335824907e-10	2.3728473896901267e-06
/work/LAS/jernigan-lab/Ben/ProjectHIV/ProtGOs01/gagB62BlastOutUNI.tsv	GO:0003725	85	198407	585	3099283	2.2696939671491982	1.722375390939872e-10	2.466441559825897e-06
/work/LAS/jernigan-lab/Ben/ProjectHIV/ProtGOs01/gagB62BlastOutUNI.tsv	GO:0007162	37	198407	152	3099283	3.802440086605603	2.0798810257028512e-10	2.9783896288064827e-06
/work/LAS/jernigan-lab/Ben/ProjectHIV/ProtGOs01/gagB62BlastOutUNI.tsv	GO:0004674	356	198407	3841	3099283	1.4478045410922156	2.1555220221812723e-10	3.086707535763582e-06
/work/LAS/jernigan-lab/Ben/ProjectHIV/ProtGOs01/gagB62BlastOutUNI.tsv	GO:0043815	46	198407	225	3099283	3.193592923188754	2.2928183694706662e-10	3.283315905081994e-06
/work/LAS/jernigan-lab/Ben/ProjectHIV/ProtGOs01/gagB62BlastOutUNI.tsv	GO:0007160	55	198407	305	3099283	2.8168718762979923	2.712818061511986e-10	3.884755464085164e-06
/work/LAS/jernigan-lab/Ben/ProjectHIV/ProtGOs01/gagB62BlastOutUNI.tsv	GO:0019013	110	198407	855	3099283	2.00969806379155	2.779751209625218e-10	3.980603732183312e-06
/work/LAS/jernigan-lab/Ben/ProjectHIV/ProtGOs01/gagB62BlastOutUNI.tsv	GO:0004675	29	198407	96	3099283	4.718793891260557	2.7849639019549066e-10	3.988068307599426e-06
/work/LAS/jernigan-lab/Ben/ProjectHIV/ProtGOs01/gagB62BlastOutUNI.tsv	GO:0007507	114	198407	900	3099283	1.9786390937147715	3.269630593984994e-10	4.682111010586511e-06
/work/LAS/jernigan-lab/Ben/ProjectHIV/ProtGOs01/gagB62BlastOutUNI.tsv	GO:0005874	220	198407	2141	3099283	1.6051301677176788	3.7400597738487725e-10	5.3557655961514425e-06
/work/LAS/jernigan-lab/Ben/ProjectHIV/ProtGOs01/gagB62BlastOutUNI.tsv	GO:0005261	43	198407	205	3099283	3.2765653798357577	4.3674011764173775e-10	6.254118484629685e-06
/work/LAS/jernigan-lab/Ben/ProjectHIV/ProtGOs01/gagB62BlastOutUNI.tsv	GO:0030165	61	198407	362	3099283	2.6322401435722824	4.3686745411255157e-10	6.255941942891739e-06
/work/LAS/jernigan-lab/Ben/ProjectHIV/ProtGOs01/gagB62BlastOutUNI.tsv	GO:0004347	89	198407	642	3099283	2.1655051566725856	4.3948496306659343e-10	6.293424671113618e-06
/work/LAS/jernigan-lab/Ben/ProjectHIV/ProtGOs01/gagB62BlastOutUNI.tsv	GO:0005245	37	198407	158	3099283	3.65804362762058	5.228379761307862e-10	7.487039818192858e-06
/work/LAS/jernigan-lab/Ben/ProjectHIV/ProtGOs01/gagB62BlastOutUNI.tsv	GO:0031901	87	198407	626	3099283	2.1709467103562945	6.864751938808446e-10	9.830324776373695e-06
/work/LAS/jernigan-lab/Ben/ProjectHIV/ProtGOs01/gagB62BlastOutUNI.tsv	GO:0004527	57	198407	334	3099283	2.6658311142863687	8.263749748063165e-10	1.1833689639226453e-05
/work/LAS/jernigan-lab/Ben/ProjectHIV/ProtGOs01/gagB62BlastOutUNI.tsv	GO:0015301	29	198407	102	3099283	4.441217780009936	9.049470540053934e-10	1.2958841813357232e-05
/work/LAS/jernigan-lab/Ben/ProjectHIV/ProtGOs01/gagB62BlastOutUNI.tsv	GO:0001701	89	198407	652	3099283	2.132291887398466	9.322815597519605e-10	1.3350271935648074e-05
/work/LAS/jernigan-lab/Ben/ProjectHIV/ProtGOs01/gagB62BlastOutUNI.tsv	GO:0005178	77	198407	529	3099283	2.2737321194314606	1.040607898249021e-09	1.490150510292598e-05
/work/LAS/jernigan-lab/Ben/ProjectHIV/ProtGOs01/gagB62BlastOutUNI.tsv	GO:0043087	51	198407	282	3099283	2.825044618685704	1.0741578227974907e-09	1.5381940022460067e-05
/work/LAS/jernigan-lab/Ben/ProjectHIV/ProtGOs01/gagB62BlastOutUNI.tsv	GO:0004643	71	198407	471	3099283	2.354733081692068	1.1107066857322031e-09	1.590531973968515e-05
/work/LAS/jernigan-lab/Ben/ProjectHIV/ProtGOs01/gagB62BlastOutUNI.tsv	GO:0001653	24	198407	70	3099283	5.355714840130209	1.1704784097369372e-09	1.676125082743294e-05
/work/LAS/jernigan-lab/Ben/ProjectHIV/ProtGOs01/gagB62BlastOutUNI.tsv	GO:0071363	46	198407	239	3099283	3.006520534382718	1.2379198710441036e-09	1.7727012553351565e-05
/work/LAS/jernigan-lab/Ben/ProjectHIV/ProtGOs01/gagB62BlastOutUNI.tsv	GO:0047134	33	198407	133	3099283	3.8758462658837036	1.2641972337517702e-09	1.810330438732535e-05
/work/LAS/jernigan-lab/Ben/ProjectHIV/ProtGOs01/gagB62BlastOutUNI.tsv	GO:0050808	43	198407	214	3099283	3.1387659012445344	1.360798246986295e-09	1.9486630896843746e-05
/work/LAS/jernigan-lab/Ben/ProjectHIV/ProtGOs01/gagB62BlastOutUNI.tsv	GO:0006511	176	198407	1643	3099283	1.6733213336986248	1.418468740371145e-09	2.0312472362114794e-05
/work/LAS/jernigan-lab/Ben/ProjectHIV/ProtGOs01/gagB62BlastOutUNI.tsv	GO:0007009	27	198407	91	3099283	4.634753227035757	1.5604859963467312e-09	2.234615946768519e-05
/work/LAS/jernigan-lab/Ben/ProjectHIV/ProtGOs01/gagB62BlastOutUNI.tsv	GO:0003911	109	198407	876	3099283	1.943688367113465	1.6337897381303936e-09	2.3395869050027236e-05
/work/LAS/jernigan-lab/Ben/ProjectHIV/ProtGOs01/gagB62BlastOutUNI.tsv	GO:0016682	53	198407	303	3099283	2.7323572685482773	1.6899332462758707e-09	2.419984408667047e-05
/work/LAS/jernigan-lab/Ben/ProjectHIV/ProtGOs01/gagB62BlastOutUNI.tsv	GO:0006897	122	198407	1025	3099283	1.8592603550695928	1.850945102230663e-09	2.6505533863943092e-05
/work/LAS/jernigan-lab/Ben/ProjectHIV/ProtGOs01/gagB62BlastOutUNI.tsv	GO:0005768	182	198407	1729	3099283	1.64429841582945	2.021833390248763e-09	2.8952654148362285e-05
/work/LAS/jernigan-lab/Ben/ProjectHIV/ProtGOs01/gagB62BlastOutUNI.tsv	GO:0030430	262	198407	2716	3099283	1.5068699399850887	2.0226772988148308e-09	2.8964738919028377e-05
/work/LAS/jernigan-lab/Ben/ProjectHIV/ProtGOs01/gagB62BlastOutUNI.tsv	GO:0008305	25	198407	79	3099283	4.94330219948727	2.0817903469738307e-09	2.9811237768665254e-05
/work/LAS/jernigan-lab/Ben/ProjectHIV/ProtGOs01/gagB62BlastOutUNI.tsv	GO:0048471	285	198407	3013	3099283	1.4775764888344627	2.125160282068831e-09	3.0432295239225658e-05
/work/LAS/jernigan-lab/Ben/ProjectHIV/ProtGOs01/gagB62BlastOutUNI.tsv	GO:0003844	52	198407	296	3099283	2.7442007345261765	2.204103230543547e-09	3.1562758261383594e-05
/work/LAS/jernigan-lab/Ben/ProjectHIV/ProtGOs01/gagB62BlastOutUNI.tsv	GO:0102752	52	198407	296	3099283	2.7442007345261765	2.204103230543547e-09	3.1562758261383594e-05
/work/LAS/jernigan-lab/Ben/ProjectHIV/ProtGOs01/gagB62BlastOutUNI.tsv	GO:0004644	47	198407	253	3099283	2.9018942397938714	2.227818950582433e-09	3.190236737234044e-05
/work/LAS/jernigan-lab/Ben/ProjectHIV/ProtGOs01/gagB62BlastOutUNI.tsv	GO:0015696	24	198407	73	3099283	5.135616969987871	2.3246068454414314e-09	3.32883700267213e-05
/work/LAS/jernigan-lab/Ben/ProjectHIV/ProtGOs01/gagB62BlastOutUNI.tsv	GO:0019901	195	198407	1892	3099283	1.6099697755412559	2.4403565160874666e-09	3.4945905310372524e-05
/work/LAS/jernigan-lab/Ben/ProjectHIV/ProtGOs01/gagB62BlastOutUNI.tsv	GO:0001681	20	198407	49	3099283	6.37585100015501	2.5077155279606824e-09	3.591048636039697e-05
/work/LAS/jernigan-lab/Ben/ProjectHIV/ProtGOs01/gagB62BlastOutUNI.tsv	GO:0007420	114	198407	939	3099283	1.8964591952537746	2.5421363735080844e-09	3.6403392868635766e-05
/work/LAS/jernigan-lab/Ben/ProjectHIV/ProtGOs01/gagB62BlastOutUNI.tsv	GO:0030139	49	198407	273	3099283	2.803739606478421	2.7837220046957494e-09	3.986289910724313e-05
/work/LAS/jernigan-lab/Ben/ProjectHIV/ProtGOs01/gagB62BlastOutUNI.tsv	GO:0060072	12	198407	12	3099283	15.620834950379775	3.0701642204378526e-09	4.396475163667005e-05
/work/LAS/jernigan-lab/Ben/ProjectHIV/ProtGOs01/gagB62BlastOutUNI.tsv	GO:0071404	25	198407	81	3099283	4.821245355055486	3.177246124696296e-09	4.549816450565096e-05
/work/LAS/jernigan-lab/Ben/ProjectHIV/ProtGOs01/gagB62BlastOutUNI.tsv	GO:0015278	18	198407	39	3099283	7.209616130944512	3.386941051479338e-09	4.850099585718412e-05
/work/LAS/jernigan-lab/Ben/ProjectHIV/ProtGOs01/gagB62BlastOutUNI.tsv	GO:0045121	127	198407	1090	3099283	1.8200422373378269	3.624823316935941e-09	5.190746989852267e-05
/work/LAS/jernigan-lab/Ben/ProjectHIV/ProtGOs01/gagB62BlastOutUNI.tsv	GO:0004672	165	198407	1537	3099283	1.6769276296764235	3.654322778510174e-09	5.232990218826569e-05
/work/LAS/jernigan-lab/Ben/ProjectHIV/ProtGOs01/gagB62BlastOutUNI.tsv	GO:0045437	22	198407	63	3099283	5.454894744577064	4.292325099774016e-09	6.14660954287639e-05
/work/LAS/jernigan-lab/Ben/ProjectHIV/ProtGOs01/gagB62BlastOutUNI.tsv	GO:0009887	66	198407	437	3099283	2.3592107705379064	4.724095795839712e-09	6.764905179642468e-05
/work/LAS/jernigan-lab/Ben/ProjectHIV/ProtGOs01/gagB62BlastOutUNI.tsv	GO:0007612	42	198407	216	3099283	3.0373845736849563	4.8407660450407305e-09	6.931976976498326e-05
/work/LAS/jernigan-lab/Ben/ProjectHIV/ProtGOs01/gagB62BlastOutUNI.tsv	GO:0043204	101	198407	808	3099283	1.952604368797472	4.867377632478677e-09	6.970084769709466e-05
/work/LAS/jernigan-lab/Ben/ProjectHIV/ProtGOs01/gagB62BlastOutUNI.tsv	GO:0043044	40	198407	199	3099283	3.139866321684377	4.929281744530961e-09	7.058731458168336e-05
/work/LAS/jernigan-lab/Ben/ProjectHIV/ProtGOs01/gagB62BlastOutUNI.tsv	GO:0043169	52	198407	306	3099283	2.6545209719599616	5.029356191332196e-09	7.202038065987705e-05
/work/LAS/jernigan-lab/Ben/ProjectHIV/ProtGOs01/gagB62BlastOutUNI.tsv	GO:0004252	324	198407	3553	3099283	1.4244724244084006	5.746397012398975e-09	8.228840521755331e-05
/work/LAS/jernigan-lab/Ben/ProjectHIV/ProtGOs01/gagB62BlastOutUNI.tsv	GO:0018108	42	198407	218	3099283	3.0095186601649107	6.112424052287808e-09	8.75299124287614e-05
/work/LAS/jernigan-lab/Ben/ProjectHIV/ProtGOs01/gagB62BlastOutUNI.tsv	GO:0015385	42	198407	218	3099283	3.0095186601649107	6.112424052287808e-09	8.75299124287614e-05
/work/LAS/jernigan-lab/Ben/ProjectHIV/ProtGOs01/gagB62BlastOutUNI.tsv	GO:0003937	71	198407	491	3099283	2.258817273883837	6.898970652589098e-09	9.879325974507587e-05
/work/LAS/jernigan-lab/Ben/ProjectHIV/ProtGOs01/gagB62BlastOutUNI.tsv	GO:0008422	49	198407	280	3099283	2.7336461163164607	7.069854839577724e-09	0.00010124032130275301
/work/LAS/jernigan-lab/Ben/ProjectHIV/ProtGOs01/gagB62BlastOutUNI.tsv	GO:0030027	93	198407	728	3099283	1.9955187505292844	7.201703481443354e-09	0.00010312839385426883
/work/LAS/jernigan-lab/Ben/ProjectHIV/ProtGOs01/gagB62BlastOutUNI.tsv	GO:0004567	16	198407	31	3099283	8.062366426002464	7.322752142890183e-09	0.00010486181068618742
/work/LAS/jernigan-lab/Ben/ProjectHIV/ProtGOs01/gagB62BlastOutUNI.tsv	GO:0039686	29	198407	114	3099283	3.9737211715878376	7.633714430510984e-09	0.0001093147906449173
/work/LAS/jernigan-lab/Ben/ProjectHIV/ProtGOs01/gagB62BlastOutUNI.tsv	GO:0005929	108	198407	897	3099283	1.8807694254637857	8.736178337790201e-09	0.00012510207379715568
/work/LAS/jernigan-lab/Ben/ProjectHIV/ProtGOs01/gagB62BlastOutUNI.tsv	GO:0046929	17	198407	37	3099283	7.1771403826069236	9.684566893951107e-09	0.00013868299792137986
/work/LAS/jernigan-lab/Ben/ProjectHIV/ProtGOs01/gagB62BlastOutUNI.tsv	GO:0017124	73	198407	517	3099283	2.205649809241245	9.781952894372122e-09	0.0001400775654474088
/work/LAS/jernigan-lab/Ben/ProjectHIV/ProtGOs01/gagB62BlastOutUNI.tsv	GO:0061630	135	198407	1206	3099283	1.748600927281318	1.0110077920913378e-08	0.0001447763158274796
/work/LAS/jernigan-lab/Ben/ProjectHIV/ProtGOs01/gagB62BlastOutUNI.tsv	GO:0016242	24	198407	80	3099283	4.686250485113932	1.0288843010725498e-08	0.00014733623191358914
/work/LAS/jernigan-lab/Ben/ProjectHIV/ProtGOs01/gagB62BlastOutUNI.tsv	GO:0050982	18	198407	43	3099283	6.538954165275254	1.1346080907238461e-08	0.00016247587859165476
/work/LAS/jernigan-lab/Ben/ProjectHIV/ProtGOs01/gagB62BlastOutUNI.tsv	GO:0046777	113	198407	958	3099283	1.8425410745228754	1.1704558008343232e-08	0.00016760927067947508
/work/LAS/jernigan-lab/Ben/ProjectHIV/ProtGOs01/gagB62BlastOutUNI.tsv	GO:0008045	37	198407	181	3099283	3.193209354497523	1.232509949377036e-08	0.00017649542475079157
/work/LAS/jernigan-lab/Ben/ProjectHIV/ProtGOs01/gagB62BlastOutUNI.tsv	GO:0009376	104	198407	857	3099283	1.8956439146318513	1.2741380176691895e-08	0.00018245656413022794
/work/LAS/jernigan-lab/Ben/ProjectHIV/ProtGOs01/gagB62BlastOutUNI.tsv	GO:0035091	58	198407	374	3099283	2.422482425459965	1.33202624505449e-08	0.00019074615829180297
/work/LAS/jernigan-lab/Ben/ProjectHIV/ProtGOs01/gagB62BlastOutUNI.tsv	GO:0045332	28	198407	110	3099283	3.9762125328239426	1.3545179535102158e-08	0.0001939669709426629
/work/LAS/jernigan-lab/Ben/ProjectHIV/ProtGOs01/gagB62BlastOutUNI.tsv	GO:0019228	28	198407	110	3099283	3.9762125328239426	1.3545179535102158e-08	0.0001939669709426629
/work/LAS/jernigan-lab/Ben/ProjectHIV/ProtGOs01/gagB62BlastOutUNI.tsv	GO:0004512	16	198407	33	3099283	7.573738157759891	1.4527373027597741e-08	0.00020803198175519964
/work/LAS/jernigan-lab/Ben/ProjectHIV/ProtGOs01/gagB62BlastOutUNI.tsv	GO:0044178	64	198407	435	3099283	2.298237785803001	1.5434074525389402e-08	0.00022101594720357623
/work/LAS/jernigan-lab/Ben/ProjectHIV/ProtGOs01/gagB62BlastOutUNI.tsv	GO:0045494	34	198407	158	3099283	3.3614454956513438	1.579417576144893e-08	0.00022617259690394865
/work/LAS/jernigan-lab/Ben/ProjectHIV/ProtGOs01/gagB62BlastOutUNI.tsv	GO:0043231	256	198407	2713	3099283	1.4739895861766392	1.596226046240042e-08	0.000228579569821574
/work/LAS/jernigan-lab/Ben/ProjectHIV/ProtGOs01/gagB62BlastOutUNI.tsv	GO:0045202	204	198407	2056	3099283	1.5499272032477986	1.6858695888583716e-08	0.00024141652512451881
/work/LAS/jernigan-lab/Ben/ProjectHIV/ProtGOs01/gagB62BlastOutUNI.tsv	GO:0050885	35	198407	167	3099283	3.27382768421133	1.746109547773187e-08	0.0002500428872411204
/work/LAS/jernigan-lab/Ben/ProjectHIV/ProtGOs01/gagB62BlastOutUNI.tsv	GO:0030301	24	198407	83	3099283	4.516867937459212	1.8625717014976482e-08	0.00026672026765446323
/work/LAS/jernigan-lab/Ben/ProjectHIV/ProtGOs01/gagB62BlastOutUNI.tsv	GO:0051965	42	198407	228	3099283	2.8775222277015375	1.8793568654272876e-08	0.0002691239031291876
/work/LAS/jernigan-lab/Ben/ProjectHIV/ProtGOs01/gagB62BlastOutUNI.tsv	GO:0030054	84	198407	642	3099283	2.043847563601092	1.8934620946894646e-08	0.00027114377195953135
/work/LAS/jernigan-lab/Ben/ProjectHIV/ProtGOs01/gagB62BlastOutUNI.tsv	GO:0001964	20	198407	57	3099283	5.4809947194315	1.999730509867583e-08	0.00028636140901303785
/work/LAS/jernigan-lab/Ben/ProjectHIV/ProtGOs01/gagB62BlastOutUNI.tsv	GO:0006873	19	198407	51	3099283	5.819526746219916	2.0535812050018367e-08	0.00029407282855626303
/work/LAS/jernigan-lab/Ben/ProjectHIV/ProtGOs01/gagB62BlastOutUNI.tsv	GO:0055038	56	198407	361	3099283	2.423176612801295	2.377213069987842e-08	0.000340416911622259
/work/LAS/jernigan-lab/Ben/ProjectHIV/ProtGOs01/gagB62BlastOutUNI.tsv	GO:0016529	36	198407	178	3099283	3.1592699899644487	2.4334764366501174e-08	0.0003484738257282968
/work/LAS/jernigan-lab/Ben/ProjectHIV/ProtGOs01/gagB62BlastOutUNI.tsv	GO:0014069	116	198407	1007	3099283	1.7994209078888321	2.567587104288324e-08	0.000367678473334088
/work/LAS/jernigan-lab/Ben/ProjectHIV/ProtGOs01/gagB62BlastOutUNI.tsv	GO:0070062	227	198407	2356	3099283	1.5050634693277627	2.6080637274946392e-08	0.00037347472577723236
/work/LAS/jernigan-lab/Ben/ProjectHIV/ProtGOs01/gagB62BlastOutUNI.tsv	GO:0032154	46	198407	266	3099283	2.7013473974340965	2.6227102768375856e-08	0.0003755721116431423
/work/LAS/jernigan-lab/Ben/ProjectHIV/ProtGOs01/gagB62BlastOutUNI.tsv	GO:0043895	12	198407	16	3099283	11.715626212784832	2.751392602372321e-08	0.00039399942065971634
/work/LAS/jernigan-lab/Ben/ProjectHIV/ProtGOs01/gagB62BlastOutUNI.tsv	GO:0030056	16	198407	35	3099283	7.140953120173611	2.7729756797812345e-08	0.0003970901173446728
/work/LAS/jernigan-lab/Ben/ProjectHIV/ProtGOs01/gagB62BlastOutUNI.tsv	GO:0043410	70	198407	503	3099283	2.1738736511462906	2.9519476315613013e-08	0.0004227189008395784
/work/LAS/jernigan-lab/Ben/ProjectHIV/ProtGOs01/gagB62BlastOutUNI.tsv	GO:0008559	36	198407	180	3099283	3.1241669900759548	3.1130819453728333e-08	0.0004457933345773897
/work/LAS/jernigan-lab/Ben/ProjectHIV/ProtGOs01/gagB62BlastOutUNI.tsv	GO:0045277	67	198407	473	3099283	2.2126764094618285	3.1444011909589587e-08	0.0004502782505453229
/work/LAS/jernigan-lab/Ben/ProjectHIV/ProtGOs01/gagB62BlastOutUNI.tsv	GO:0051156	32	198407	147	3099283	3.4004538667493387	3.249740014529894e-08	0.0004653627700806808
/work/LAS/jernigan-lab/Ben/ProjectHIV/ProtGOs01/gagB62BlastOutUNI.tsv	GO:0031931	19	198407	53	3099283	5.599921963343693	3.3897751901785256e-08	0.0004854158072335649
/work/LAS/jernigan-lab/Ben/ProjectHIV/ProtGOs01/gagB62BlastOutUNI.tsv	GO:0016767	19	198407	53	3099283	5.599921963343693	3.3897751901785256e-08	0.0004854158072335649
/work/LAS/jernigan-lab/Ben/ProjectHIV/ProtGOs01/gagB62BlastOutUNI.tsv	GO:0004326	28	198407	116	3099283	3.7705463673330493	3.565898169017329e-08	0.0005106366178032815
/work/LAS/jernigan-lab/Ben/ProjectHIV/ProtGOs01/gagB62BlastOutUNI.tsv	GO:0043931	14	198407	26	3099283	8.411218819435263	4.230822239675891e-08	0.0006058537447215876
/work/LAS/jernigan-lab/Ben/ProjectHIV/ProtGOs01/gagB62BlastOutUNI.tsv	GO:0005201	46	198407	272	3099283	2.6417588519024617	4.279543320019434e-08	0.0006128306034267829
/work/LAS/jernigan-lab/Ben/ProjectHIV/ProtGOs01/gagB62BlastOutUNI.tsv	GO:0007528	31	198407	141	3099283	3.434367967813993	4.3458060246402087e-08	0.0006223194227284778
/work/LAS/jernigan-lab/Ben/ProjectHIV/ProtGOs01/gagB62BlastOutUNI.tsv	GO:0005219	11	198407	13	3099283	13.217629573398272	4.4744876385579616e-08	0.0006407466298415001
/work/LAS/jernigan-lab/Ben/ProjectHIV/ProtGOs01/gagB62BlastOutUNI.tsv	GO:0071805	63	198407	437	3099283	2.251973917331638	4.506785433326478e-08	0.0006453716740523516
/work/LAS/jernigan-lab/Ben/ProjectHIV/ProtGOs01/gagB62BlastOutUNI.tsv	GO:0070204	45	198407	263	3099283	2.6727664363767674	4.6393290384521496e-08	0.0006643519183063478
/work/LAS/jernigan-lab/Ben/ProjectHIV/ProtGOs01/gagB62BlastOutUNI.tsv	GO:0044826	37	198407	192	3099283	3.010265068562769	4.659285044436785e-08	0.0006672096183633476
/work/LAS/jernigan-lab/Ben/ProjectHIV/ProtGOs01/gagB62BlastOutUNI.tsv	GO:0033627	24	198407	88	3099283	4.260227713739939	4.751702962784843e-08	0.0006804438642707895
/work/LAS/jernigan-lab/Ben/ProjectHIV/ProtGOs01/gagB62BlastOutUNI.tsv	GO:0048312	24	198407	88	3099283	4.260227713739939	4.751702962784843e-08	0.0006804438642707895
/work/LAS/jernigan-lab/Ben/ProjectHIV/ProtGOs01/gagB62BlastOutUNI.tsv	GO:0004329	50	198407	313	3099283	2.4953410463865455	5.664056923512348e-08	0.0008110929514469682
/work/LAS/jernigan-lab/Ben/ProjectHIV/ProtGOs01/gagB62BlastOutUNI.tsv	GO:0018064	13	198407	22	3099283	9.230493379769866	5.6683585451146976e-08	0.0008117089436604247
/work/LAS/jernigan-lab/Ben/ProjectHIV/ProtGOs01/gagB62BlastOutUNI.tsv	GO:0017147	31	198407	143	3099283	3.386334849383028	5.7211160323516015e-08	0.0008192638158327493
/work/LAS/jernigan-lab/Ben/ProjectHIV/ProtGOs01/gagB62BlastOutUNI.tsv	GO:0008271	22	198407	75	3099283	4.582111585444734	5.790449967414306e-08	0.0008291924353337286
/work/LAS/jernigan-lab/Ben/ProjectHIV/ProtGOs01/gagB62BlastOutUNI.tsv	GO:0005579	15	198407	32	3099283	7.322266382990519	5.790897703328877e-08	0.0008292565511166951
/work/LAS/jernigan-lab/Ben/ProjectHIV/ProtGOs01/gagB62BlastOutUNI.tsv	GO:0004832	53	198407	342	3099283	2.4207726677489125	5.949166353534151e-08	0.0008519206218260904
/work/LAS/jernigan-lab/Ben/ProjectHIV/ProtGOs01/gagB62BlastOutUNI.tsv	GO:0006438	53	198407	342	3099283	2.4207726677489125	5.949166353534151e-08	0.0008519206218260904
/work/LAS/jernigan-lab/Ben/ProjectHIV/ProtGOs01/gagB62BlastOutUNI.tsv	GO:0046544	10	198407	10	3099283	15.620834950379775	6.55304479279814e-08	0.0009383960143286936
/work/LAS/jernigan-lab/Ben/ProjectHIV/ProtGOs01/gagB62BlastOutUNI.tsv	GO:0039652	23	198407	83	3099283	4.328665106731745	7.018731873025885e-08	0.0010050824042173068
/work/LAS/jernigan-lab/Ben/ProjectHIV/ProtGOs01/gagB62BlastOutUNI.tsv	GO:0034704	22	198407	76	3099283	4.521820643530988	7.041376852549564e-08	0.0010083251652850977
/work/LAS/jernigan-lab/Ben/ProjectHIV/ProtGOs01/gagB62BlastOutUNI.tsv	GO:0086010	18	198407	50	3099283	5.623500582136719	7.329171144098447e-08	0.0010495373078348975
/work/LAS/jernigan-lab/Ben/ProjectHIV/ProtGOs01/gagB62BlastOutUNI.tsv	GO:0003713	110	198407	960	3099283	1.7898873380643492	7.45247038185058e-08	0.0010671937586810031
/work/LAS/jernigan-lab/Ben/ProjectHIV/ProtGOs01/gagB62BlastOutUNI.tsv	GO:0018021	11	198407	14	3099283	12.273513175298394	7.551910562275265e-08	0.001081433592517818
/work/LAS/jernigan-lab/Ben/ProjectHIV/ProtGOs01/gagB62BlastOutUNI.tsv	GO:0006898	55	198407	363	3099283	2.366793174299966	7.6505982282385e-08	0.0010955656662837534
/work/LAS/jernigan-lab/Ben/ProjectHIV/ProtGOs01/gagB62BlastOutUNI.tsv	GO:0002191	20	198407	63	3099283	4.958995222342786	7.823728888024748e-08	0.0011203579767651438
/work/LAS/jernigan-lab/Ben/ProjectHIV/ProtGOs01/gagB62BlastOutUNI.tsv	GO:0006623	42	198407	237	3099283	2.7682492317128715	7.893940156079181e-08	0.0011304122303505387
/work/LAS/jernigan-lab/Ben/ProjectHIV/ProtGOs01/gagB62BlastOutUNI.tsv	GO:0042391	62	198407	437	3099283	2.216228299596215	8.399016055209274e-08	0.001202739099105968
/work/LAS/jernigan-lab/Ben/ProjectHIV/ProtGOs01/gagB62BlastOutUNI.tsv	GO:0043296	22	198407	77	3099283	4.463095700108507	8.537668726056208e-08	0.001222594161571249
/work/LAS/jernigan-lab/Ben/ProjectHIV/ProtGOs01/gagB62BlastOutUNI.tsv	GO:0003896	43	198407	251	3099283	2.6760792942881686	9.078901747521642e-08	0.0013000987302450992
/work/LAS/jernigan-lab/Ben/ProjectHIV/ProtGOs01/gagB62BlastOutUNI.tsv	GO:0007416	38	198407	207	3099283	2.8675928894416978	9.317794855648451e-08	0.0013343082233288582
/work/LAS/jernigan-lab/Ben/ProjectHIV/ProtGOs01/gagB62BlastOutUNI.tsv	GO:0014068	51	198407	327	3099283	2.4362770106096896	9.672265893419417e-08	0.0013850684759376605
/work/LAS/jernigan-lab/Ben/ProjectHIV/ProtGOs01/gagB62BlastOutUNI.tsv	GO:0080008	35	198407	181	3099283	3.020603443443603	9.812458776960524e-08	0.001405144096860747
/work/LAS/jernigan-lab/Ben/ProjectHIV/ProtGOs01/gagB62BlastOutUNI.tsv	GO:0038187	23	198407	85	3099283	4.226814163043939	1.0100815608731211e-07	0.0014464367951703095
/work/LAS/jernigan-lab/Ben/ProjectHIV/ProtGOs01/gagB62BlastOutUNI.tsv	GO:0005254	44	198407	263	3099283	2.613371626679506	1.0707295737169715e-07	0.0015332847495627031
/work/LAS/jernigan-lab/Ben/ProjectHIV/ProtGOs01/gagB62BlastOutUNI.tsv	GO:0005041	15	198407	34	3099283	6.891544831049901	1.081920579899164e-07	0.0015493102704156028
/work/LAS/jernigan-lab/Ben/ProjectHIV/ProtGOs01/gagB62BlastOutUNI.tsv	GO:0031122	48	198407	301	3099283	2.491030158200097	1.0931118660442664e-07	0.0015653361921753894
/work/LAS/jernigan-lab/Ben/ProjectHIV/ProtGOs01/gagB62BlastOutUNI.tsv	GO:0004713	58	198407	400	3099283	2.2650210678050673	1.131145256256109e-07	0.001619800006958748
/work/LAS/jernigan-lab/Ben/ProjectHIV/ProtGOs01/gagB62BlastOutUNI.tsv	GO:0007229	50	198407	318	3099283	2.4561061242735494	1.1760077716919913e-07	0.0016840431290629314
/work/LAS/jernigan-lab/Ben/ProjectHIV/ProtGOs01/gagB62BlastOutUNI.tsv	GO:0005262	42	198407	245	3099283	2.6778574200651044	1.2730725219068398e-07	0.0018230398513705947
/work/LAS/jernigan-lab/Ben/ProjectHIV/ProtGOs01/gagB62BlastOutUNI.tsv	GO:0007611	43	198407	256	3099283	2.623812120571603	1.365649453401495e-07	0.0019556100172709407
/work/LAS/jernigan-lab/Ben/ProjectHIV/ProtGOs01/gagB62BlastOutUNI.tsv	GO:0008168	144	198407	1373	3099283	1.6383104390784324	1.3793269024041554e-07	0.0019751961242427504
/work/LAS/jernigan-lab/Ben/ProjectHIV/ProtGOs01/gagB62BlastOutUNI.tsv	GO:1990782	25	198407	102	3099283	3.828636017249945	1.459305829055619e-07	0.0020897259472076463
/work/LAS/jernigan-lab/Ben/ProjectHIV/ProtGOs01/gagB62BlastOutUNI.tsv	GO:0016851	17	198407	47	3099283	5.650089237371408	1.5865163063655674e-07	0.0022718913507154925
/work/LAS/jernigan-lab/Ben/ProjectHIV/ProtGOs01/gagB62BlastOutUNI.tsv	GO:0008536	38	198407	212	3099283	2.7999609816718465	1.5883418723392516e-07	0.002274505561189808
/work/LAS/jernigan-lab/Ben/ProjectHIV/ProtGOs01/gagB62BlastOutUNI.tsv	GO:0075713	37	198407	203	3099283	2.847147256965772	1.5923873132742865e-07	0.0022802986326087783
/work/LAS/jernigan-lab/Ben/ProjectHIV/ProtGOs01/gagB62BlastOutUNI.tsv	GO:1902667	14	198407	30	3099283	7.289722976843895	1.6663251187415198e-07	0.0023861775700378565
/work/LAS/jernigan-lab/Ben/ProjectHIV/ProtGOs01/gagB62BlastOutUNI.tsv	GO:0140326	19	198407	60	3099283	4.946597734286929	1.6921810301335252e-07	0.002423203235151208
/work/LAS/jernigan-lab/Ben/ProjectHIV/ProtGOs01/gagB62BlastOutUNI.tsv	GO:0004471	32	198407	160	3099283	3.1241669900759548	1.749563258606485e-07	0.0025053745863244867
/work/LAS/jernigan-lab/Ben/ProjectHIV/ProtGOs01/gagB62BlastOutUNI.tsv	GO:0010265	13	198407	25	3099283	8.122834174197482	1.7520259628538843e-07	0.0025089011788067624
/work/LAS/jernigan-lab/Ben/ProjectHIV/ProtGOs01/gagB62BlastOutUNI.tsv	GO:0030315	37	198407	204	3099283	2.833190652764959	1.7723585449472236e-07	0.0025380174363644242
/work/LAS/jernigan-lab/Ben/ProjectHIV/ProtGOs01/gagB62BlastOutUNI.tsv	GO:0010008	118	198407	1071	3099283	1.721063047754261	1.7750070375073716e-07	0.002541810077710556
/work/LAS/jernigan-lab/Ben/ProjectHIV/ProtGOs01/gagB62BlastOutUNI.tsv	GO:0032549	108	198407	953	3099283	1.7702520195603522	1.9132989147382344e-07	0.0027398440459051516
/work/LAS/jernigan-lab/Ben/ProjectHIV/ProtGOs01/gagB62BlastOutUNI.tsv	GO:0030676	17	198407	48	3099283	5.53237904492617	2.027546469439845e-07	0.002903446544237858
/work/LAS/jernigan-lab/Ben/ProjectHIV/ProtGOs01/gagB62BlastOutUNI.tsv	GO:0030126	28	198407	128	3099283	3.417057645395576	2.0770684770605916e-07	0.002974362059150767
/work/LAS/jernigan-lab/Ben/ProjectHIV/ProtGOs01/gagB62BlastOutUNI.tsv	GO:0030048	22	198407	82	3099283	4.190955718394574	2.146715884561138e-07	0.0030740971466915496
/work/LAS/jernigan-lab/Ben/ProjectHIV/ProtGOs01/gagB62BlastOutUNI.tsv	GO:0098808	20	198407	68	3099283	4.594363220699933	2.196103262186384e-07	0.003144819871450902
/work/LAS/jernigan-lab/Ben/ProjectHIV/ProtGOs01/gagB62BlastOutUNI.tsv	GO:0046975	21	198407	75	3099283	4.373833786106337	2.2079336344752306e-07	0.00316176096456853
/work/LAS/jernigan-lab/Ben/ProjectHIV/ProtGOs01/gagB62BlastOutUNI.tsv	GO:0007268	102	198407	891	3099283	1.7882437316933075	2.2229303500145066e-07	0.0031832362612207736
/work/LAS/jernigan-lab/Ben/ProjectHIV/ProtGOs01/gagB62BlastOutUNI.tsv	GO:0098821	12	198407	21	3099283	8.926191400217014	2.4162725128818396e-07	0.0034601022384467945
/work/LAS/jernigan-lab/Ben/ProjectHIV/ProtGOs01/gagB62BlastOutUNI.tsv	GO:0035176	37	198407	207	3099283	2.7921299186669164	2.4329534396130024e-07	0.0034839893255258197
/work/LAS/jernigan-lab/Ben/ProjectHIV/ProtGOs01/gagB62BlastOutUNI.tsv	GO:0043687	55	198407	378	3099283	2.2728728102404436	2.449195931439904e-07	0.003507248573821943
/work/LAS/jernigan-lab/Ben/ProjectHIV/ProtGOs01/gagB62BlastOutUNI.tsv	GO:0050910	19	198407	62	3099283	4.787030065438963	2.5807454653421744e-07	0.0036956275063699936
/work/LAS/jernigan-lab/Ben/ProjectHIV/ProtGOs01/gagB62BlastOutUNI.tsv	GO:0001553	15	198407	37	3099283	6.332770925829639	2.589587480960918e-07	0.0037082892727360347
/work/LAS/jernigan-lab/Ben/ProjectHIV/ProtGOs01/gagB62BlastOutUNI.tsv	GO:0006812	33	198407	172	3099283	2.997020659084492	2.611779692942373e-07	0.003740068520293478
/work/LAS/jernigan-lab/Ben/ProjectHIV/ProtGOs01/gagB62BlastOutUNI.tsv	GO:0050804	42	198407	255	3099283	2.5728434035919627	2.92190380532124e-07	0.004184166249220016
/work/LAS/jernigan-lab/Ben/ProjectHIV/ProtGOs01/gagB62BlastOutUNI.tsv	GO:0016486	18	198407	56	3099283	5.02098266262207	2.951367442150937e-07	0.004226358177160142
/work/LAS/jernigan-lab/Ben/ProjectHIV/ProtGOs01/gagB62BlastOutUNI.tsv	GO:0042446	22	198407	84	3099283	4.091171058432798	3.048216385846413e-07	0.004365045864532064
/work/LAS/jernigan-lab/Ben/ProjectHIV/ProtGOs01/gagB62BlastOutUNI.tsv	GO:0001518	20	198407	70	3099283	4.463095700108507	3.240998917474776e-07	0.004641110449823879
/work/LAS/jernigan-lab/Ben/ProjectHIV/ProtGOs01/gagB62BlastOutUNI.tsv	GO:0001778	16	198407	44	3099283	5.680303618319918	3.4386709911482504e-07	0.004924176859324295
/work/LAS/jernigan-lab/Ben/ProjectHIV/ProtGOs01/gagB62BlastOutUNI.tsv	GO:0019012	178	198407	1825	3099283	1.5235663677630684	3.5456584942453964e-07	0.005077382963759407
/work/LAS/jernigan-lab/Ben/ProjectHIV/ProtGOs01/gagB62BlastOutUNI.tsv	GO:0090630	51	198407	344	3099283	2.3158796002016526	3.714570722636317e-07	0.005319265274815205
/work/LAS/jernigan-lab/Ben/ProjectHIV/ProtGOs01/gagB62BlastOutUNI.tsv	GO:0007190	28	198407	133	3099283	3.2885968316589	4.0722648759962907e-07	0.005831483302426688
/work/LAS/jernigan-lab/Ben/ProjectHIV/ProtGOs01/gagB62BlastOutUNI.tsv	GO:0050707	17	198407	51	3099283	5.206944983459925	4.1016956475161085e-07	0.005873628167243067
/work/LAS/jernigan-lab/Ben/ProjectHIV/ProtGOs01/gagB62BlastOutUNI.tsv	GO:0071438	14	198407	33	3099283	6.627020888039905	4.1706692869256637e-07	0.00597239841887755
/work/LAS/jernigan-lab/Ben/ProjectHIV/ProtGOs01/gagB62BlastOutUNI.tsv	GO:0072659	76	198407	608	3099283	1.952604368797472	4.469259893097378e-07	0.006399980166915445
/work/LAS/jernigan-lab/Ben/ProjectHIV/ProtGOs01/gagB62BlastOutUNI.tsv	GO:0043547	74	198407	588	3099283	1.9658873917144615	4.471518103692292e-07	0.006403213924487362
/work/LAS/jernigan-lab/Ben/ProjectHIV/ProtGOs01/gagB62BlastOutUNI.tsv	GO:0015942	11	198407	18	3099283	9.546065803009862	4.6788448728979623e-07	0.006700105857989882
/work/LAS/jernigan-lab/Ben/ProjectHIV/ProtGOs01/gagB62BlastOutUNI.tsv	GO:0008091	11	198407	18	3099283	9.546065803009862	4.6788448728979623e-07	0.006700105857989882
/work/LAS/jernigan-lab/Ben/ProjectHIV/ProtGOs01/gagB62BlastOutUNI.tsv	GO:0030047	11	198407	18	3099283	9.546065803009862	4.6788448728979623e-07	0.006700105857989882
/work/LAS/jernigan-lab/Ben/ProjectHIV/ProtGOs01/gagB62BlastOutUNI.tsv	GO:0005089	30	198407	151	3099283	3.1034771424595577	4.6981996097337714e-07	0.00672782184113876
/work/LAS/jernigan-lab/Ben/ProjectHIV/ProtGOs01/gagB62BlastOutUNI.tsv	GO:0005004	13	198407	28	3099283	7.252530512676324	4.80519718684945e-07	0.006881042371568412
/work/LAS/jernigan-lab/Ben/ProjectHIV/ProtGOs01/gagB62BlastOutUNI.tsv	GO:0097237	13	198407	28	3099283	7.252530512676324	4.80519718684945e-07	0.006881042371568412
/work/LAS/jernigan-lab/Ben/ProjectHIV/ProtGOs01/gagB62BlastOutUNI.tsv	GO:0007062	29	198407	143	3099283	3.1678616332938003	5.00882214842703e-07	0.007172633316547507
/work/LAS/jernigan-lab/Ben/ProjectHIV/ProtGOs01/gagB62BlastOutUNI.tsv	GO:0035770	17	198407	52	3099283	5.106811426085696	5.136760361801758e-07	0.007355840838100118
/work/LAS/jernigan-lab/Ben/ProjectHIV/ProtGOs01/gagB62BlastOutUNI.tsv	GO:0007216	17	198407	52	3099283	5.106811426085696	5.136760361801758e-07	0.007355840838100118
/work/LAS/jernigan-lab/Ben/ProjectHIV/ProtGOs01/gagB62BlastOutUNI.tsv	GO:1905167	9	198407	10	3099283	14.058751455341797	5.47852424056029e-07	0.007845246712482335
/work/LAS/jernigan-lab/Ben/ProjectHIV/ProtGOs01/gagB62BlastOutUNI.tsv	GO:0006013	20	198407	73	3099283	4.279680808323226	5.677118756082063e-07	0.008129634058709513
/work/LAS/jernigan-lab/Ben/ProjectHIV/ProtGOs01/gagB62BlastOutUNI.tsv	GO:0045295	15	198407	40	3099283	5.857813106392416	5.787453533353665e-07	0.00828763345976245
/work/LAS/jernigan-lab/Ben/ProjectHIV/ProtGOs01/gagB62BlastOutUNI.tsv	GO:0070733	15	198407	40	3099283	5.857813106392416	5.787453533353665e-07	0.00828763345976245
/work/LAS/jernigan-lab/Ben/ProjectHIV/ProtGOs01/gagB62BlastOutUNI.tsv	GO:0060090	52	198407	357	3099283	2.2753036902513957	5.930013586351204e-07	0.008491779455654923
/work/LAS/jernigan-lab/Ben/ProjectHIV/ProtGOs01/gagB62BlastOutUNI.tsv	GO:0055037	71	198407	562	3099283	1.9734506787846335	6.129033875908204e-07	0.008776776510300548
/work/LAS/jernigan-lab/Ben/ProjectHIV/ProtGOs01/gagB62BlastOutUNI.tsv	GO:0043194	17	198407	53	3099283	5.010456493518041	6.403216652933576e-07	0.009169406247000881
/work/LAS/jernigan-lab/Ben/ProjectHIV/ProtGOs01/gagB62BlastOutUNI.tsv	GO:0005025	11	198407	19	3099283	9.043641287061975	6.98338293167215e-07	0.010000204358154519
/work/LAS/jernigan-lab/Ben/ProjectHIV/ProtGOs01/gagB62BlastOutUNI.tsv	GO:0030667	33	198407	181	3099283	2.847997532389683	7.132800527598354e-07	0.010214170355520844
/work/LAS/jernigan-lab/Ben/ProjectHIV/ProtGOs01/gagB62BlastOutUNI.tsv	GO:0005248	21	198407	82	3099283	4.00045773119482	7.644814537255205e-07	0.010947374417349453
/work/LAS/jernigan-lab/Ben/ProjectHIV/ProtGOs01/gagB62BlastOutUNI.tsv	GO:0042995	83	198407	698	3099283	1.8574918350738128	7.802974790643826e-07	0.01117385990020196
/work/LAS/jernigan-lab/Ben/ProjectHIV/ProtGOs01/gagB62BlastOutUNI.tsv	GO:0030334	55	198407	395	3099283	2.175052967774399	7.81290407925803e-07	0.011188078641497498
/work/LAS/jernigan-lab/Ben/ProjectHIV/ProtGOs01/gagB62BlastOutUNI.tsv	GO:0010976	60	198407	447	3099283	2.096756369178493	8.089394856853863e-07	0.011584013435014731
/work/LAS/jernigan-lab/Ben/ProjectHIV/ProtGOs01/gagB62BlastOutUNI.tsv	GO:0004533	20	198407	75	3099283	4.16555598676794	8.129806762960381e-07	0.011641883284559265
/work/LAS/jernigan-lab/Ben/ProjectHIV/ProtGOs01/gagB62BlastOutUNI.tsv	GO:0043083	20	198407	75	3099283	4.16555598676794	8.129806762960381e-07	0.011641883284559265
/work/LAS/jernigan-lab/Ben/ProjectHIV/ProtGOs01/gagB62BlastOutUNI.tsv	GO:0005249	43	198407	276	3099283	2.433680807486704	8.251340688208073e-07	0.01181591986551396
/work/LAS/jernigan-lab/Ben/ProjectHIV/ProtGOs01/gagB62BlastOutUNI.tsv	GO:0006468	189	198407	1990	3099283	1.483586836995868	8.349404010526047e-07	0.0119563465430733
/work/LAS/jernigan-lab/Ben/ProjectHIV/ProtGOs01/gagB62BlastOutUNI.tsv	GO:0039663	18	198407	61	3099283	4.609426706669442	8.366260221956696e-07	0.011980484637841989
/work/LAS/jernigan-lab/Ben/ProjectHIV/ProtGOs01/gagB62BlastOutUNI.tsv	GO:0043029	23	198407	98	3099283	3.666114325089131	8.604340695622185e-07	0.012321415876130969
/work/LAS/jernigan-lab/Ben/ProjectHIV/ProtGOs01/gagB62BlastOutUNI.tsv	GO:0051608	10	198407	15	3099283	10.41388996691985	8.766769113826648e-07	0.01255401337099976
/work/LAS/jernigan-lab/Ben/ProjectHIV/ProtGOs01/gagB62BlastOutUNI.tsv	GO:0010977	41	198407	256	3099283	2.501774347521761	9.330504876318079e-07	0.013361282982887489
/work/LAS/jernigan-lab/Ben/ProjectHIV/ProtGOs01/gagB62BlastOutUNI.tsv	GO:0018117	14	198407	36	3099283	6.074769147369913	9.643694022761137e-07	0.013809769840593948
/work/LAS/jernigan-lab/Ben/ProjectHIV/ProtGOs01/gagB62BlastOutUNI.tsv	GO:0001678	26	198407	123	3099283	3.3019651114623914	9.687636939186539e-07	0.013872696096915124
/work/LAS/jernigan-lab/Ben/ProjectHIV/ProtGOs01/gagB62BlastOutUNI.tsv	GO:0005875	38	198407	230	3099283	2.580833600497528	1.0003557958232182e-06	0.014325094996188486
/work/LAS/jernigan-lab/Ben/ProjectHIV/ProtGOs01/gagB62BlastOutUNI.tsv	GO:0005030	11	198407	20	3099283	8.591459222708876	1.0232199017478393e-06	0.01465250899302906
/work/LAS/jernigan-lab/Ben/ProjectHIV/ProtGOs01/gagB62BlastOutUNI.tsv	GO:0007193	36	198407	210	3099283	2.6778574200651044	1.071935545175929e-06	0.015350117006919305
/work/LAS/jernigan-lab/Ben/ProjectHIV/ProtGOs01/gagB62BlastOutUNI.tsv	GO:0005764	138	198407	1359	3099283	1.5862216505904407	1.1634208850729452e-06	0.016660187074244576
/work/LAS/jernigan-lab/Ben/ProjectHIV/ProtGOs01/gagB62BlastOutUNI.tsv	GO:0016460	13	198407	31	3099283	6.550672721127002	1.1935556992098048e-06	0.017091717612684406
/work/LAS/jernigan-lab/Ben/ProjectHIV/ProtGOs01/gagB62BlastOutUNI.tsv	GO:0006957	18	198407	63	3099283	4.463095700108507	1.2360612868194693e-06	0.0177003976272548
/work/LAS/jernigan-lab/Ben/ProjectHIV/ProtGOs01/gagB62BlastOutUNI.tsv	GO:0035371	21	198407	85	3099283	3.8592651053879443	1.2533780281277515e-06	0.017948373362789403
/work/LAS/jernigan-lab/Ben/ProjectHIV/ProtGOs01/gagB62BlastOutUNI.tsv	GO:0050729	47	198407	318	3099283	2.3087397568171366	1.273125941762686e-06	0.018231163486041663
/work/LAS/jernigan-lab/Ben/ProjectHIV/ProtGOs01/gagB62BlastOutUNI.tsv	GO:0060976	23	198407	101	3099283	3.557219840185493	1.3431804504496082e-06	0.01923434405043839
/work/LAS/jernigan-lab/Ben/ProjectHIV/ProtGOs01/gagB62BlastOutUNI.tsv	GO:0004963	10	198407	16	3099283	9.76302184398736	1.3472728534516323e-06	0.019292947261427374
/work/LAS/jernigan-lab/Ben/ProjectHIV/ProtGOs01/gagB62BlastOutUNI.tsv	GO:0016168	117	198407	1111	3099283	1.645038424117402	1.4003923650331134e-06	0.020053618667274183
/work/LAS/jernigan-lab/Ben/ProjectHIV/ProtGOs01/gagB62BlastOutUNI.tsv	GO:1904881	8	198407	8	3099283	15.620834950379775	1.425452139669755e-06	0.020412474640070892
/work/LAS/jernigan-lab/Ben/ProjectHIV/ProtGOs01/gagB62BlastOutUNI.tsv	GO:0001782	19	198407	71	3099283	4.180223437425574	1.450385592122813e-06	0.020769521679198683
/work/LAS/jernigan-lab/Ben/ProjectHIV/ProtGOs01/gagB62BlastOutUNI.tsv	GO:0003148	21	198407	86	3099283	3.8143899297438986	1.4710653950553023e-06	0.02106565645719193
/work/LAS/jernigan-lab/Ben/ProjectHIV/ProtGOs01/gagB62BlastOutUNI.tsv	GO:0010812	17	198407	57	3099283	4.658845511516775	1.4802596551793661e-06	0.021197318262168523
/work/LAS/jernigan-lab/Ben/ProjectHIV/ProtGOs01/gagB62BlastOutUNI.tsv	GO:0030317	41	198407	263	3099283	2.4351871975877217	1.4806146461261436e-06	0.021202401732526376
/work/LAS/jernigan-lab/Ben/ProjectHIV/ProtGOs01/gagB62BlastOutUNI.tsv	GO:0000034	37	198407	225	3099283	2.568759525173563	1.5147997016667873e-06	0.021691931727868395
/work/LAS/jernigan-lab/Ben/ProjectHIV/ProtGOs01/gagB62BlastOutUNI.tsv	GO:0097155	9	198407	12	3099283	11.715626212784832	1.5606180218487331e-06	0.022348050072873858
/work/LAS/jernigan-lab/Ben/ProjectHIV/ProtGOs01/gagB62BlastOutUNI.tsv	GO:0005250	9	198407	12	3099283	11.715626212784832	1.5606180218487331e-06	0.022348050072873858
/work/LAS/jernigan-lab/Ben/ProjectHIV/ProtGOs01/gagB62BlastOutUNI.tsv	GO:0010710	9	198407	12	3099283	11.715626212784832	1.5606180218487331e-06	0.022348050072873858
/work/LAS/jernigan-lab/Ben/ProjectHIV/ProtGOs01/gagB62BlastOutUNI.tsv	GO:0032302	13	198407	32	3099283	6.345964198591783	1.5856415430085003e-06	0.022706386895881725
/work/LAS/jernigan-lab/Ben/ProjectHIV/ProtGOs01/gagB62BlastOutUNI.tsv	GO:0006886	164	198407	1694	3099283	1.5122886256566015	1.5949202342212955e-06	0.02283925775404895
/work/LAS/jernigan-lab/Ben/ProjectHIV/ProtGOs01/gagB62BlastOutUNI.tsv	GO:0008066	20	198407	79	3099283	3.9546417595898165	1.6136566345581205e-06	0.023107563006872285
/work/LAS/jernigan-lab/Ben/ProjectHIV/ProtGOs01/gagB62BlastOutUNI.tsv	GO:0031461	21	198407	87	3099283	3.7705463673330493	1.7226864591047453e-06	0.024668870094379954
/work/LAS/jernigan-lab/Ben/ProjectHIV/ProtGOs01/gagB62BlastOutUNI.tsv	GO:0002089	16	198407	51	3099283	4.90065410207993	1.725656836526744e-06	0.024711405899062972
/work/LAS/jernigan-lab/Ben/ProjectHIV/ProtGOs01/gagB62BlastOutUNI.tsv	GO:0007091	16	198407	51	3099283	4.90065410207993	1.725656836526744e-06	0.024711405899062972
/work/LAS/jernigan-lab/Ben/ProjectHIV/ProtGOs01/gagB62BlastOutUNI.tsv	GO:0015562	39	198407	243	3099283	2.507047584628853	1.763456806870414e-06	0.02525270147438433
/work/LAS/jernigan-lab/Ben/ProjectHIV/ProtGOs01/gagB62BlastOutUNI.tsv	GO:0048260	24	198407	111	3099283	3.3774778271091406	1.7639177019459803e-06	0.025259301491866438
/work/LAS/jernigan-lab/Ben/ProjectHIV/ProtGOs01/gagB62BlastOutUNI.tsv	GO:0031589	23	198407	103	3099283	3.488147610278979	1.791121140160061e-06	0.025648854727092073
/work/LAS/jernigan-lab/Ben/ProjectHIV/ProtGOs01/gagB62BlastOutUNI.tsv	GO:0099059	18	198407	65	3099283	4.325769678566707	1.8010658945518311e-06	0.025791263609982223
/work/LAS/jernigan-lab/Ben/ProjectHIV/ProtGOs01/gagB62BlastOutUNI.tsv	GO:0039645	34	198407	195	3099283	2.723632760579038	1.8617228624271255e-06	0.026659871389956437
/work/LAS/jernigan-lab/Ben/ProjectHIV/ProtGOs01/gagB62BlastOutUNI.tsv	GO:0003918	52	198407	376	3099283	2.1603282378184794	1.947110999958377e-06	0.027882629519403956
/work/LAS/jernigan-lab/Ben/ProjectHIV/ProtGOs01/gagB62BlastOutUNI.tsv	GO:0021987	37	198407	228	3099283	2.534960057737069	1.951307009049912e-06	0.02794271636959474
/work/LAS/jernigan-lab/Ben/ProjectHIV/ProtGOs01/gagB62BlastOutUNI.tsv	GO:0044603	10	198407	17	3099283	9.188726441399867	2.0237025952496663e-06	0.02897942116397522
/work/LAS/jernigan-lab/Ben/ProjectHIV/ProtGOs01/gagB62BlastOutUNI.tsv	GO:2001070	19	198407	73	3099283	4.065696767907065	2.056972034902916e-06	0.029455839539809757
/work/LAS/jernigan-lab/Ben/ProjectHIV/ProtGOs01/gagB62BlastOutUNI.tsv	GO:0031581	13	198407	33	3099283	6.1536622531799114	2.088134017241333e-06	0.029902079126895888
/work/LAS/jernigan-lab/Ben/ProjectHIV/ProtGOs01/gagB62BlastOutUNI.tsv	GO:0001540	42	198407	273	3099283	2.403205376981504	2.092994718029049e-06	0.02997168436217598
/work/LAS/jernigan-lab/Ben/ProjectHIV/ProtGOs01/gagB62BlastOutUNI.tsv	GO:0031023	17	198407	59	3099283	4.500918545024681	2.1967477107525385e-06	0.03145742721797635
/work/LAS/jernigan-lab/Ben/ProjectHIV/ProtGOs01/gagB62BlastOutUNI.tsv	GO:0032012	20	198407	81	3099283	3.856996284044389	2.238808256632654e-06	0.032059734234979605
/work/LAS/jernigan-lab/Ben/ProjectHIV/ProtGOs01/gagB62BlastOutUNI.tsv	GO:0048015	36	198407	220	3099283	2.556136628243963	2.2934640284241336e-06	0.03284240488703359
/work/LAS/jernigan-lab/Ben/ProjectHIV/ProtGOs01/gagB62BlastOutUNI.tsv	GO:0006182	24	198407	113	3099283	3.31769945848774	2.309517423074003e-06	0.03307228949841972
/work/LAS/jernigan-lab/Ben/ProjectHIV/ProtGOs01/gagB62BlastOutUNI.tsv	GO:0001525	102	198407	940	3099283	1.6950267712114224	2.3158520584514924e-06	0.03316300147702537
/work/LAS/jernigan-lab/Ben/ProjectHIV/ProtGOs01/gagB62BlastOutUNI.tsv	GO:0009395	26	198407	130	3099283	3.1241669900759548	2.3644762223985937e-06	0.033859299504747864
/work/LAS/jernigan-lab/Ben/ProjectHIV/ProtGOs01/gagB62BlastOutUNI.tsv	GO:0043552	23	198407	105	3099283	3.4217067034165223	2.3718217214593365e-06	0.0339644870512977
/work/LAS/jernigan-lab/Ben/ProjectHIV/ProtGOs01/gagB62BlastOutUNI.tsv	GO:0060261	23	198407	105	3099283	3.4217067034165223	2.3718217214593365e-06	0.0339644870512977
/work/LAS/jernigan-lab/Ben/ProjectHIV/ProtGOs01/gagB62BlastOutUNI.tsv	GO:0048763	9	198407	13	3099283	10.814424196416768	2.499069757743759e-06	0.03578667893089063
/work/LAS/jernigan-lab/Ben/ProjectHIV/ProtGOs01/gagB62BlastOutUNI.tsv	GO:0031384	9	198407	13	3099283	10.814424196416768	2.499069757743759e-06	0.03578667893089063
/work/LAS/jernigan-lab/Ben/ProjectHIV/ProtGOs01/gagB62BlastOutUNI.tsv	GO:2000203	8	198407	9	3099283	13.8851866225598	2.5493573520900735e-06	0.036506797281929855
/work/LAS/jernigan-lab/Ben/ProjectHIV/ProtGOs01/gagB62BlastOutUNI.tsv	GO:2000235	8	198407	9	3099283	13.8851866225598	2.5493573520900735e-06	0.036506797281929855
/work/LAS/jernigan-lab/Ben/ProjectHIV/ProtGOs01/gagB62BlastOutUNI.tsv	GO:2000238	8	198407	9	3099283	13.8851866225598	2.5493573520900735e-06	0.036506797281929855
/work/LAS/jernigan-lab/Ben/ProjectHIV/ProtGOs01/gagB62BlastOutUNI.tsv	GO:0010794	8	198407	9	3099283	13.8851866225598	2.5493573520900735e-06	0.036506797281929855
/work/LAS/jernigan-lab/Ben/ProjectHIV/ProtGOs01/gagB62BlastOutUNI.tsv	GO:0022028	8	198407	9	3099283	13.8851866225598	2.5493573520900735e-06	0.036506797281929855
/work/LAS/jernigan-lab/Ben/ProjectHIV/ProtGOs01/gagB62BlastOutUNI.tsv	GO:0007632	12	198407	28	3099283	6.694643550162761	2.559920837923032e-06	0.03665806639905782
/work/LAS/jernigan-lab/Ben/ProjectHIV/ProtGOs01/gagB62BlastOutUNI.tsv	GO:0031491	33	198407	191	3099283	2.698887713939961	2.928820771086269e-06	0.04194071344195537
/work/LAS/jernigan-lab/Ben/ProjectHIV/ProtGOs01/gagB62BlastOutUNI.tsv	GO:0071681	10	198407	18	3099283	8.678241639099875	2.977297759242471e-06	0.04263490391235219
/work/LAS/jernigan-lab/Ben/ProjectHIV/ProtGOs01/gagB62BlastOutUNI.tsv	GO:0005802	108	198407	1016	3099283	1.6604824553553303	2.9926964621943613e-06	0.042855413338623256
/work/LAS/jernigan-lab/Ben/ProjectHIV/ProtGOs01/gagB62BlastOutUNI.tsv	GO:0019158	16	198407	54	3099283	4.628395540853266	3.2046222836505906e-06	0.045890191101876456
/work/LAS/jernigan-lab/Ben/ProjectHIV/ProtGOs01/gagB62BlastOutUNI.tsv	GO:0070306	16	198407	54	3099283	4.628395540853266	3.2046222836505906e-06	0.045890191101876456
/work/LAS/jernigan-lab/Ben/ProjectHIV/ProtGOs01/gagB62BlastOutUNI.tsv	GO:0042766	17	198407	61	3099283	4.353347445187806	3.211880580212484e-06	0.045994129908642774
/work/LAS/jernigan-lab/Ben/ProjectHIV/ProtGOs01/gagB62BlastOutUNI.tsv	GO:0035249	25	198407	124	3099283	3.1493618851572127	3.2315962752243628e-06	0.046276458661212876
/work/LAS/jernigan-lab/Ben/ProjectHIV/ProtGOs01/gagB62BlastOutUNI.tsv	GO:0071313	14	198407	41	3099283	5.333943641593094	3.3645671017132516e-06	0.04818060089653376
/work/LAS/jernigan-lab/Ben/ProjectHIV/ProtGOs01/gagB62BlastOutUNI.tsv	GO:0004622	31	198407	178	3099283	2.7204824913582755	3.4887048841064124e-06	0.049958253940403825