/work/LAS/jernigan-lab/Ben/ProjectHIV/ProtGOs01/gagB62BlastOutUNI.tsv	GO:0019013	181	2838	855	3099283	231.18587877963643	0.0	0.0
/work/LAS/jernigan-lab/Ben/ProjectHIV/ProtGOs01/gagB62BlastOutUNI.tsv	GO:0072494	100	2838	147	3099283	742.9019669883457	8.958097203534883e-233	1.0749716644241859e-230
/work/LAS/jernigan-lab/Ben/ProjectHIV/ProtGOs01/gagB62BlastOutUNI.tsv	GO:0005198	158	2838	3406	3099283	50.65954517108432	5.803969304300487e-201	6.964763165160585e-199
/work/LAS/jernigan-lab/Ben/ProjectHIV/ProtGOs01/gagB62BlastOutUNI.tsv	GO:0039702	88	2838	256	3099283	375.3976501937984	5.401487711506945e-184	6.481785253808335e-182
/work/LAS/jernigan-lab/Ben/ProjectHIV/ProtGOs01/gagB62BlastOutUNI.tsv	GO:0044826	84	2838	192	3099283	477.77882751937983	3.901185563584899e-183	4.681422676301879e-181
/work/LAS/jernigan-lab/Ben/ProjectHIV/ProtGOs01/gagB62BlastOutUNI.tsv	GO:0075713	84	2838	203	3099283	451.88933440256613	1.8900736788771558e-181	2.2680884146525868e-179
/work/LAS/jernigan-lab/Ben/ProjectHIV/ProtGOs01/gagB62BlastOutUNI.tsv	GO:0020002	124	2838	2048	3099283	66.12117702277132	3.725209933428875e-172	4.47025192011465e-170
/work/LAS/jernigan-lab/Ben/ProjectHIV/ProtGOs01/gagB62BlastOutUNI.tsv	GO:0004190	107	2838	1096	3099283	106.61592188649352	4.770374559834648e-170	5.724449471801578e-168
/work/LAS/jernigan-lab/Ben/ProjectHIV/ProtGOs01/gagB62BlastOutUNI.tsv	GO:0003964	85	2838	326	3099283	284.74110667237363	6.337142114117423e-169	7.604570536940907e-167
/work/LAS/jernigan-lab/Ben/ProjectHIV/ProtGOs01/gagB62BlastOutUNI.tsv	GO:0004533	67	2838	75	3099283	975.5788630490956	1.5857085957881439e-162	1.9028503149457725e-160
/work/LAS/jernigan-lab/Ben/ProjectHIV/ProtGOs01/gagB62BlastOutUNI.tsv	GO:0039657	75	2838	218	3099283	375.7107424791978	3.562895328109014e-157	4.275474393730817e-155
/work/LAS/jernigan-lab/Ben/ProjectHIV/ProtGOs01/gagB62BlastOutUNI.tsv	GO:0015074	83	2838	474	3099283	191.22672783174696	4.399449234615607e-152	5.279339081538729e-150
/work/LAS/jernigan-lab/Ben/ProjectHIV/ProtGOs01/gagB62BlastOutUNI.tsv	GO:0042025	127	2838	3656	3099283	37.935549293505	6.135331580104066e-147	7.362397896124879e-145
/work/LAS/jernigan-lab/Ben/ProjectHIV/ProtGOs01/gagB62BlastOutUNI.tsv	GO:0008270	227	2838	23236	3099283	10.668744937353292	9.493155630273555e-143	1.1391786756328266e-140
/work/LAS/jernigan-lab/Ben/ProjectHIV/ProtGOs01/gagB62BlastOutUNI.tsv	GO:0055036	100	2838	2272	3099283	48.066280434545256	3.9369062543594534e-126	4.724287505231344e-124
/work/LAS/jernigan-lab/Ben/ProjectHIV/ProtGOs01/gagB62BlastOutUNI.tsv	GO:0003887	85	2838	1225	3099283	75.77600063281126	1.205148139659097e-123	1.4461777675909164e-121
/work/LAS/jernigan-lab/Ben/ProjectHIV/ProtGOs01/gagB62BlastOutUNI.tsv	GO:0046718	84	2838	1280	3099283	71.66682412790698	2.8001498916441447e-120	3.3601798699729736e-118
/work/LAS/jernigan-lab/Ben/ProjectHIV/ProtGOs01/gagB62BlastOutUNI.tsv	GO:0004523	85	2838	1443	3099283	64.32820566541497	7.098952765302317e-118	8.51874331836278e-116
/work/LAS/jernigan-lab/Ben/ProjectHIV/ProtGOs01/gagB62BlastOutUNI.tsv	GO:0075732	61	2838	636	3099283	104.74216883623421	1.7077962882427287e-97	2.0493555458912745e-95
/work/LAS/jernigan-lab/Ben/ProjectHIV/ProtGOs01/gagB62BlastOutUNI.tsv	GO:0039651	36	2838	43	3099283	914.2877230935641	1.96440220118368e-87	2.357282641420416e-85
/work/LAS/jernigan-lab/Ben/ProjectHIV/ProtGOs01/gagB62BlastOutUNI.tsv	GO:0003723	147	2838	18668	3099283	8.599404652159397	1.2370073400886377e-81	1.4844088081063654e-79
/work/LAS/jernigan-lab/Ben/ProjectHIV/ProtGOs01/gagB62BlastOutUNI.tsv	GO:0006310	84	2838	6164	3099283	14.88214388120067	7.625802351622103e-66	9.150962821946524e-64
/work/LAS/jernigan-lab/Ben/ProjectHIV/ProtGOs01/gagB62BlastOutUNI.tsv	GO:0039660	37	2838	391	3099283	103.34127361763714	1.1287074140044366e-59	1.354448896805324e-57
/work/LAS/jernigan-lab/Ben/ProjectHIV/ProtGOs01/gagB62BlastOutUNI.tsv	GO:0008289	50	2838	2159	3099283	25.291011845133585	7.756536659639935e-51	9.307843991567921e-49
/work/LAS/jernigan-lab/Ben/ProjectHIV/ProtGOs01/gagB62BlastOutUNI.tsv	GO:0003676	50	2838	5465	3099283	9.991453718873451	3.935697463047153e-32	4.722836955656584e-30
/work/LAS/jernigan-lab/Ben/ProjectHIV/ProtGOs01/gagB62BlastOutUNI.tsv	GO:0016032	28	2838	1152	3099283	26.5432681955211	8.352759268092232e-30	1.0023311121710678e-27
/work/LAS/jernigan-lab/Ben/ProjectHIV/ProtGOs01/gagB62BlastOutUNI.tsv	GO:0003677	96	2838	31911	3099283	3.285335012421903	3.52731917906313e-22	4.232783014875756e-20
/work/LAS/jernigan-lab/Ben/ProjectHIV/ProtGOs01/gagB62BlastOutUNI.tsv	GO:0004170	17	2838	564	3099283	32.916879707515534	3.0956876601253744e-20	3.7148251921504494e-18
/work/LAS/jernigan-lab/Ben/ProjectHIV/ProtGOs01/gagB62BlastOutUNI.tsv	GO:0030430	28	2838	2716	3099283	11.258411252297611	4.564447546600547e-20	5.477337055920657e-18
/work/LAS/jernigan-lab/Ben/ProjectHIV/ProtGOs01/gagB62BlastOutUNI.tsv	GO:2000767	8	2838	39	3099283	224.0135161995627	1.5138034989089528e-16	1.8165641986907432e-14
/work/LAS/jernigan-lab/Ben/ProjectHIV/ProtGOs01/gagB62BlastOutUNI.tsv	GO:0019028	13	2838	732	3099283	19.394612826703945	5.47619958245095e-13	6.57143949894114e-11
/work/LAS/jernigan-lab/Ben/ProjectHIV/ProtGOs01/gagB62BlastOutUNI.tsv	GO:0045182	8	2838	139	3099283	62.85271317829457	1.976736999024785e-12	2.372084398829742e-10
/work/LAS/jernigan-lab/Ben/ProjectHIV/ProtGOs01/gagB62BlastOutUNI.tsv	GO:0003727	8	2838	285	3099283	30.65448116415069	4.819759907760506e-10	5.7837118893126066e-08
/work/LAS/jernigan-lab/Ben/ProjectHIV/ProtGOs01/gagB62BlastOutUNI.tsv	GO:0071919	3	2838	7	3099283	468.0282392026578	9.163679423893416e-08	1.0996415308672099e-05
/work/LAS/jernigan-lab/Ben/ProjectHIV/ProtGOs01/gagB62BlastOutUNI.tsv	GO:0046797	3	2838	21	3099283	156.0094130675526	1.5308146389656612e-06	0.00018369775667587934
/work/LAS/jernigan-lab/Ben/ProjectHIV/ProtGOs01/gagB62BlastOutUNI.tsv	GO:0044095	3	2838	22	3099283	148.91807610993658	1.7383679727918462e-06	0.00020860415673502154
/work/LAS/jernigan-lab/Ben/ProjectHIV/ProtGOs01/gagB62BlastOutUNI.tsv	GO:0009117	9	2838	1217	3099283	8.076083010070512	2.8082824454909255e-06	0.0003369938934589111
/work/LAS/jernigan-lab/Ben/ProjectHIV/ProtGOs01/gagB62BlastOutUNI.tsv	GO:0016020	24	2838	8665	3099283	3.024764154108348	3.4740399201169004e-06	0.000416884790414028
/work/LAS/jernigan-lab/Ben/ProjectHIV/ProtGOs01/gagB62BlastOutUNI.tsv	GO:0008432	3	2838	47	3099283	69.70633349826818	1.456192930713244e-05	0.0017474315168558927
/work/LAS/jernigan-lab/Ben/ProjectHIV/ProtGOs01/gagB62BlastOutUNI.tsv	GO:0051880	3	2838	56	3099283	58.503529900332225	2.400414302584255e-05	0.0028804971631011056
/work/LAS/jernigan-lab/Ben/ProjectHIV/ProtGOs01/gagB62BlastOutUNI.tsv	GO:0007276	3	2838	102	3099283	32.11958504331965	0.00013412499755522774	0.01609499970662733
/work/LAS/jernigan-lab/Ben/ProjectHIV/ProtGOs01/gagB62BlastOutUNI.tsv	GO:0003729	11	2838	3161	3099283	3.8002925676056787	0.00022233584331841016	0.02668030119820922