/work/LAS/jernigan-lab/Ben/ProjectHIV/ProtGOs01/gagB62BlastOutUNI.tsv	GO:0000015	380	170549	910	3099283	7.588470691191903	4.0497340828161866e-171	5.393840824902879e-167
/work/LAS/jernigan-lab/Ben/ProjectHIV/ProtGOs01/gagB62BlastOutUNI.tsv	GO:0004634	380	170549	915	3099283	7.54700363823457	1.7655801517703034e-170	2.351576204142867e-166
/work/LAS/jernigan-lab/Ben/ProjectHIV/ProtGOs01/gagB62BlastOutUNI.tsv	GO:0000978	620	170549	3436	3099283	3.2790692696299795	5.1440474742438595e-124	6.851356830945397e-120
/work/LAS/jernigan-lab/Ben/ProjectHIV/ProtGOs01/gagB62BlastOutUNI.tsv	GO:0008270	2192	170549	23236	3099283	1.7143174222774	1.997235206756511e-110	2.6601175718789967e-106
/work/LAS/jernigan-lab/Ben/ProjectHIV/ProtGOs01/gagB62BlastOutUNI.tsv	GO:0006357	677	170549	4531	3099283	2.715230249348114	6.459919138820007e-102	8.603966300994368e-98
/work/LAS/jernigan-lab/Ben/ProjectHIV/ProtGOs01/gagB62BlastOutUNI.tsv	GO:0019013	273	170549	855	3099283	5.802412353994474	4.2286775429218287e-101	5.632175619417584e-97
/work/LAS/jernigan-lab/Ben/ProjectHIV/ProtGOs01/gagB62BlastOutUNI.tsv	GO:0032549	278	170549	953	3099283	5.301075041303716	2.6255840710454056e-95	3.497015424225376e-91
/work/LAS/jernigan-lab/Ben/ProjectHIV/ProtGOs01/gagB62BlastOutUNI.tsv	GO:0072494	136	170549	147	3099283	16.812551606550482	9.059684509844791e-95	1.2066593798662278e-90
/work/LAS/jernigan-lab/Ben/ProjectHIV/ProtGOs01/gagB62BlastOutUNI.tsv	GO:0009986	559	170549	3529	3099283	2.878539586212293	8.567396141184758e-93	1.1410914920443979e-88
/work/LAS/jernigan-lab/Ben/ProjectHIV/ProtGOs01/gagB62BlastOutUNI.tsv	GO:0051082	737	170549	5885	3099283	2.2757946780224807	7.345961366466169e-80	9.78408594399629e-76
/work/LAS/jernigan-lab/Ben/ProjectHIV/ProtGOs01/gagB62BlastOutUNI.tsv	GO:0000981	566	170549	4081	3099283	2.5203560235528584	2.900452222443198e-75	3.863112315072096e-71
/work/LAS/jernigan-lab/Ben/ProjectHIV/ProtGOs01/gagB62BlastOutUNI.tsv	GO:0006351	705	170549	5833	3099283	2.1963886832334025	5.334963321852796e-71	7.105637648375739e-67
/work/LAS/jernigan-lab/Ben/ProjectHIV/ProtGOs01/gagB62BlastOutUNI.tsv	GO:0016830	164	170549	460	3099283	6.478852207971851	4.862083606052987e-67	6.475809154901974e-63
/work/LAS/jernigan-lab/Ben/ProjectHIV/ProtGOs01/gagB62BlastOutUNI.tsv	GO:0003899	552	170549	4213	3099283	2.381001535097828	4.1841222827710674e-66	5.572832468422785e-62
/work/LAS/jernigan-lab/Ben/ProjectHIV/ProtGOs01/gagB62BlastOutUNI.tsv	GO:0005634	2902	170549	37244	3099283	1.4159670487873286	2.280647061057456e-65	3.0375938206224253e-61
/work/LAS/jernigan-lab/Ben/ProjectHIV/ProtGOs01/gagB62BlastOutUNI.tsv	GO:0044826	112	170549	192	3099283	10.600561031336058	3.102116405673857e-63	4.13170884071701e-59
/work/LAS/jernigan-lab/Ben/ProjectHIV/ProtGOs01/gagB62BlastOutUNI.tsv	GO:0075713	112	170549	203	3099283	10.026146394170064	2.3999022136050125e-61	3.196429758300516e-57
/work/LAS/jernigan-lab/Ben/ProjectHIV/ProtGOs01/gagB62BlastOutUNI.tsv	GO:0031177	165	170549	546	3099283	5.491656421257298	3.993974020168903e-59	5.319573997462962e-55
/work/LAS/jernigan-lab/Ben/ProjectHIV/ProtGOs01/gagB62BlastOutUNI.tsv	GO:0003964	130	170549	326	3099283	7.246658724313869	5.3703607946437634e-58	7.152783542386029e-54
/work/LAS/jernigan-lab/Ben/ProjectHIV/ProtGOs01/gagB62BlastOutUNI.tsv	GO:0003968	222	170549	1027	3099283	3.928209012029386	6.558838808508229e-57	8.73571740905211e-53
/work/LAS/jernigan-lab/Ben/ProjectHIV/ProtGOs01/gagB62BlastOutUNI.tsv	GO:0042026	263	170549	1469	3099283	3.2534640294560537	2.9367537528228443e-53	3.911462323384746e-49
/work/LAS/jernigan-lab/Ben/ProjectHIV/ProtGOs01/gagB62BlastOutUNI.tsv	GO:0039702	109	170549	256	3099283	7.73746307421181	4.0726164726374845e-51	5.424317879905866e-47
/work/LAS/jernigan-lab/Ben/ProjectHIV/ProtGOs01/gagB62BlastOutUNI.tsv	GO:0044220	105	170549	241	3099283	7.917431475686683	4.767933655227551e-50	6.350410835397575e-46
/work/LAS/jernigan-lab/Ben/ProjectHIV/ProtGOs01/gagB62BlastOutUNI.tsv	GO:0004533	70	170549	75	3099283	16.960897650137692	8.546689431307289e-50	1.1383335653558179e-45
/work/LAS/jernigan-lab/Ben/ProjectHIV/ProtGOs01/gagB62BlastOutUNI.tsv	GO:0003724	296	170549	1900	3099283	2.831067126564337	7.8452377287566e-49	1.0449072130930915e-44
/work/LAS/jernigan-lab/Ben/ProjectHIV/ProtGOs01/gagB62BlastOutUNI.tsv	GO:0005198	426	170549	3406	3099283	2.2728826437459078	5.740885293948018e-47	7.646285123009366e-43
/work/LAS/jernigan-lab/Ben/ProjectHIV/ProtGOs01/gagB62BlastOutUNI.tsv	GO:0003887	224	170549	1225	3099283	3.3229513763535072	6.221048856218845e-47	8.28581497159788e-43
/work/LAS/jernigan-lab/Ben/ProjectHIV/ProtGOs01/gagB62BlastOutUNI.tsv	GO:0004096	141	170549	520	3099283	4.927513534346321	3.371442265904691e-46	4.490423953958458e-42
/work/LAS/jernigan-lab/Ben/ProjectHIV/ProtGOs01/gagB62BlastOutUNI.tsv	GO:0006096	555	170549	5074	3099283	1.9877171143842036	9.035631698310078e-45	1.2034557858979194e-40
/work/LAS/jernigan-lab/Ben/ProjectHIV/ProtGOs01/gagB62BlastOutUNI.tsv	GO:0039520	103	170549	272	3099283	6.881456635888323	1.081100320803647e-44	1.4399175172783773e-40
/work/LAS/jernigan-lab/Ben/ProjectHIV/ProtGOs01/gagB62BlastOutUNI.tsv	GO:0039657	94	170549	218	3099283	7.835801339021673	1.0814659933317813e-44	1.4404045565185995e-40
/work/LAS/jernigan-lab/Ben/ProjectHIV/ProtGOs01/gagB62BlastOutUNI.tsv	GO:0015074	131	170549	474	3099283	5.022327287902436	8.442530088538557e-44	1.1244605824924504e-39
/work/LAS/jernigan-lab/Ben/ProjectHIV/ProtGOs01/gagB62BlastOutUNI.tsv	GO:0004879	114	170549	382	3099283	5.423174080354423	5.474630232819896e-41	7.291660007092819e-37
/work/LAS/jernigan-lab/Ben/ProjectHIV/ProtGOs01/gagB62BlastOutUNI.tsv	GO:0016462	145	170549	653	3099283	4.0352168441314245	6.059131613356728e-39	8.070157395829826e-35
/work/LAS/jernigan-lab/Ben/ProjectHIV/ProtGOs01/gagB62BlastOutUNI.tsv	GO:0003922	141	170549	664	3099283	3.8588961413555527	4.086406904966173e-36	5.442685356724446e-32
/work/LAS/jernigan-lab/Ben/ProjectHIV/ProtGOs01/gagB62BlastOutUNI.tsv	GO:0039694	170	170549	935	3099283	3.304070970806044	8.259533865108998e-36	1.1000873154938674e-31
/work/LAS/jernigan-lab/Ben/ProjectHIV/ProtGOs01/gagB62BlastOutUNI.tsv	GO:0046429	111	170549	442	3099283	4.563654587504728	3.1723495451874045e-34	4.225252359235104e-30
/work/LAS/jernigan-lab/Ben/ProjectHIV/ProtGOs01/gagB62BlastOutUNI.tsv	GO:0005654	813	170549	9185	3099283	1.6085088019552778	6.165317337062408e-34	8.211586161233421e-30
/work/LAS/jernigan-lab/Ben/ProjectHIV/ProtGOs01/gagB62BlastOutUNI.tsv	GO:0004483	52	170549	93	3099283	10.16090642634977	1.317418746448615e-29	1.75467002839491e-25
/work/LAS/jernigan-lab/Ben/ProjectHIV/ProtGOs01/gagB62BlastOutUNI.tsv	GO:0020002	258	170549	2048	3099283	2.289295267370008	1.8134781635116893e-29	2.4153715659812188e-25
/work/LAS/jernigan-lab/Ben/ProjectHIV/ProtGOs01/gagB62BlastOutUNI.tsv	GO:0043235	136	170549	742	3099283	3.330788525826039	2.60443107649805e-29	3.4688417507877526e-25
/work/LAS/jernigan-lab/Ben/ProjectHIV/ProtGOs01/gagB62BlastOutUNI.tsv	GO:0042744	151	170549	894	3099283	3.0693858403293284	5.009368524728298e-29	6.67197793808562e-25
/work/LAS/jernigan-lab/Ben/ProjectHIV/ProtGOs01/gagB62BlastOutUNI.tsv	GO:0055036	274	170549	2272	3099283	2.191564680019678	1.2271257557022263e-28	1.6344087940197952e-24
/work/LAS/jernigan-lab/Ben/ProjectHIV/ProtGOs01/gagB62BlastOutUNI.tsv	GO:0000122	354	170549	3271	3099283	1.9666848609475291	1.8185302214008237e-28	2.422100401883757e-24
/work/LAS/jernigan-lab/Ben/ProjectHIV/ProtGOs01/gagB62BlastOutUNI.tsv	GO:0003678	175	170549	1157	3099283	2.7486329381165233	2.390933343948108e-28	3.1844841208044853e-24
/work/LAS/jernigan-lab/Ben/ProjectHIV/ProtGOs01/gagB62BlastOutUNI.tsv	GO:0004482	74	170549	244	3099283	5.511298709500245	1.3937235685471964e-27	1.856300420948011e-23
/work/LAS/jernigan-lab/Ben/ProjectHIV/ProtGOs01/gagB62BlastOutUNI.tsv	GO:0004197	146	170549	885	3099283	2.997931061646614	3.2136070384909157e-27	4.280203214566051e-23
/work/LAS/jernigan-lab/Ben/ProjectHIV/ProtGOs01/gagB62BlastOutUNI.tsv	GO:0075512	101	170549	463	3099283	3.964171542727338	3.730886443048511e-27	4.969167653496311e-23
/work/LAS/jernigan-lab/Ben/ProjectHIV/ProtGOs01/gagB62BlastOutUNI.tsv	GO:0039651	37	170549	43	3099283	15.63670796648907	3.1973050484652275e-26	4.258490594050836e-22
/work/LAS/jernigan-lab/Ben/ProjectHIV/ProtGOs01/gagB62BlastOutUNI.tsv	GO:0039654	121	170549	668	3099283	3.291705435735662	6.93027541010221e-26	9.230433818715134e-22
/work/LAS/jernigan-lab/Ben/ProjectHIV/ProtGOs01/gagB62BlastOutUNI.tsv	GO:0007018	95	170549	438	3099283	3.9415001877766165	1.728410454132588e-25	2.302069883859194e-21
/work/LAS/jernigan-lab/Ben/ProjectHIV/ProtGOs01/gagB62BlastOutUNI.tsv	GO:0004190	162	170549	1096	3099283	2.6860649954271762	1.9953814776082728e-25	2.6576485900264585e-21
/work/LAS/jernigan-lab/Ben/ProjectHIV/ProtGOs01/gagB62BlastOutUNI.tsv	GO:0009014	89	170549	395	3099283	4.094538582809009	5.767600904312959e-25	7.68186764445443e-21
/work/LAS/jernigan-lab/Ben/ProjectHIV/ProtGOs01/gagB62BlastOutUNI.tsv	GO:0016477	143	170549	912	3099283	2.849398923836572	1.0945843407806458e-24	1.4578768834857422e-20
/work/LAS/jernigan-lab/Ben/ProjectHIV/ProtGOs01/gagB62BlastOutUNI.tsv	GO:0042626	144	170549	933	3099283	2.804741917340179	2.2404600490450574e-24	2.984068739323112e-20
/work/LAS/jernigan-lab/Ben/ProjectHIV/ProtGOs01/gagB62BlastOutUNI.tsv	GO:0046718	176	170549	1280	3099283	2.4987036716720707	2.7297845283504073e-24	3.635800013309908e-20
/work/LAS/jernigan-lab/Ben/ProjectHIV/ProtGOs01/gagB62BlastOutUNI.tsv	GO:0001227	142	170549	919	3099283	2.8079210317731453	4.242893909783042e-24	5.651110398440033e-20
/work/LAS/jernigan-lab/Ben/ProjectHIV/ProtGOs01/gagB62BlastOutUNI.tsv	GO:0031072	151	170549	1036	3099283	2.648678514724343	3.6611519628985557e-23	4.876288299384586e-19
/work/LAS/jernigan-lab/Ben/ProjectHIV/ProtGOs01/gagB62BlastOutUNI.tsv	GO:0042025	363	170549	3656	3099283	1.8043155616012765	3.8369088554466665e-23	5.110378904569416e-19
/work/LAS/jernigan-lab/Ben/ProjectHIV/ProtGOs01/gagB62BlastOutUNI.tsv	GO:0009888	51	170549	134	3099283	6.91635751724698	4.566629604667628e-23	6.082293970456814e-19
/work/LAS/jernigan-lab/Ben/ProjectHIV/ProtGOs01/gagB62BlastOutUNI.tsv	GO:0039564	48	170549	117	3099283	7.45533962643415	6.520636171503919e-23	8.68483531682607e-19
/work/LAS/jernigan-lab/Ben/ProjectHIV/ProtGOs01/gagB62BlastOutUNI.tsv	GO:0005604	81	170549	368	3099283	3.999901134494817	2.4990703662003114e-22	3.3285118207421945e-18
/work/LAS/jernigan-lab/Ben/ProjectHIV/ProtGOs01/gagB62BlastOutUNI.tsv	GO:0019082	55	170549	170	3099283	5.879302756875461	5.189677458613347e-22	6.912131407127117e-18
/work/LAS/jernigan-lab/Ben/ProjectHIV/ProtGOs01/gagB62BlastOutUNI.tsv	GO:0005496	66	170549	252	3099283	4.7594355650896585	7.151217539717491e-22	9.524706641149727e-18
/work/LAS/jernigan-lab/Ben/ProjectHIV/ProtGOs01/gagB62BlastOutUNI.tsv	GO:0004457	45	170549	108	3099283	7.571829308097184	8.535310584499933e-22	1.1368180167495462e-17
/work/LAS/jernigan-lab/Ben/ProjectHIV/ProtGOs01/gagB62BlastOutUNI.tsv	GO:0016020	707	170549	8665	3099283	1.4827328297725682	1.810378326768238e-21	2.4112428934226162e-17
/work/LAS/jernigan-lab/Ben/ProjectHIV/ProtGOs01/gagB62BlastOutUNI.tsv	GO:0008569	38	170549	72	3099283	9.590983790256434	2.1205073020201795e-21	2.824303675560677e-17
/work/LAS/jernigan-lab/Ben/ProjectHIV/ProtGOs01/gagB62BlastOutUNI.tsv	GO:0030018	92	170549	490	3099283	3.4119590025058333	5.295870882654535e-21	7.053570428607576e-17
/work/LAS/jernigan-lab/Ben/ProjectHIV/ProtGOs01/gagB62BlastOutUNI.tsv	GO:0033674	69	170549	289	3099283	4.338736793843923	6.671776156614819e-21	8.886138662995277e-17
/work/LAS/jernigan-lab/Ben/ProjectHIV/ProtGOs01/gagB62BlastOutUNI.tsv	GO:0030284	33	170549	51	3099283	11.758605513750922	8.21582719582259e-21	1.0942660242116106e-16
/work/LAS/jernigan-lab/Ben/ProjectHIV/ProtGOs01/gagB62BlastOutUNI.tsv	GO:0016874	94	170549	519	3099283	3.2913385200514926	1.7037597043126008e-20	2.269237550173953e-16
/work/LAS/jernigan-lab/Ben/ProjectHIV/ProtGOs01/gagB62BlastOutUNI.tsv	GO:0007169	89	170549	474	3099283	3.412115485674174	2.248605526533151e-20	2.9949177007895037e-16
/work/LAS/jernigan-lab/Ben/ProjectHIV/ProtGOs01/gagB62BlastOutUNI.tsv	GO:0039648	45	170549	121	3099283	6.758326985739635	3.179839152803128e-20	4.2352277676184857e-16
/work/LAS/jernigan-lab/Ben/ProjectHIV/ProtGOs01/gagB62BlastOutUNI.tsv	GO:0005516	166	170549	1305	3099283	2.3115837519892093	5.3700542933152454e-20	7.152375313266576e-16
/work/LAS/jernigan-lab/Ben/ProjectHIV/ProtGOs01/gagB62BlastOutUNI.tsv	GO:0035556	208	170549	1826	3099283	2.0700203672519795	1.4120969328600018e-19	1.8807719048762364e-15
/work/LAS/jernigan-lab/Ben/ProjectHIV/ProtGOs01/gagB62BlastOutUNI.tsv	GO:0019062	163	170549	1284	3099283	2.3069311723735346	1.4135266808503774e-19	1.8826761862246178e-15
/work/LAS/jernigan-lab/Ben/ProjectHIV/ProtGOs01/gagB62BlastOutUNI.tsv	GO:0001228	200	170549	1729	3099283	2.1020694435434635	1.540687432262856e-19	2.052041591030898e-15
/work/LAS/jernigan-lab/Ben/ProjectHIV/ProtGOs01/gagB62BlastOutUNI.tsv	GO:0004383	39	170549	92	3099283	7.7035132960640915	2.6231715999709074e-19	3.4938022540012517e-15
/work/LAS/jernigan-lab/Ben/ProjectHIV/ProtGOs01/gagB62BlastOutUNI.tsv	GO:0019028	112	170549	732	3099283	2.7804750246127363	4.325357955355077e-19	5.760944260737427e-15
/work/LAS/jernigan-lab/Ben/ProjectHIV/ProtGOs01/gagB62BlastOutUNI.tsv	GO:0051015	146	170549	1111	3099283	2.3880908996914973	6.404021572239908e-19	8.529516332066332e-15
/work/LAS/jernigan-lab/Ben/ProjectHIV/ProtGOs01/gagB62BlastOutUNI.tsv	GO:0004714	66	170549	300	3099283	3.9979258746753135	1.701109545562946e-18	2.265707803735288e-14
/work/LAS/jernigan-lab/Ben/ProjectHIV/ProtGOs01/gagB62BlastOutUNI.tsv	GO:0000724	118	170549	818	3099283	2.6214450611896365	2.85155230638592e-18	3.7979825168754065e-14
/work/LAS/jernigan-lab/Ben/ProjectHIV/ProtGOs01/gagB62BlastOutUNI.tsv	GO:0018144	50	170549	176	3099283	5.1626108918844436	3.4619750537914167e-18	4.611004574144788e-14
/work/LAS/jernigan-lab/Ben/ProjectHIV/ProtGOs01/gagB62BlastOutUNI.tsv	GO:0019516	47	170549	156	3099283	5.47501503816258	4.997534352391145e-18	6.656216003949766e-14
/work/LAS/jernigan-lab/Ben/ProjectHIV/ProtGOs01/gagB62BlastOutUNI.tsv	GO:0006979	212	170549	1946	3099283	1.9797259773688836	6.504053572530278e-18	8.662748953253077e-14
/work/LAS/jernigan-lab/Ben/ProjectHIV/ProtGOs01/gagB62BlastOutUNI.tsv	GO:0008559	50	170549	180	3099283	5.047886205398123	7.542951485431733e-18	1.0046457083446525e-13
/work/LAS/jernigan-lab/Ben/ProjectHIV/ProtGOs01/gagB62BlastOutUNI.tsv	GO:0004386	120	170549	856	3099283	2.5475313559953143	1.000664655086556e-17	1.332785254109784e-13
/work/LAS/jernigan-lab/Ben/ProjectHIV/ProtGOs01/gagB62BlastOutUNI.tsv	GO:0008017	166	170549	1390	3099283	2.1702279110402287	1.0629930595412046e-17	1.4158004560029303e-13
/work/LAS/jernigan-lab/Ben/ProjectHIV/ProtGOs01/gagB62BlastOutUNI.tsv	GO:0004823	111	170549	764	3099283	2.6402294864883373	2.1336571422667336e-17	2.8418179477850623e-13
/work/LAS/jernigan-lab/Ben/ProjectHIV/ProtGOs01/gagB62BlastOutUNI.tsv	GO:0006429	111	170549	764	3099283	2.6402294864883373	2.1336571422667336e-17	2.8418179477850623e-13
/work/LAS/jernigan-lab/Ben/ProjectHIV/ProtGOs01/gagB62BlastOutUNI.tsv	GO:0039660	74	170549	391	3099283	3.439275921018056	2.1858742476157774e-17	2.911365910399454e-13
/work/LAS/jernigan-lab/Ben/ProjectHIV/ProtGOs01/gagB62BlastOutUNI.tsv	GO:0045944	429	170549	4955	3099283	1.5733512523949265	2.516698545550501e-17	3.3519907928187126e-13
/work/LAS/jernigan-lab/Ben/ProjectHIV/ProtGOs01/gagB62BlastOutUNI.tsv	GO:0016459	66	170549	326	3099283	3.679072890805503	6.256761073413735e-17	8.333380073679754e-13
/work/LAS/jernigan-lab/Ben/ProjectHIV/ProtGOs01/gagB62BlastOutUNI.tsv	GO:0007229	65	170549	318	3099283	3.714482302085411	7.109380344763518e-17	9.46898368119053e-13
/work/LAS/jernigan-lab/Ben/ProjectHIV/ProtGOs01/gagB62BlastOutUNI.tsv	GO:0044167	76	170549	428	3099283	3.226873050927398	1.7417711045230445e-16	2.319864934114243e-12
/work/LAS/jernigan-lab/Ben/ProjectHIV/ProtGOs01/gagB62BlastOutUNI.tsv	GO:0003684	245	170549	2457	3099283	1.8120617147583005	2.354774696086803e-16	3.136324417718013e-12
/work/LAS/jernigan-lab/Ben/ProjectHIV/ProtGOs01/gagB62BlastOutUNI.tsv	GO:0009229	209	170549	1984	3099283	1.914329425877796	2.368839387765252e-16	3.155057180564539e-12
/work/LAS/jernigan-lab/Ben/ProjectHIV/ProtGOs01/gagB62BlastOutUNI.tsv	GO:0039574	25	170549	38	3099283	11.955519960153449	2.978501678355434e-16	3.967066385401602e-12
/work/LAS/jernigan-lab/Ben/ProjectHIV/ProtGOs01/gagB62BlastOutUNI.tsv	GO:0031624	47	170549	177	3099283	4.825436982787358	3.0679166717179757e-16	4.0861582150611715e-12
/work/LAS/jernigan-lab/Ben/ProjectHIV/ProtGOs01/gagB62BlastOutUNI.tsv	GO:0005813	191	170549	1770	3099283	1.960975454707203	4.957587613472398e-16	6.603010942383888e-12
/work/LAS/jernigan-lab/Ben/ProjectHIV/ProtGOs01/gagB62BlastOutUNI.tsv	GO:0044185	24	170549	35	3099283	12.461067661325652	5.913517735805719e-16	7.876214272319637e-12
/work/LAS/jernigan-lab/Ben/ProjectHIV/ProtGOs01/gagB62BlastOutUNI.tsv	GO:0016607	175	170549	1567	3099283	2.0294628649654225	6.466700812797216e-16	8.612998812564612e-12
/work/LAS/jernigan-lab/Ben/ProjectHIV/ProtGOs01/gagB62BlastOutUNI.tsv	GO:0032889	37	170549	110	3099283	6.1125312959911815	9.029141551070922e-16	1.202591363187136e-11
/work/LAS/jernigan-lab/Ben/ProjectHIV/ProtGOs01/gagB62BlastOutUNI.tsv	GO:0009887	75	170549	437	3099283	3.1188312939530736	1.3286063466896815e-15	1.7695707931559866e-11
/work/LAS/jernigan-lab/Ben/ProjectHIV/ProtGOs01/gagB62BlastOutUNI.tsv	GO:0005730	435	170549	5187	3099283	1.524000346569011	1.844046683414831e-15	2.456085777640213e-11
/work/LAS/jernigan-lab/Ben/ProjectHIV/ProtGOs01/gagB62BlastOutUNI.tsv	GO:0008409	73	170549	424	3099283	3.128737015987327	2.712985966511384e-15	3.6134260087965126e-11
/work/LAS/jernigan-lab/Ben/ProjectHIV/ProtGOs01/gagB62BlastOutUNI.tsv	GO:0004315	106	170549	770	3099283	2.501653735038862	3.055845967642561e-15	4.070081244303127e-11
/work/LAS/jernigan-lab/Ben/ProjectHIV/ProtGOs01/gagB62BlastOutUNI.tsv	GO:0051959	33	170549	91	3099283	6.589987705508758	5.401668456624541e-15	7.194482217378226e-11
/work/LAS/jernigan-lab/Ben/ProjectHIV/ProtGOs01/gagB62BlastOutUNI.tsv	GO:0032982	34	170549	98	3099283	6.304706852456431	6.113503984687195e-15	8.142575957204874e-11
/work/LAS/jernigan-lab/Ben/ProjectHIV/ProtGOs01/gagB62BlastOutUNI.tsv	GO:0061630	142	170549	1206	3099283	2.1397010184075627	7.218237419495998e-15	9.61397041902672e-11
/work/LAS/jernigan-lab/Ben/ProjectHIV/ProtGOs01/gagB62BlastOutUNI.tsv	GO:0000790	276	170549	2974	3099283	1.6864760368808254	9.840977604685969e-15	1.3107198071681244e-10
/work/LAS/jernigan-lab/Ben/ProjectHIV/ProtGOs01/gagB62BlastOutUNI.tsv	GO:0030424	188	170549	1793	3099283	1.905415161078332	1.2569519670851121e-14	1.674134324960661e-10
/work/LAS/jernigan-lab/Ben/ProjectHIV/ProtGOs01/gagB62BlastOutUNI.tsv	GO:0004843	95	170549	672	3099283	2.569013515247259	1.4748981999795837e-14	1.9644169125528075e-10
/work/LAS/jernigan-lab/Ben/ProjectHIV/ProtGOs01/gagB62BlastOutUNI.tsv	GO:0043025	193	170549	1870	3099283	1.8755461687222543	1.994018845913888e-14	2.655833700872707e-10
/work/LAS/jernigan-lab/Ben/ProjectHIV/ProtGOs01/gagB62BlastOutUNI.tsv	GO:1905887	21	170549	30	3099283	12.72067323760327	2.8751190939271895e-14	3.8293711212016237e-10
/work/LAS/jernigan-lab/Ben/ProjectHIV/ProtGOs01/gagB62BlastOutUNI.tsv	GO:1990961	45	170549	192	3099283	4.259153985804666	5.926766762029624e-14	7.893860650347256e-10
/work/LAS/jernigan-lab/Ben/ProjectHIV/ProtGOs01/gagB62BlastOutUNI.tsv	GO:0010587	21	170549	32	3099283	11.925631160253065	7.214729094636043e-14	9.609297681145745e-10
/work/LAS/jernigan-lab/Ben/ProjectHIV/ProtGOs01/gagB62BlastOutUNI.tsv	GO:0039579	28	170549	70	3099283	7.268956135773297	8.522300753886991e-14	1.1350852374102083e-09
/work/LAS/jernigan-lab/Ben/ProjectHIV/ProtGOs01/gagB62BlastOutUNI.tsv	GO:0003725	85	170549	585	3099283	2.640432784362095	9.220258988834674e-14	1.2280462947228902e-09
/work/LAS/jernigan-lab/Ben/ProjectHIV/ProtGOs01/gagB62BlastOutUNI.tsv	GO:0034605	85	170549	586	3099283	2.635926926368303	9.884266715103247e-14	1.3164854837846015e-09
/work/LAS/jernigan-lab/Ben/ProjectHIV/ProtGOs01/gagB62BlastOutUNI.tsv	GO:0075732	89	170549	636	3099283	2.542991729889243	1.577481487987055e-13	2.1010475938499584e-09
/work/LAS/jernigan-lab/Ben/ProjectHIV/ProtGOs01/gagB62BlastOutUNI.tsv	GO:0006511	172	170549	1643	3099283	1.9024048316387814	1.8150995627363175e-13	2.417531107608501e-09
/work/LAS/jernigan-lab/Ben/ProjectHIV/ProtGOs01/gagB62BlastOutUNI.tsv	GO:0030520	27	170549	68	3099283	7.2155079288926105	2.69731304519182e-13	3.5925512448909855e-09
/work/LAS/jernigan-lab/Ben/ProjectHIV/ProtGOs01/gagB62BlastOutUNI.tsv	GO:0004666	17	170549	18	3099283	17.162813098353617	2.8663541761752715e-13	3.817697127247844e-09
/work/LAS/jernigan-lab/Ben/ProjectHIV/ProtGOs01/gagB62BlastOutUNI.tsv	GO:0050897	110	170549	880	3099283	2.2715487924291553	3.0862782920635147e-13	4.110614057199395e-09
/work/LAS/jernigan-lab/Ben/ProjectHIV/ProtGOs01/gagB62BlastOutUNI.tsv	GO:0003777	59	170549	334	3099283	3.2100929042711415	4.426373329165665e-13	5.895486637115749e-09
/work/LAS/jernigan-lab/Ben/ProjectHIV/ProtGOs01/gagB62BlastOutUNI.tsv	GO:0005544	50	170549	251	3099283	3.619998075584311	5.449795741651015e-13	7.258582948304988e-09
/work/LAS/jernigan-lab/Ben/ProjectHIV/ProtGOs01/gagB62BlastOutUNI.tsv	GO:0007165	264	170549	2923	3099283	1.6412969721554485	5.548373322984884e-13	7.3898784288835675e-09
/work/LAS/jernigan-lab/Ben/ProjectHIV/ProtGOs01/gagB62BlastOutUNI.tsv	GO:0002161	226	170549	2398	3099283	1.712660640830656	5.876384803128991e-13	7.826756919287504e-09
/work/LAS/jernigan-lab/Ben/ProjectHIV/ProtGOs01/gagB62BlastOutUNI.tsv	GO:0001725	47	170549	226	3099283	3.779213920147621	7.036554212171426e-13	9.371986555191123e-09
/work/LAS/jernigan-lab/Ben/ProjectHIV/ProtGOs01/gagB62BlastOutUNI.tsv	GO:0009228	234	170549	2512	3099283	1.6928102465873323	7.452116015303066e-13	9.925473320782153e-09
/work/LAS/jernigan-lab/Ben/ProjectHIV/ProtGOs01/gagB62BlastOutUNI.tsv	GO:0006182	33	170549	113	3099283	5.306981249569	8.193763429391768e-13	1.0913273511606895e-08
/work/LAS/jernigan-lab/Ben/ProjectHIV/ProtGOs01/gagB62BlastOutUNI.tsv	GO:0004125	35	170549	128	3099283	4.969012983438777	8.409840492418446e-13	1.1201066551852128e-08
/work/LAS/jernigan-lab/Ben/ProjectHIV/ProtGOs01/gagB62BlastOutUNI.tsv	GO:0098978	127	170549	1106	3099283	2.086703049826421	8.698937580462659e-13	1.1586114963418216e-08
/work/LAS/jernigan-lab/Ben/ProjectHIV/ProtGOs01/gagB62BlastOutUNI.tsv	GO:0039502	95	170549	731	3099283	2.3616649551931026	1.1860681148987118e-12	1.5797241222335944e-08
/work/LAS/jernigan-lab/Ben/ProjectHIV/ProtGOs01/gagB62BlastOutUNI.tsv	GO:0007160	55	170549	305	3099283	3.2769884218650107	1.3053925203162132e-12	1.7386522978091644e-08
/work/LAS/jernigan-lab/Ben/ProjectHIV/ProtGOs01/gagB62BlastOutUNI.tsv	GO:0048185	25	170549	62	3099283	7.327576749771469	1.5387521156157932e-12	2.049463942788675e-08
/work/LAS/jernigan-lab/Ben/ProjectHIV/ProtGOs01/gagB62BlastOutUNI.tsv	GO:0007411	96	170549	754	3099283	2.3137260909623225	2.618607600939996e-12	3.4877234636919804e-08
/work/LAS/jernigan-lab/Ben/ProjectHIV/ProtGOs01/gagB62BlastOutUNI.tsv	GO:0070205	25	170549	64	3099283	7.09858997634111	2.698204926753218e-12	3.5937391419426113e-08
/work/LAS/jernigan-lab/Ben/ProjectHIV/ProtGOs01/gagB62BlastOutUNI.tsv	GO:0071392	40	170549	175	3099283	4.153689220441884	2.765878162404288e-12	3.683873124506271e-08
/work/LAS/jernigan-lab/Ben/ProjectHIV/ProtGOs01/gagB62BlastOutUNI.tsv	GO:0031054	27	170549	77	3099283	6.372136872268799	2.8945607502021715e-12	3.8552654631942724e-08
/work/LAS/jernigan-lab/Ben/ProjectHIV/ProtGOs01/gagB62BlastOutUNI.tsv	GO:0007010	64	170549	405	3099283	2.8716863746264876	3.6611092046693835e-12	4.876231349699152e-08
/work/LAS/jernigan-lab/Ben/ProjectHIV/ProtGOs01/gagB62BlastOutUNI.tsv	GO:0007097	32	170549	115	3099283	5.05666513792925	5.277422142531069e-12	7.028998551637131e-08
/work/LAS/jernigan-lab/Ben/ProjectHIV/ProtGOs01/gagB62BlastOutUNI.tsv	GO:0007399	123	170549	1090	3099283	2.0506458823397145	6.131630348865748e-12	8.16671846165429e-08
/work/LAS/jernigan-lab/Ben/ProjectHIV/ProtGOs01/gagB62BlastOutUNI.tsv	GO:0043560	22	170549	49	3099283	8.159032397296558	6.167982220410571e-12	8.215135519364839e-08
/work/LAS/jernigan-lab/Ben/ProjectHIV/ProtGOs01/gagB62BlastOutUNI.tsv	GO:0045893	281	170549	3246	3099283	1.5731490096675111	7.467868855442532e-12	9.946454528563909e-08
/work/LAS/jernigan-lab/Ben/ProjectHIV/ProtGOs01/gagB62BlastOutUNI.tsv	GO:0046777	112	170549	958	3099283	2.124538327783427	7.54652750656958e-12	1.0051219986000023e-07
/work/LAS/jernigan-lab/Ben/ProjectHIV/ProtGOs01/gagB62BlastOutUNI.tsv	GO:0001653	25	170549	70	3099283	6.490139406940443	1.315861803354065e-11	1.752596335887279e-07
/work/LAS/jernigan-lab/Ben/ProjectHIV/ProtGOs01/gagB62BlastOutUNI.tsv	GO:0045131	15	170549	17	3099283	16.0344620642058	1.390601172734114e-11	1.8521417019645665e-07
/work/LAS/jernigan-lab/Ben/ProjectHIV/ProtGOs01/gagB62BlastOutUNI.tsv	GO:0000386	18	170549	31	3099283	10.551710519670914	1.968993493690031e-11	2.6225024342457526e-07
/work/LAS/jernigan-lab/Ben/ProjectHIV/ProtGOs01/gagB62BlastOutUNI.tsv	GO:0039563	35	170549	146	3099283	4.3563949443846814	1.9750154003569803e-11	2.630523011735462e-07
/work/LAS/jernigan-lab/Ben/ProjectHIV/ProtGOs01/gagB62BlastOutUNI.tsv	GO:0014069	114	170549	1007	3099283	2.0572517365396124	2.5275305916231966e-11	3.3664179949829354e-07
/work/LAS/jernigan-lab/Ben/ProjectHIV/ProtGOs01/gagB62BlastOutUNI.tsv	GO:0006261	97	170549	797	3099283	2.2116961893664047	2.613824354378617e-11	3.48135265759688e-07
/work/LAS/jernigan-lab/Ben/ProjectHIV/ProtGOs01/gagB62BlastOutUNI.tsv	GO:0062023	101	170549	850	3099283	2.1593075579797145	2.7228918796267818e-11	3.6266196944749104e-07
/work/LAS/jernigan-lab/Ben/ProjectHIV/ProtGOs01/gagB62BlastOutUNI.tsv	GO:0005955	19	170549	37	3099283	9.331768012141394	2.7734036736774306e-11	3.6938963529709697e-07
/work/LAS/jernigan-lab/Ben/ProjectHIV/ProtGOs01/gagB62BlastOutUNI.tsv	GO:1902995	22	170549	54	3099283	7.403566434583913	2.7937593153615698e-11	3.7210080321300746e-07
/work/LAS/jernigan-lab/Ben/ProjectHIV/ProtGOs01/gagB62BlastOutUNI.tsv	GO:0006515	56	170549	345	3099283	2.949721330458729	3.112677159056665e-11	4.145774708147572e-07
/work/LAS/jernigan-lab/Ben/ProjectHIV/ProtGOs01/gagB62BlastOutUNI.tsv	GO:0045879	31	170549	117	3099283	4.814906842072055	3.208020183077558e-11	4.272762081840999e-07
/work/LAS/jernigan-lab/Ben/ProjectHIV/ProtGOs01/gagB62BlastOutUNI.tsv	GO:0043005	168	170549	1715	3099283	1.7801525230465216	3.372440389699589e-11	4.4917533550408823e-07
/work/LAS/jernigan-lab/Ben/ProjectHIV/ProtGOs01/gagB62BlastOutUNI.tsv	GO:0045505	28	170549	95	3099283	5.356072942148745	3.52593684730242e-11	4.6961952869220933e-07
/work/LAS/jernigan-lab/Ben/ProjectHIV/ProtGOs01/gagB62BlastOutUNI.tsv	GO:0033627	27	170549	88	3099283	5.575619763235199	3.6610300935795394e-11	4.876125981638588e-07
/work/LAS/jernigan-lab/Ben/ProjectHIV/ProtGOs01/gagB62BlastOutUNI.tsv	GO:0030286	34	170549	145	3099283	4.261112217522277	6.302624369026425e-11	8.394465397106296e-07
/work/LAS/jernigan-lab/Ben/ProjectHIV/ProtGOs01/gagB62BlastOutUNI.tsv	GO:0019371	17	170549	29	3099283	10.652780543805694	6.354591904925727e-11	8.463680958170576e-07
/work/LAS/jernigan-lab/Ben/ProjectHIV/ProtGOs01/gagB62BlastOutUNI.tsv	GO:0043419	98	170549	828	3099283	2.1508384701261565	6.636476535329278e-11	8.839123097405065e-07
/work/LAS/jernigan-lab/Ben/ProjectHIV/ProtGOs01/gagB62BlastOutUNI.tsv	GO:0001514	35	170549	154	3099283	4.130088713507555	6.962437665298773e-11	9.273270726411435e-07
/work/LAS/jernigan-lab/Ben/ProjectHIV/ProtGOs01/gagB62BlastOutUNI.tsv	GO:0044877	170	170549	1758	3099283	1.7572846175788688	7.826923709735996e-11	1.0424679688997373e-06
/work/LAS/jernigan-lab/Ben/ProjectHIV/ProtGOs01/gagB62BlastOutUNI.tsv	GO:0030983	131	170549	1247	3099283	1.9090482233085442	8.746585576509914e-11	1.1649577329353555e-06
/work/LAS/jernigan-lab/Ben/ProjectHIV/ProtGOs01/gagB62BlastOutUNI.tsv	GO:0009408	152	170549	1522	3099283	1.8148510720064737	8.798354401232853e-11	1.1718528227002037e-06
/work/LAS/jernigan-lab/Ben/ProjectHIV/ProtGOs01/gagB62BlastOutUNI.tsv	GO:0018108	42	170549	218	3099283	3.501102725945854	9.062340055093808e-11	1.2070130719379443e-06
/work/LAS/jernigan-lab/Ben/ProjectHIV/ProtGOs01/gagB62BlastOutUNI.tsv	GO:0005178	72	170549	529	3099283	2.473368817465394	9.07165346826079e-11	1.2082535254376545e-06
/work/LAS/jernigan-lab/Ben/ProjectHIV/ProtGOs01/gagB62BlastOutUNI.tsv	GO:0019031	153	170549	1535	3099283	1.8113196885558867	1.0412050516156225e-10	1.3867810082468476e-06
/work/LAS/jernigan-lab/Ben/ProjectHIV/ProtGOs01/gagB62BlastOutUNI.tsv	GO:0004713	60	170549	400	3099283	2.725858550914986	1.2556913783761167e-10	1.6724553468591498e-06
/work/LAS/jernigan-lab/Ben/ProjectHIV/ProtGOs01/gagB62BlastOutUNI.tsv	GO:0006457	551	170549	7447	3099283	1.3445665472039368	1.2887984161965323e-10	1.7165506105321614e-06
/work/LAS/jernigan-lab/Ben/ProjectHIV/ProtGOs01/gagB62BlastOutUNI.tsv	GO:0030518	21	170549	54	3099283	7.0670406875573715	1.5605986845004188e-10	2.078561387886108e-06
/work/LAS/jernigan-lab/Ben/ProjectHIV/ProtGOs01/gagB62BlastOutUNI.tsv	GO:0009039	97	170549	826	3099283	2.1340458388922814	1.5881490103478744e-10	2.115255666882334e-06
/work/LAS/jernigan-lab/Ben/ProjectHIV/ProtGOs01/gagB62BlastOutUNI.tsv	GO:0015562	44	170549	243	3099283	3.290473970926184	1.878448323648045e-10	2.5019053222668312e-06
/work/LAS/jernigan-lab/Ben/ProjectHIV/ProtGOs01/gagB62BlastOutUNI.tsv	GO:0008013	51	170549	314	3099283	2.9515665837932974	2.223990381007516e-10	2.9621327884639105e-06
/work/LAS/jernigan-lab/Ben/ProjectHIV/ProtGOs01/gagB62BlastOutUNI.tsv	GO:0007009	26	170549	91	3099283	5.192111525552355	3.049399923571847e-10	4.061495758205343e-06
/work/LAS/jernigan-lab/Ben/ProjectHIV/ProtGOs01/gagB62BlastOutUNI.tsv	GO:0033192	16	170549	28	3099283	10.38422305110471	3.067468825978911e-10	4.085561729321312e-06
/work/LAS/jernigan-lab/Ben/ProjectHIV/ProtGOs01/gagB62BlastOutUNI.tsv	GO:0034446	36	170549	174	3099283	3.7598048978137744	3.5575954391856776e-10	4.738361365451404e-06
/work/LAS/jernigan-lab/Ben/ProjectHIV/ProtGOs01/gagB62BlastOutUNI.tsv	GO:0043548	26	170549	92	3099283	5.135675530709395	3.7162543446630697e-10	4.949679161656742e-06
/work/LAS/jernigan-lab/Ben/ProjectHIV/ProtGOs01/gagB62BlastOutUNI.tsv	GO:0098685	42	170549	230	3099283	3.31843649676607	3.81129036332578e-10	5.076257634913607e-06
/work/LAS/jernigan-lab/Ben/ProjectHIV/ProtGOs01/gagB62BlastOutUNI.tsv	GO:0030898	33	170549	150	3099283	3.9979258746753135	4.894454843688136e-10	6.518924406308228e-06
/work/LAS/jernigan-lab/Ben/ProjectHIV/ProtGOs01/gagB62BlastOutUNI.tsv	GO:0005201	46	170549	272	3099283	3.0732718956394454	5.241210136770397e-10	6.980767781164492e-06
/work/LAS/jernigan-lab/Ben/ProjectHIV/ProtGOs01/gagB62BlastOutUNI.tsv	GO:0005497	14	170549	20	3099283	12.72067323760327	5.674163436944949e-10	7.557418281666978e-06
/work/LAS/jernigan-lab/Ben/ProjectHIV/ProtGOs01/gagB62BlastOutUNI.tsv	GO:0005925	103	170549	927	3099283	2.0191544821592493	6.423447317948966e-10	8.555389482776228e-06
/work/LAS/jernigan-lab/Ben/ProjectHIV/ProtGOs01/gagB62BlastOutUNI.tsv	GO:0003682	186	170549	2041	3099283	1.6560826081012165	6.485311749069368e-10	8.637786718585492e-06
/work/LAS/jernigan-lab/Ben/ProjectHIV/ProtGOs01/gagB62BlastOutUNI.tsv	GO:0030522	15	170549	25	3099283	10.903434203659945	6.632509505078714e-10	8.833839409814338e-06
/work/LAS/jernigan-lab/Ben/ProjectHIV/ProtGOs01/gagB62BlastOutUNI.tsv	GO:0030198	76	170549	602	3099283	2.294188813616157	6.833525691095698e-10	9.101572867970361e-06
/work/LAS/jernigan-lab/Ben/ProjectHIV/ProtGOs01/gagB62BlastOutUNI.tsv	GO:0010468	132	170549	1306	3099283	1.8367193911218898	7.179177072113139e-10	9.56194594234749e-06
/work/LAS/jernigan-lab/Ben/ProjectHIV/ProtGOs01/gagB62BlastOutUNI.tsv	GO:0042802	528	170549	7187	3099283	1.3350524696286006	7.333179046865955e-10	9.767061172520765e-06
/work/LAS/jernigan-lab/Ben/ProjectHIV/ProtGOs01/gagB62BlastOutUNI.tsv	GO:0000977	146	170549	1493	3099283	1.7770723305808798	7.366224729277565e-10	9.811074716924789e-06
/work/LAS/jernigan-lab/Ben/ProjectHIV/ProtGOs01/gagB62BlastOutUNI.tsv	GO:0008408	87	170549	732	3099283	2.1598332780473934	7.408785182276159e-10	9.867760984273616e-06
/work/LAS/jernigan-lab/Ben/ProjectHIV/ProtGOs01/gagB62BlastOutUNI.tsv	GO:0006432	109	170549	1008	3099283	1.9650699871014121	8.727328154035076e-10	1.1623928368359317e-05
/work/LAS/jernigan-lab/Ben/ProjectHIV/ProtGOs01/gagB62BlastOutUNI.tsv	GO:0004826	109	170549	1010	3099283	1.9611787594041816	9.101298936854389e-10	1.212202005399636e-05
/work/LAS/jernigan-lab/Ben/ProjectHIV/ProtGOs01/gagB62BlastOutUNI.tsv	GO:0006468	182	170549	1990	3099283	1.6619975084305778	9.486434764078072e-10	1.2634982462275584e-05
/work/LAS/jernigan-lab/Ben/ProjectHIV/ProtGOs01/gagB62BlastOutUNI.tsv	GO:0039595	21	170549	61	3099283	6.256068805378657	9.535868916250654e-10	1.2700823809554247e-05
/work/LAS/jernigan-lab/Ben/ProjectHIV/ProtGOs01/gagB62BlastOutUNI.tsv	GO:0031012	111	170549	1036	3099283	1.947041822082133	9.659112034042345e-10	1.2864971318141e-05
/work/LAS/jernigan-lab/Ben/ProjectHIV/ProtGOs01/gagB62BlastOutUNI.tsv	GO:0070062	207	170549	2356	3099283	1.596640407581783	1.277147024021879e-09	1.7010321212947406e-05
/work/LAS/jernigan-lab/Ben/ProjectHIV/ProtGOs01/gagB62BlastOutUNI.tsv	GO:0042060	56	170549	386	3099283	2.6364089611612993	1.317382727253827e-09	1.7546220544293722e-05
/work/LAS/jernigan-lab/Ben/ProjectHIV/ProtGOs01/gagB62BlastOutUNI.tsv	GO:0005856	207	170549	2359	3099283	1.59460991956875	1.3298020832896016e-09	1.7711633947334203e-05
/work/LAS/jernigan-lab/Ben/ProjectHIV/ProtGOs01/gagB62BlastOutUNI.tsv	GO:0008446	14	170549	22	3099283	11.564248397821155	1.4011969594425954e-09	1.866254230281593e-05
/work/LAS/jernigan-lab/Ben/ProjectHIV/ProtGOs01/gagB62BlastOutUNI.tsv	GO:0009428	37	170549	194	3099283	3.4658682606135565	1.4486994077696825e-09	1.92952274120844e-05
/work/LAS/jernigan-lab/Ben/ProjectHIV/ProtGOs01/gagB62BlastOutUNI.tsv	GO:0005096	121	170549	1181	3099283	1.8618621770291468	1.6184676947883045e-09	2.155637122688543e-05
/work/LAS/jernigan-lab/Ben/ProjectHIV/ProtGOs01/gagB62BlastOutUNI.tsv	GO:0044385	54	170549	367	3099283	2.673866698445218	1.743636085018174e-09	2.322348901635706e-05
/work/LAS/jernigan-lab/Ben/ProjectHIV/ProtGOs01/gagB62BlastOutUNI.tsv	GO:0016941	13	170549	18	3099283	13.124504134035119	1.7890423309783666e-09	2.3828254806300865e-05
/work/LAS/jernigan-lab/Ben/ProjectHIV/ProtGOs01/gagB62BlastOutUNI.tsv	GO:0001701	79	170549	652	3099283	2.201869381618445	1.8165951496673659e-09	2.4195230798419647e-05
/work/LAS/jernigan-lab/Ben/ProjectHIV/ProtGOs01/gagB62BlastOutUNI.tsv	GO:0097720	16	170549	33	3099283	8.81085592214945	1.9190135872601615e-09	2.555934196871809e-05
/work/LAS/jernigan-lab/Ben/ProjectHIV/ProtGOs01/gagB62BlastOutUNI.tsv	GO:0019068	32	170549	151	3099283	3.851102588489164	1.966138402496969e-09	2.618699738285713e-05
/work/LAS/jernigan-lab/Ben/ProjectHIV/ProtGOs01/gagB62BlastOutUNI.tsv	GO:0005089	32	170549	151	3099283	3.851102588489164	1.966138402496969e-09	2.618699738285713e-05
/work/LAS/jernigan-lab/Ben/ProjectHIV/ProtGOs01/gagB62BlastOutUNI.tsv	GO:0016881	37	170549	197	3099283	3.4130885409087814	2.0846483534421423e-09	2.776543141949589e-05
/work/LAS/jernigan-lab/Ben/ProjectHIV/ProtGOs01/gagB62BlastOutUNI.tsv	GO:0031123	17	170549	39	3099283	7.921298353086285	2.154007839487545e-09	2.8689230414134613e-05
/work/LAS/jernigan-lab/Ben/ProjectHIV/ProtGOs01/gagB62BlastOutUNI.tsv	GO:0015278	17	170549	39	3099283	7.921298353086285	2.154007839487545e-09	2.8689230414134613e-05
/work/LAS/jernigan-lab/Ben/ProjectHIV/ProtGOs01/gagB62BlastOutUNI.tsv	GO:0006289	173	170549	1888	3099283	1.6651607673315418	2.2079279067039655e-09	2.9407391789390117e-05
/work/LAS/jernigan-lab/Ben/ProjectHIV/ProtGOs01/gagB62BlastOutUNI.tsv	GO:0004375	69	170549	538	3099283	2.3306597275481296	2.3309696449731086e-09	3.104618470139683e-05
/work/LAS/jernigan-lab/Ben/ProjectHIV/ProtGOs01/gagB62BlastOutUNI.tsv	GO:0005814	71	170549	562	3099283	2.295800203024484	2.885893963134746e-09	3.843722169499168e-05
/work/LAS/jernigan-lab/Ben/ProjectHIV/ProtGOs01/gagB62BlastOutUNI.tsv	GO:0005930	56	170549	397	3099283	2.563359846368417	3.8460200908194474e-09	5.122514158962422e-05
/work/LAS/jernigan-lab/Ben/ProjectHIV/ProtGOs01/gagB62BlastOutUNI.tsv	GO:0003779	149	170549	1579	3099283	1.7148107413398057	4.132605992703493e-09	5.504217921681783e-05
/work/LAS/jernigan-lab/Ben/ProjectHIV/ProtGOs01/gagB62BlastOutUNI.tsv	GO:0030027	84	170549	728	3099283	2.096814269934605	4.850472123813923e-09	6.460343821707765e-05
/work/LAS/jernigan-lab/Ben/ProjectHIV/ProtGOs01/gagB62BlastOutUNI.tsv	GO:0007155	189	170549	2143	3099283	1.6026979814059181	4.954039875576876e-09	6.598285710280841e-05
/work/LAS/jernigan-lab/Ben/ProjectHIV/ProtGOs01/gagB62BlastOutUNI.tsv	GO:0003727	45	170549	285	3099283	2.8693247904368278	5.227509723793178e-09	6.962520201120133e-05
/work/LAS/jernigan-lab/Ben/ProjectHIV/ProtGOs01/gagB62BlastOutUNI.tsv	GO:0045499	26	170549	107	3099283	4.415721017058544	5.561087553385628e-09	7.406812512354318e-05
/work/LAS/jernigan-lab/Ben/ProjectHIV/ProtGOs01/gagB62BlastOutUNI.tsv	GO:0019901	171	170549	1892	3099283	1.6424306279297487	5.709853518655518e-09	7.604953901497284e-05
/work/LAS/jernigan-lab/Ben/ProjectHIV/ProtGOs01/gagB62BlastOutUNI.tsv	GO:0071277	49	170549	325	3099283	2.7398373127145503	6.3116085527204786e-09	8.406431431368405e-05
/work/LAS/jernigan-lab/Ben/ProjectHIV/ProtGOs01/gagB62BlastOutUNI.tsv	GO:0102545	27	170549	118	3099283	4.158089314955064	8.59253518106279e-09	0.00011444397607657531
/work/LAS/jernigan-lab/Ben/ProjectHIV/ProtGOs01/gagB62BlastOutUNI.tsv	GO:0019145	17	170549	44	3099283	7.021150812962843	9.183005203627834e-09	0.00012230844630711912
/work/LAS/jernigan-lab/Ben/ProjectHIV/ProtGOs01/gagB62BlastOutUNI.tsv	GO:0043231	227	170549	2713	3099283	1.5205059369890697	9.238101110579866e-09	0.00012304226869181323
/work/LAS/jernigan-lab/Ben/ProjectHIV/ProtGOs01/gagB62BlastOutUNI.tsv	GO:0005938	107	170549	1032	3099283	1.884152874340462	1.0397988048933534e-08	0.00013849080282374575
/work/LAS/jernigan-lab/Ben/ProjectHIV/ProtGOs01/gagB62BlastOutUNI.tsv	GO:0080030	35	170549	192	3099283	3.312675322292518	1.0834310610218744e-08	0.00014430218301750346
/work/LAS/jernigan-lab/Ben/ProjectHIV/ProtGOs01/gagB62BlastOutUNI.tsv	GO:0017158	20	170549	65	3099283	5.591504719825613	1.1535586440251102e-08	0.00015364247579770443
/work/LAS/jernigan-lab/Ben/ProjectHIV/ProtGOs01/gagB62BlastOutUNI.tsv	GO:0010875	27	170549	120	3099283	4.08878782637248	1.1659848994778644e-08	0.00015529752876145675
/work/LAS/jernigan-lab/Ben/ProjectHIV/ProtGOs01/gagB62BlastOutUNI.tsv	GO:0009380	109	170549	1066	3099283	1.8581524831127798	1.2257003518306862e-08	0.00016325102986032908
/work/LAS/jernigan-lab/Ben/ProjectHIV/ProtGOs01/gagB62BlastOutUNI.tsv	GO:0033737	16	170549	39	3099283	7.45533962643415	1.263328306934344e-08	0.00016826269720058527
/work/LAS/jernigan-lab/Ben/ProjectHIV/ProtGOs01/gagB62BlastOutUNI.tsv	GO:0019673	14	170549	28	3099283	9.086195169716621	1.4488142560465526e-08	0.00019296757076284034
/work/LAS/jernigan-lab/Ben/ProjectHIV/ProtGOs01/gagB62BlastOutUNI.tsv	GO:0006643	13	170549	23	3099283	10.27135106141879	1.5659603102871528e-08	0.0002085702537271459
/work/LAS/jernigan-lab/Ben/ProjectHIV/ProtGOs01/gagB62BlastOutUNI.tsv	GO:0046470	28	170549	131	3099283	3.8841750343826775	1.6501512293534468e-08	0.00021978364223758557
/work/LAS/jernigan-lab/Ben/ProjectHIV/ProtGOs01/gagB62BlastOutUNI.tsv	GO:0016165	15	170549	34	3099283	8.0172310321029	1.6592563765611245e-08	0.00022099635679417618
/work/LAS/jernigan-lab/Ben/ProjectHIV/ProtGOs01/gagB62BlastOutUNI.tsv	GO:2001237	29	170549	140	3099283	3.7642808560254575	1.6890361005541105e-08	0.00022496271823280197
/work/LAS/jernigan-lab/Ben/ProjectHIV/ProtGOs01/gagB62BlastOutUNI.tsv	GO:0038083	29	170549	140	3099283	3.7642808560254575	1.6890361005541105e-08	0.00022496271823280197
/work/LAS/jernigan-lab/Ben/ProjectHIV/ProtGOs01/gagB62BlastOutUNI.tsv	GO:0007076	26	170549	114	3099283	4.144580252853196	1.698298144133363e-08	0.00022619632981712263
/work/LAS/jernigan-lab/Ben/ProjectHIV/ProtGOs01/gagB62BlastOutUNI.tsv	GO:0043043	11	170549	14	3099283	14.278306695268975	1.7483026599573082e-08	0.00023285643127971388
/work/LAS/jernigan-lab/Ben/ProjectHIV/ProtGOs01/gagB62BlastOutUNI.tsv	GO:0039545	37	170549	216	3099283	3.112863159995509	1.7833320070903736e-08	0.00023752199002436685
/work/LAS/jernigan-lab/Ben/ProjectHIV/ProtGOs01/gagB62BlastOutUNI.tsv	GO:0039616	16	170549	41	3099283	7.091664522705655	2.2251610971834e-08	0.000296369206533857
/work/LAS/jernigan-lab/Ben/ProjectHIV/ProtGOs01/gagB62BlastOutUNI.tsv	GO:0098609	65	170549	522	3099283	2.2628455403508827	2.237325681706054e-08	0.00029798940754642935
/work/LAS/jernigan-lab/Ben/ProjectHIV/ProtGOs01/gagB62BlastOutUNI.tsv	GO:0015379	17	170549	48	3099283	6.436054911882606	2.615015102554501e-08	0.00034829386150923397
/work/LAS/jernigan-lab/Ben/ProjectHIV/ProtGOs01/gagB62BlastOutUNI.tsv	GO:0030425	176	170549	2010	3099283	1.5912142784777366	2.7200390799563286e-08	0.0003622820050593834
/work/LAS/jernigan-lab/Ben/ProjectHIV/ProtGOs01/gagB62BlastOutUNI.tsv	GO:0045720	11	170549	15	3099283	13.326419582251043	2.8862370266886936e-08	0.0003844179095846671
/work/LAS/jernigan-lab/Ben/ProjectHIV/ProtGOs01/gagB62BlastOutUNI.tsv	GO:0055064	16	170549	42	3099283	6.92281536740314	2.923214485521514e-08	0.00038934293732661047
/work/LAS/jernigan-lab/Ben/ProjectHIV/ProtGOs01/gagB62BlastOutUNI.tsv	GO:0046509	10	170549	11	3099283	16.52035485403022	3.0847314095583055e-08	0.00041085537643907073
/work/LAS/jernigan-lab/Ben/ProjectHIV/ProtGOs01/gagB62BlastOutUNI.tsv	GO:0043547	70	170549	588	3099283	2.1633798023134814	3.12640273060827e-08	0.0004164055796897155
/work/LAS/jernigan-lab/Ben/ProjectHIV/ProtGOs01/gagB62BlastOutUNI.tsv	GO:0009791	46	170549	314	3099283	2.662197310872386	3.131674471746015e-08	0.0004171077228918518
/work/LAS/jernigan-lab/Ben/ProjectHIV/ProtGOs01/gagB62BlastOutUNI.tsv	GO:0055075	20	170549	70	3099283	5.192111525552355	3.2546056684339005e-08	0.0004334809289787112
/work/LAS/jernigan-lab/Ben/ProjectHIV/ProtGOs01/gagB62BlastOutUNI.tsv	GO:0000734	13	170549	25	3099283	9.449642976505286	3.324915831571556e-08	0.00044284553960701557
/work/LAS/jernigan-lab/Ben/ProjectHIV/ProtGOs01/gagB62BlastOutUNI.tsv	GO:0009381	107	170549	1058	3099283	1.8378504407555358	3.358614054821416e-08	0.00044733380596166444
/work/LAS/jernigan-lab/Ben/ProjectHIV/ProtGOs01/gagB62BlastOutUNI.tsv	GO:0030016	33	170549	183	3099283	3.2769884218650107	3.500462963152247e-08	0.00046622666206224783
/work/LAS/jernigan-lab/Ben/ProjectHIV/ProtGOs01/gagB62BlastOutUNI.tsv	GO:0010863	16	170549	43	3099283	6.761819661184462	3.815660658560378e-08	0.0005082078431136568
/work/LAS/jernigan-lab/Ben/ProjectHIV/ProtGOs01/gagB62BlastOutUNI.tsv	GO:0007168	25	170549	111	3099283	4.092880707079559	3.910540241832416e-08	0.0005208448548096595
/work/LAS/jernigan-lab/Ben/ProjectHIV/ProtGOs01/gagB62BlastOutUNI.tsv	GO:0048179	14	170549	31	3099283	8.206885959744044	3.942005567177804e-08	0.0005250357214924117
/work/LAS/jernigan-lab/Ben/ProjectHIV/ProtGOs01/gagB62BlastOutUNI.tsv	GO:0010903	15	170549	37	3099283	7.367185272743206	4.065172343638757e-08	0.000541440304449246
/work/LAS/jernigan-lab/Ben/ProjectHIV/ProtGOs01/gagB62BlastOutUNI.tsv	GO:0039707	54	170549	406	3099283	2.417017434308855	4.095432361109057e-08	0.0005454706361761153
/work/LAS/jernigan-lab/Ben/ProjectHIV/ProtGOs01/gagB62BlastOutUNI.tsv	GO:0051056	33	170549	185	3099283	3.2415615200070107	4.38984776282596e-08	0.0005846838235307896
/work/LAS/jernigan-lab/Ben/ProjectHIV/ProtGOs01/gagB62BlastOutUNI.tsv	GO:0016567	180	170549	2090	3099283	1.5650862493291788	5.055347984980519e-08	0.0006733217981195553
/work/LAS/jernigan-lab/Ben/ProjectHIV/ProtGOs01/gagB62BlastOutUNI.tsv	GO:0032436	46	170549	322	3099283	2.5960557627761776	5.546736113284138e-08	0.0007387697829283143
/work/LAS/jernigan-lab/Ben/ProjectHIV/ProtGOs01/gagB62BlastOutUNI.tsv	GO:0042157	35	170549	207	3099283	3.0726263858945093	5.631301701149129e-08	0.0007500330735760525
/work/LAS/jernigan-lab/Ben/ProjectHIV/ProtGOs01/gagB62BlastOutUNI.tsv	GO:0045211	81	170549	737	3099283	1.9972369301141013	6.042944540172175e-08	0.000804859783305532
/work/LAS/jernigan-lab/Ben/ProjectHIV/ProtGOs01/gagB62BlastOutUNI.tsv	GO:0010390	21	170549	81	3099283	4.711360458371582	6.137321793328816e-08	0.000817429889653465
/work/LAS/jernigan-lab/Ben/ProjectHIV/ProtGOs01/gagB62BlastOutUNI.tsv	GO:0006007	48	170549	342	3099283	2.550510924832736	6.355383911258718e-08	0.0008464735831405487
/work/LAS/jernigan-lab/Ben/ProjectHIV/ProtGOs01/gagB62BlastOutUNI.tsv	GO:0010804	19	170549	66	3099283	5.231445703776236	6.436143275607686e-08	0.0008572299228781878
/work/LAS/jernigan-lab/Ben/ProjectHIV/ProtGOs01/gagB62BlastOutUNI.tsv	GO:0006303	43	170549	288	3099283	2.713238835401491	6.650784702443713e-08	0.0008858180145184781
/work/LAS/jernigan-lab/Ben/ProjectHIV/ProtGOs01/gagB62BlastOutUNI.tsv	GO:0005524	5255	170549	88281	3099283	1.0817266595725206	6.887322169379228e-08	0.0009173224397396193
/work/LAS/jernigan-lab/Ben/ProjectHIV/ProtGOs01/gagB62BlastOutUNI.tsv	GO:2000767	15	170549	39	3099283	6.989380899782017	7.107614853830758e-08	0.0009466632223817188
/work/LAS/jernigan-lab/Ben/ProjectHIV/ProtGOs01/gagB62BlastOutUNI.tsv	GO:0044172	31	170549	170	3099283	3.3137888266025324	7.15606503095165e-08	0.0009531163014724502
/work/LAS/jernigan-lab/Ben/ProjectHIV/ProtGOs01/gagB62BlastOutUNI.tsv	GO:0004883	11	170549	17	3099283	11.758605513750922	7.277407723449688e-08	0.0009692779346862639
/work/LAS/jernigan-lab/Ben/ProjectHIV/ProtGOs01/gagB62BlastOutUNI.tsv	GO:0005899	11	170549	17	3099283	11.758605513750922	7.277407723449688e-08	0.0009692779346862639
/work/LAS/jernigan-lab/Ben/ProjectHIV/ProtGOs01/gagB62BlastOutUNI.tsv	GO:0005829	1731	170549	27451	3099283	1.145911175460236	8.00411459782568e-08	0.0010660680232844025
/work/LAS/jernigan-lab/Ben/ProjectHIV/ProtGOs01/gagB62BlastOutUNI.tsv	GO:1990239	16	170549	46	3099283	6.320831422411563	8.18514120335955e-08	0.0010901789568754584
/work/LAS/jernigan-lab/Ben/ProjectHIV/ProtGOs01/gagB62BlastOutUNI.tsv	GO:0019899	133	170549	1440	3099283	1.678422163294876	8.375693422597886e-08	0.0011155586069558124
/work/LAS/jernigan-lab/Ben/ProjectHIV/ProtGOs01/gagB62BlastOutUNI.tsv	GO:0048791	18	170549	60	3099283	5.451717101829972	8.422691569239653e-08	0.0011218182901070294
/work/LAS/jernigan-lab/Ben/ProjectHIV/ProtGOs01/gagB62BlastOutUNI.tsv	GO:0042632	51	170549	380	3099283	2.4389260718713035	9.069493355857027e-08	0.0012079658200665974
/work/LAS/jernigan-lab/Ben/ProjectHIV/ProtGOs01/gagB62BlastOutUNI.tsv	GO:0005219	10	170549	13	3099283	13.978761799564033	9.083654343970791e-08	0.0012098519220734697
/work/LAS/jernigan-lab/Ben/ProjectHIV/ProtGOs01/gagB62BlastOutUNI.tsv	GO:0008074	10	170549	13	3099283	13.978761799564033	9.083654343970791e-08	0.0012098519220734697
/work/LAS/jernigan-lab/Ben/ProjectHIV/ProtGOs01/gagB62BlastOutUNI.tsv	GO:0060354	15	170549	40	3099283	6.814646377287466	9.299222206541519e-08	0.001238563405689265
/work/LAS/jernigan-lab/Ben/ProjectHIV/ProtGOs01/gagB62BlastOutUNI.tsv	GO:0043551	13	170549	28	3099283	8.437181229022576	9.332387240012029e-08	0.0012429806564972022
/work/LAS/jernigan-lab/Ben/ProjectHIV/ProtGOs01/gagB62BlastOutUNI.tsv	GO:0044295	27	170549	135	3099283	3.6344780678866484	9.599225211493336e-08	0.0012785208059187974
/work/LAS/jernigan-lab/Ben/ProjectHIV/ProtGOs01/gagB62BlastOutUNI.tsv	GO:0005543	61	170549	499	3099283	2.2214745705519596	9.75167073232847e-08	0.0012988250248388289
/work/LAS/jernigan-lab/Ben/ProjectHIV/ProtGOs01/gagB62BlastOutUNI.tsv	GO:0002162	14	170549	34	3099283	7.482748963296041	9.821489730673089e-08	0.0013081242172283487
/work/LAS/jernigan-lab/Ben/ProjectHIV/ProtGOs01/gagB62BlastOutUNI.tsv	GO:0043565	293	170549	3792	3099283	1.4041430299192879	9.92165355893261e-08	0.0013214650375142343
/work/LAS/jernigan-lab/Ben/ProjectHIV/ProtGOs01/gagB62BlastOutUNI.tsv	GO:0000146	29	170549	154	3099283	3.4220735054776883	1.0201946497801775e-07	0.0013587972540422184
/work/LAS/jernigan-lab/Ben/ProjectHIV/ProtGOs01/gagB62BlastOutUNI.tsv	GO:0008168	128	170549	1373	3099283	1.6941485531299745	1.0459204448883772e-07	0.0013930614405468296
/work/LAS/jernigan-lab/Ben/ProjectHIV/ProtGOs01/gagB62BlastOutUNI.tsv	GO:0004165	28	170549	145	3099283	3.5091512379595224	1.0646272442253256e-07	0.001417977026583711
/work/LAS/jernigan-lab/Ben/ProjectHIV/ProtGOs01/gagB62BlastOutUNI.tsv	GO:0005009	12	170549	23	3099283	9.481247133617345	1.0922042088639061e-07	0.0014547067857858364
/work/LAS/jernigan-lab/Ben/ProjectHIV/ProtGOs01/gagB62BlastOutUNI.tsv	GO:0061669	12	170549	23	3099283	9.481247133617345	1.0922042088639061e-07	0.0014547067857858364
/work/LAS/jernigan-lab/Ben/ProjectHIV/ProtGOs01/gagB62BlastOutUNI.tsv	GO:0039548	26	170549	127	3099283	3.720331880513892	1.1017843045871603e-07	0.0014674665152796388
/work/LAS/jernigan-lab/Ben/ProjectHIV/ProtGOs01/gagB62BlastOutUNI.tsv	GO:0060976	23	170549	101	3099283	4.138267106999649	1.1291753886467733e-07	0.0015039487001386373
/work/LAS/jernigan-lab/Ben/ProjectHIV/ProtGOs01/gagB62BlastOutUNI.tsv	GO:0006298	138	170549	1519	3099283	1.6509479044383064	1.2927668064863182e-07	0.0017218361095591272
/work/LAS/jernigan-lab/Ben/ProjectHIV/ProtGOs01/gagB62BlastOutUNI.tsv	GO:0016485	50	170549	375	3099283	2.422985378591099	1.3772316546897153e-07	0.0018343348408812318
/work/LAS/jernigan-lab/Ben/ProjectHIV/ProtGOs01/gagB62BlastOutUNI.tsv	GO:0017119	24	170549	111	3099283	3.9291654787963766	1.3944181499789383e-07	0.001857225533956948
/work/LAS/jernigan-lab/Ben/ProjectHIV/ProtGOs01/gagB62BlastOutUNI.tsv	GO:0030276	31	170549	176	3099283	3.200818752968355	1.4112804786395122e-07	0.0018796844694999662
/work/LAS/jernigan-lab/Ben/ProjectHIV/ProtGOs01/gagB62BlastOutUNI.tsv	GO:1903861	20	170549	78	3099283	4.659587266521344	1.459348876263617e-07	0.0019437067682955115
/work/LAS/jernigan-lab/Ben/ProjectHIV/ProtGOs01/gagB62BlastOutUNI.tsv	GO:1905832	10	170549	14	3099283	12.980278813880886	1.4837715858217021e-07	0.0019762353751559252
/work/LAS/jernigan-lab/Ben/ProjectHIV/ProtGOs01/gagB62BlastOutUNI.tsv	GO:0043041	12	170549	24	3099283	9.086195169716621	1.5600082927209116e-07	0.002077775045074982
/work/LAS/jernigan-lab/Ben/ProjectHIV/ProtGOs01/gagB62BlastOutUNI.tsv	GO:0007156	60	170549	496	3099283	2.1982730249314404	1.5722058471398035e-07	0.0020940209678055044
/work/LAS/jernigan-lab/Ben/ProjectHIV/ProtGOs01/gagB62BlastOutUNI.tsv	GO:0004523	132	170549	1443	3099283	1.6623392410292364	1.584043005336601e-07	0.002109786878807819
/work/LAS/jernigan-lab/Ben/ProjectHIV/ProtGOs01/gagB62BlastOutUNI.tsv	GO:0016702	27	170549	139	3099283	3.529888770969047	1.6037802730408957e-07	0.002136074945663169
/work/LAS/jernigan-lab/Ben/ProjectHIV/ProtGOs01/gagB62BlastOutUNI.tsv	GO:0045494	29	170549	158	3099283	3.335438733187114	1.6415197351662062e-07	0.00218634013526787
/work/LAS/jernigan-lab/Ben/ProjectHIV/ProtGOs01/gagB62BlastOutUNI.tsv	GO:0016486	17	170549	56	3099283	5.516618495899377	1.6583278727660848e-07	0.0022087268937371484
/work/LAS/jernigan-lab/Ben/ProjectHIV/ProtGOs01/gagB62BlastOutUNI.tsv	GO:0010976	56	170549	447	3099283	2.276630557065462	1.7232406471931607e-07	0.002295184217996571
/work/LAS/jernigan-lab/Ben/ProjectHIV/ProtGOs01/gagB62BlastOutUNI.tsv	GO:0042351	14	170549	36	3099283	7.0670406875573715	1.7298463222480254e-07	0.002303982316602145
/work/LAS/jernigan-lab/Ben/ProjectHIV/ProtGOs01/gagB62BlastOutUNI.tsv	GO:0051180	13	170549	30	3099283	7.874702480421072	1.7555946913411726e-07	0.0023382765693973078
/work/LAS/jernigan-lab/Ben/ProjectHIV/ProtGOs01/gagB62BlastOutUNI.tsv	GO:0030054	72	170549	642	3099283	2.0380250847962516	1.8967668186116026e-07	0.0025263037257087935
/work/LAS/jernigan-lab/Ben/ProjectHIV/ProtGOs01/gagB62BlastOutUNI.tsv	GO:0070328	30	170549	169	3099283	3.2258681075916997	1.9169974723711532e-07	0.002553248933451139
/work/LAS/jernigan-lab/Ben/ProjectHIV/ProtGOs01/gagB62BlastOutUNI.tsv	GO:0030300	15	170549	43	3099283	6.339205932360433	2.0032244125344996e-07	0.0026680945950547
/work/LAS/jernigan-lab/Ben/ProjectHIV/ProtGOs01/gagB62BlastOutUNI.tsv	GO:0043034	17	170549	57	3099283	5.4198357152695635	2.0479503851279029e-07	0.002727665117951854
/work/LAS/jernigan-lab/Ben/ProjectHIV/ProtGOs01/gagB62BlastOutUNI.tsv	GO:0006635	75	170549	687	3099283	1.98388540823507	2.1006515059587392e-07	0.0027978577407864447
/work/LAS/jernigan-lab/Ben/ProjectHIV/ProtGOs01/gagB62BlastOutUNI.tsv	GO:0004139	46	170549	338	3099283	2.4731655491536366	2.1110472970618416e-07	0.002811703894956667
/work/LAS/jernigan-lab/Ben/ProjectHIV/ProtGOs01/gagB62BlastOutUNI.tsv	GO:0051209	24	170549	114	3099283	3.8257663872491037	2.1340748821256085e-07	0.002842374335503098
/work/LAS/jernigan-lab/Ben/ProjectHIV/ProtGOs01/gagB62BlastOutUNI.tsv	GO:0016153	30	170549	170	3099283	3.2068924128411602	2.1428694453283015e-07	0.002854087814232765
/work/LAS/jernigan-lab/Ben/ProjectHIV/ProtGOs01/gagB62BlastOutUNI.tsv	GO:0044162	25	170549	123	3099283	3.693575272242529	2.1540216516708432e-07	0.0028689414378603962
/work/LAS/jernigan-lab/Ben/ProjectHIV/ProtGOs01/gagB62BlastOutUNI.tsv	GO:0005021	12	170549	25	3099283	8.722747362927956	2.1985080708837602e-07	0.00292819289961008
/work/LAS/jernigan-lab/Ben/ProjectHIV/ProtGOs01/gagB62BlastOutUNI.tsv	GO:0005912	64	170549	549	3099283	2.118457161609704	2.3029978100610498e-07	0.003067362783220312
/work/LAS/jernigan-lab/Ben/ProjectHIV/ProtGOs01/gagB62BlastOutUNI.tsv	GO:0005119	10	170549	15	3099283	12.114926892955495	2.3563991466748953e-07	0.003138488023456293
/work/LAS/jernigan-lab/Ben/ProjectHIV/ProtGOs01/gagB62BlastOutUNI.tsv	GO:0034056	10	170549	15	3099283	12.114926892955495	2.3563991466748953e-07	0.003138488023456293
/work/LAS/jernigan-lab/Ben/ProjectHIV/ProtGOs01/gagB62BlastOutUNI.tsv	GO:0046386	46	170549	340	3099283	2.4586175165115565	2.3876563642568817e-07	0.0031801195115537407
/work/LAS/jernigan-lab/Ben/ProjectHIV/ProtGOs01/gagB62BlastOutUNI.tsv	GO:0060271	86	170549	832	3099283	1.878396116816417	2.4230515665591135e-07	0.003227262381500083
/work/LAS/jernigan-lab/Ben/ProjectHIV/ProtGOs01/gagB62BlastOutUNI.tsv	GO:0048675	24	170549	115	3099283	3.7924988534469373	2.451842143417243e-07	0.0032656085508174257
/work/LAS/jernigan-lab/Ben/ProjectHIV/ProtGOs01/gagB62BlastOutUNI.tsv	GO:0004842	110	170549	1153	3099283	1.7337059300413327	2.5097561770243407e-07	0.0033427442521787192
/work/LAS/jernigan-lab/Ben/ProjectHIV/ProtGOs01/gagB62BlastOutUNI.tsv	GO:0051569	15	170549	44	3099283	6.195133070261332	2.556062495539681e-07	0.0034044196378093016
/work/LAS/jernigan-lab/Ben/ProjectHIV/ProtGOs01/gagB62BlastOutUNI.tsv	GO:0007512	16	170549	51	3099283	5.701142067273174	2.62291030337232e-07	0.003493454233061593
/work/LAS/jernigan-lab/Ben/ProjectHIV/ProtGOs01/gagB62BlastOutUNI.tsv	GO:0008092	36	170549	233	3099283	2.807751297079814	2.6337460152733124e-07	0.0035078863177425246
/work/LAS/jernigan-lab/Ben/ProjectHIV/ProtGOs01/gagB62BlastOutUNI.tsv	GO:0038023	81	170549	768	3099283	1.9166192936120998	2.660164944128249e-07	0.003543073689084415
/work/LAS/jernigan-lab/Ben/ProjectHIV/ProtGOs01/gagB62BlastOutUNI.tsv	GO:0030628	18	170549	66	3099283	4.956106456209066	2.789240546726285e-07	0.003714989484184739
/work/LAS/jernigan-lab/Ben/ProjectHIV/ProtGOs01/gagB62BlastOutUNI.tsv	GO:0030423	14	170549	38	3099283	6.695091177685931	2.9556645828859197e-07	0.0039366496579457564
/work/LAS/jernigan-lab/Ben/ProjectHIV/ProtGOs01/gagB62BlastOutUNI.tsv	GO:1905515	30	170549	173	3099283	3.1512815617514294	2.977567581347123e-07	0.003965822261596233
/work/LAS/jernigan-lab/Ben/ProjectHIV/ProtGOs01/gagB62BlastOutUNI.tsv	GO:0043186	30	170549	173	3099283	3.1512815617514294	2.977567581347123e-07	0.003965822261596233
/work/LAS/jernigan-lab/Ben/ProjectHIV/ProtGOs01/gagB62BlastOutUNI.tsv	GO:0007507	91	170549	900	3099283	1.8374305787649168	3.0501201718203777e-07	0.004062455056847561
/work/LAS/jernigan-lab/Ben/ProjectHIV/ProtGOs01/gagB62BlastOutUNI.tsv	GO:0006286	12	170549	26	3099283	8.38725707973842	3.059746450734595e-07	0.0040752762977334074
/work/LAS/jernigan-lab/Ben/ProjectHIV/ProtGOs01/gagB62BlastOutUNI.tsv	GO:0042800	17	170549	59	3099283	5.236112470684154	3.086832212977879e-07	0.004111351824465237
/work/LAS/jernigan-lab/Ben/ProjectHIV/ProtGOs01/gagB62BlastOutUNI.tsv	GO:0043137	40	170549	276	3099283	2.633679759338151	3.11133999998795e-07	0.00414399374598395
/work/LAS/jernigan-lab/Ben/ProjectHIV/ProtGOs01/gagB62BlastOutUNI.tsv	GO:0045111	24	170549	117	3099283	3.727669813217075	3.222083495511845e-07	0.004291493007672227
/work/LAS/jernigan-lab/Ben/ProjectHIV/ProtGOs01/gagB62BlastOutUNI.tsv	GO:0008093	15	170549	45	3099283	6.0574634464777475	3.243085728339029e-07	0.004319465881574753
/work/LAS/jernigan-lab/Ben/ProjectHIV/ProtGOs01/gagB62BlastOutUNI.tsv	GO:0005911	73	170549	669	3099283	1.9829364645420429	3.3785712818363144e-07	0.004499919090277787
/work/LAS/jernigan-lab/Ben/ProjectHIV/ProtGOs01/gagB62BlastOutUNI.tsv	GO:0008022	75	170549	695	3099283	1.961049317205026	3.612367829366168e-07	0.004811312711932799
/work/LAS/jernigan-lab/Ben/ProjectHIV/ProtGOs01/gagB62BlastOutUNI.tsv	GO:0003992	23	170549	109	3099283	3.83454108079784	3.6494792851691493e-07	0.00486074145991679
/work/LAS/jernigan-lab/Ben/ProjectHIV/ProtGOs01/gagB62BlastOutUNI.tsv	GO:0045202	173	170549	2056	3099283	1.5290970470437504	3.974895334058534e-07	0.005294163095432561
/work/LAS/jernigan-lab/Ben/ProjectHIV/ProtGOs01/gagB62BlastOutUNI.tsv	GO:0003015	12	170549	27	3099283	8.076617928636997	4.208633872478533e-07	0.005605479454754158
/work/LAS/jernigan-lab/Ben/ProjectHIV/ProtGOs01/gagB62BlastOutUNI.tsv	GO:0031581	13	170549	33	3099283	7.158820436746429	4.214273782885892e-07	0.00561299125142572
/work/LAS/jernigan-lab/Ben/ProjectHIV/ProtGOs01/gagB62BlastOutUNI.tsv	GO:0005929	90	170549	897	3099283	1.8233167564648738	4.395116581110994e-07	0.005853855774381733
/work/LAS/jernigan-lab/Ben/ProjectHIV/ProtGOs01/gagB62BlastOutUNI.tsv	GO:0000723	47	170549	358	3099283	2.385760742886487	4.5124980975696737e-07	0.006010196216153048
/work/LAS/jernigan-lab/Ben/ProjectHIV/ProtGOs01/gagB62BlastOutUNI.tsv	GO:0030658	29	170549	167	3099283	3.155684549961461	4.5270752513281503e-07	0.006029611527243964
/work/LAS/jernigan-lab/Ben/ProjectHIV/ProtGOs01/gagB62BlastOutUNI.tsv	GO:0005216	60	170549	515	3099283	2.1171716900310575	4.6745430712148393e-07	0.006226023916551044
/work/LAS/jernigan-lab/Ben/ProjectHIV/ProtGOs01/gagB62BlastOutUNI.tsv	GO:1990447	9	170549	12	3099283	13.629292754574932	4.724993501394284e-07	0.0062932188445070465
/work/LAS/jernigan-lab/Ben/ProjectHIV/ProtGOs01/gagB62BlastOutUNI.tsv	GO:0009016	9	170549	12	3099283	13.629292754574932	4.724993501394284e-07	0.0062932188445070465
/work/LAS/jernigan-lab/Ben/ProjectHIV/ProtGOs01/gagB62BlastOutUNI.tsv	GO:0016316	8	170549	8	3099283	18.172390339433242	4.826994189234557e-07	0.006429073560641507
/work/LAS/jernigan-lab/Ben/ProjectHIV/ProtGOs01/gagB62BlastOutUNI.tsv	GO:0032924	18	170549	69	3099283	4.740623566808672	4.855461592454042e-07	0.006466989294989538
/work/LAS/jernigan-lab/Ben/ProjectHIV/ProtGOs01/gagB62BlastOutUNI.tsv	GO:0035097	26	170549	139	3099283	3.3991521498220454	5.067606931644303e-07	0.006749545672257047
/work/LAS/jernigan-lab/Ben/ProjectHIV/ProtGOs01/gagB62BlastOutUNI.tsv	GO:0032587	43	170549	315	3099283	2.480675506652792	5.184862152431951e-07	0.006905717900824115
/work/LAS/jernigan-lab/Ben/ProjectHIV/ProtGOs01/gagB62BlastOutUNI.tsv	GO:0000209	85	170549	834	3099283	1.852102132915858	5.25431285354392e-07	0.0069982192896351466
/work/LAS/jernigan-lab/Ben/ProjectHIV/ProtGOs01/gagB62BlastOutUNI.tsv	GO:0005085	59	170549	503	3099283	2.1315527435915733	5.262091130305694e-07	0.007008579176454153
/work/LAS/jernigan-lab/Ben/ProjectHIV/ProtGOs01/gagB62BlastOutUNI.tsv	GO:0043410	59	170549	503	3099283	2.1315527435915733	5.262091130305694e-07	0.007008579176454153
/work/LAS/jernigan-lab/Ben/ProjectHIV/ProtGOs01/gagB62BlastOutUNI.tsv	GO:0031122	42	170549	301	3099283	2.5356823729441733	5.470083855862588e-07	0.00728560468762338
/work/LAS/jernigan-lab/Ben/ProjectHIV/ProtGOs01/gagB62BlastOutUNI.tsv	GO:0001302	23	170549	112	3099283	3.731830158990755	5.516200021990245e-07	0.007347026809288808
/work/LAS/jernigan-lab/Ben/ProjectHIV/ProtGOs01/gagB62BlastOutUNI.tsv	GO:0045184	26	170549	140	3099283	3.3748724916090307	5.710889074957698e-07	0.0076063331589361575
/work/LAS/jernigan-lab/Ben/ProjectHIV/ProtGOs01/gagB62BlastOutUNI.tsv	GO:0009949	12	170549	28	3099283	7.788167288328532	5.725398887358471e-07	0.007625658778072748
/work/LAS/jernigan-lab/Ben/ProjectHIV/ProtGOs01/gagB62BlastOutUNI.tsv	GO:0016906	12	170549	28	3099283	7.788167288328532	5.725398887358471e-07	0.007625658778072748
/work/LAS/jernigan-lab/Ben/ProjectHIV/ProtGOs01/gagB62BlastOutUNI.tsv	GO:0045296	56	170549	469	3099283	2.1698376524696408	5.907510591021531e-07	0.007868213356181576
/work/LAS/jernigan-lab/Ben/ProjectHIV/ProtGOs01/gagB62BlastOutUNI.tsv	GO:0005640	24	170549	122	3099283	3.5748964602163755	6.222945094299627e-07	0.008288340571097673
/work/LAS/jernigan-lab/Ben/ProjectHIV/ProtGOs01/gagB62BlastOutUNI.tsv	GO:0000738	20	170549	87	3099283	4.17756099757086	6.484656588247096e-07	0.008636914109886307
/work/LAS/jernigan-lab/Ben/ProjectHIV/ProtGOs01/gagB62BlastOutUNI.tsv	GO:0004534	20	170549	87	3099283	4.17756099757086	6.484656588247096e-07	0.008636914109886307
/work/LAS/jernigan-lab/Ben/ProjectHIV/ProtGOs01/gagB62BlastOutUNI.tsv	GO:0039618	20	170549	87	3099283	4.17756099757086	6.484656588247096e-07	0.008636914109886307
/work/LAS/jernigan-lab/Ben/ProjectHIV/ProtGOs01/gagB62BlastOutUNI.tsv	GO:0005509	350	170549	4777	3099283	1.3314499934690465	6.600713259450108e-07	0.0087914899902616
/work/LAS/jernigan-lab/Ben/ProjectHIV/ProtGOs01/gagB62BlastOutUNI.tsv	GO:0060041	37	170549	251	3099283	2.6787985759323902	7.045466840486527e-07	0.009383857284844005
/work/LAS/jernigan-lab/Ben/ProjectHIV/ProtGOs01/gagB62BlastOutUNI.tsv	GO:0035753	13	170549	35	3099283	6.749744983218061	7.241309928881528e-07	0.009644700694277307
/work/LAS/jernigan-lab/Ben/ProjectHIV/ProtGOs01/gagB62BlastOutUNI.tsv	GO:0042383	55	170549	460	3099283	2.1727858014539745	7.561072066318056e-07	0.010070591885129019
/work/LAS/jernigan-lab/Ben/ProjectHIV/ProtGOs01/gagB62BlastOutUNI.tsv	GO:0005819	79	170549	760	3099283	1.888972153704245	7.566664859188797e-07	0.010078040925953559
/work/LAS/jernigan-lab/Ben/ProjectHIV/ProtGOs01/gagB62BlastOutUNI.tsv	GO:0046905	9	170549	13	3099283	12.58088561960763	7.623097453253003e-07	0.010153203497987675
/work/LAS/jernigan-lab/Ben/ProjectHIV/ProtGOs01/gagB62BlastOutUNI.tsv	GO:0051345	12	170549	29	3099283	7.519609795627549	7.708361729623991e-07	0.010266766987686193
/work/LAS/jernigan-lab/Ben/ProjectHIV/ProtGOs01/gagB62BlastOutUNI.tsv	GO:0102205	12	170549	29	3099283	7.519609795627549	7.708361729623991e-07	0.010266766987686193
/work/LAS/jernigan-lab/Ben/ProjectHIV/ProtGOs01/gagB62BlastOutUNI.tsv	GO:0102203	12	170549	29	3099283	7.519609795627549	7.708361729623991e-07	0.010266766987686193
/work/LAS/jernigan-lab/Ben/ProjectHIV/ProtGOs01/gagB62BlastOutUNI.tsv	GO:0102202	12	170549	29	3099283	7.519609795627549	7.708361729623991e-07	0.010266766987686193
/work/LAS/jernigan-lab/Ben/ProjectHIV/ProtGOs01/gagB62BlastOutUNI.tsv	GO:0000151	53	170549	439	3099283	2.193933230045471	7.830613392278224e-07	0.010429593977175368
/work/LAS/jernigan-lab/Ben/ProjectHIV/ProtGOs01/gagB62BlastOutUNI.tsv	GO:0097060	26	170549	144	3099283	3.2811260335087797	9.111097840518116e-07	0.012135071213786078
/work/LAS/jernigan-lab/Ben/ProjectHIV/ProtGOs01/gagB62BlastOutUNI.tsv	GO:0048471	235	170549	3013	3099283	1.4173620078880889	9.230087848466235e-07	0.012293554005372178
/work/LAS/jernigan-lab/Ben/ProjectHIV/ProtGOs01/gagB62BlastOutUNI.tsv	GO:0030017	30	170549	184	3099283	2.9628897292554197	9.337739409634426e-07	0.012436935119692091
/work/LAS/jernigan-lab/Ben/ProjectHIV/ProtGOs01/gagB62BlastOutUNI.tsv	GO:0046834	13	170549	36	3099283	6.5622520670175595	9.383663533971631e-07	0.012498101460896815
/work/LAS/jernigan-lab/Ben/ProjectHIV/ProtGOs01/gagB62BlastOutUNI.tsv	GO:0008104	51	170549	414	3099283	2.2386277954374285	9.620299562849481e-07	0.012813276987759224
/work/LAS/jernigan-lab/Ben/ProjectHIV/ProtGOs01/gagB62BlastOutUNI.tsv	GO:0060134	15	170549	50	3099283	5.451717101829972	9.866851286829295e-07	0.013141659228927937
/work/LAS/jernigan-lab/Ben/ProjectHIV/ProtGOs01/gagB62BlastOutUNI.tsv	GO:2000651	11	170549	24	3099283	8.329012238906902	1.0060594488473202e-06	0.013399705799197458
/work/LAS/jernigan-lab/Ben/ProjectHIV/ProtGOs01/gagB62BlastOutUNI.tsv	GO:0031175	62	170549	551	3099283	2.0448061724952105	1.0289807232985493e-06	0.013704994253613378
/work/LAS/jernigan-lab/Ben/ProjectHIV/ProtGOs01/gagB62BlastOutUNI.tsv	GO:0051017	33	170549	217	3099283	2.7635432313423824	1.1002613070387422e-06	0.014654380348449007
/work/LAS/jernigan-lab/Ben/ProjectHIV/ProtGOs01/gagB62BlastOutUNI.tsv	GO:0050839	36	170549	246	3099283	2.6593741960146207	1.1057775988165617e-06	0.014727851838637784
/work/LAS/jernigan-lab/Ben/ProjectHIV/ProtGOs01/gagB62BlastOutUNI.tsv	GO:1900026	26	170549	146	3099283	3.236179101542906	1.1435299484507174e-06	0.015230675383415104
/work/LAS/jernigan-lab/Ben/ProjectHIV/ProtGOs01/gagB62BlastOutUNI.tsv	GO:0035459	10	170549	19	3099283	9.56441596812276	1.1906350900834528e-06	0.015858068764821508
/work/LAS/jernigan-lab/Ben/ProjectHIV/ProtGOs01/gagB62BlastOutUNI.tsv	GO:0072382	9	170549	14	3099283	11.6822509324928	1.1939710807584516e-06	0.015902500824621815
/work/LAS/jernigan-lab/Ben/ProjectHIV/ProtGOs01/gagB62BlastOutUNI.tsv	GO:0051293	9	170549	14	3099283	11.6822509324928	1.1939710807584516e-06	0.015902500824621815
/work/LAS/jernigan-lab/Ben/ProjectHIV/ProtGOs01/gagB62BlastOutUNI.tsv	GO:0039644	23	170549	118	3099283	3.5420760831098694	1.2109574724744484e-06	0.01612874257588718
/work/LAS/jernigan-lab/Ben/ProjectHIV/ProtGOs01/gagB62BlastOutUNI.tsv	GO:0017108	54	170549	458	3099283	2.1425962408938757	1.2629256853115755e-06	0.016820907202664874
/work/LAS/jernigan-lab/Ben/ProjectHIV/ProtGOs01/gagB62BlastOutUNI.tsv	GO:0005871	36	170549	249	3099283	2.627333543050589	1.3040024958561567e-06	0.017368009242308153
/work/LAS/jernigan-lab/Ben/ProjectHIV/ProtGOs01/gagB62BlastOutUNI.tsv	GO:0006930	12	170549	31	3099283	7.03447367978061	1.3575678272350457e-06	0.018081445890943574
/work/LAS/jernigan-lab/Ben/ProjectHIV/ProtGOs01/gagB62BlastOutUNI.tsv	GO:0080182	18	170549	75	3099283	4.361373681463978	1.361313385078429e-06	0.018131332975859598
/work/LAS/jernigan-lab/Ben/ProjectHIV/ProtGOs01/gagB62BlastOutUNI.tsv	GO:0030665	23	170549	119	3099283	3.512310737873652	1.373772145444831e-06	0.018297271205179703
/work/LAS/jernigan-lab/Ben/ProjectHIV/ProtGOs01/gagB62BlastOutUNI.tsv	GO:0051984	11	170549	25	3099283	7.995851749350627	1.3800852440639848e-06	0.018381355365688214
/work/LAS/jernigan-lab/Ben/ProjectHIV/ProtGOs01/gagB62BlastOutUNI.tsv	GO:0043559	11	170549	25	3099283	7.995851749350627	1.3800852440639848e-06	0.018381355365688214
/work/LAS/jernigan-lab/Ben/ProjectHIV/ProtGOs01/gagB62BlastOutUNI.tsv	GO:0002027	22	170549	110	3099283	3.6344780678866484	1.4102267935709637e-06	0.018782810663571667
/work/LAS/jernigan-lab/Ben/ProjectHIV/ProtGOs01/gagB62BlastOutUNI.tsv	GO:0035264	41	170549	308	3099283	2.419051960768711	1.515482050500118e-06	0.020184705430611072
/work/LAS/jernigan-lab/Ben/ProjectHIV/ProtGOs01/gagB62BlastOutUNI.tsv	GO:0031340	13	170549	38	3099283	6.2168703792797935	1.5426667038695753e-06	0.020546777828838875
/work/LAS/jernigan-lab/Ben/ProjectHIV/ProtGOs01/gagB62BlastOutUNI.tsv	GO:0008211	13	170549	38	3099283	6.2168703792797935	1.5426667038695753e-06	0.020546777828838875
/work/LAS/jernigan-lab/Ben/ProjectHIV/ProtGOs01/gagB62BlastOutUNI.tsv	GO:0007409	47	170549	376	3099283	2.2715487924291553	1.5440792450558633e-06	0.020565591464899044
/work/LAS/jernigan-lab/Ben/ProjectHIV/ProtGOs01/gagB62BlastOutUNI.tsv	GO:0000820	25	170549	139	3099283	3.2684155286750434	1.5531123302547041e-06	0.020685903126662405
/work/LAS/jernigan-lab/Ben/ProjectHIV/ProtGOs01/gagB62BlastOutUNI.tsv	GO:1905232	10	170549	20	3099283	9.086195169716621	1.7019746082462104e-06	0.022668599807231276
/work/LAS/jernigan-lab/Ben/ProjectHIV/ProtGOs01/gagB62BlastOutUNI.tsv	GO:1901388	10	170549	20	3099283	9.086195169716621	1.7019746082462104e-06	0.022668599807231276
/work/LAS/jernigan-lab/Ben/ProjectHIV/ProtGOs01/gagB62BlastOutUNI.tsv	GO:0042393	83	170549	836	3099283	1.8041966485322478	1.7378336123695788e-06	0.02314620588315042
/work/LAS/jernigan-lab/Ben/ProjectHIV/ProtGOs01/gagB62BlastOutUNI.tsv	GO:0036312	12	170549	32	3099283	6.814646377287466	1.7777001575126239e-06	0.023677188397910637
/work/LAS/jernigan-lab/Ben/ProjectHIV/ProtGOs01/gagB62BlastOutUNI.tsv	GO:0043153	26	170549	150	3099283	3.1498809921684288	1.7795838416142586e-06	0.02370227718646031
/work/LAS/jernigan-lab/Ben/ProjectHIV/ProtGOs01/gagB62BlastOutUNI.tsv	GO:0006430	65	170549	599	3099283	1.9719622238116206	1.799050131812067e-06	0.023961548705604917
/work/LAS/jernigan-lab/Ben/ProjectHIV/ProtGOs01/gagB62BlastOutUNI.tsv	GO:0030325	22	170549	112	3099283	3.569576673817244	1.8276129063974483e-06	0.024341976300307613
/work/LAS/jernigan-lab/Ben/ProjectHIV/ProtGOs01/gagB62BlastOutUNI.tsv	GO:0004824	65	170549	600	3099283	1.968675620105268	1.8451239793547655e-06	0.02457520628102612
/work/LAS/jernigan-lab/Ben/ProjectHIV/ProtGOs01/gagB62BlastOutUNI.tsv	GO:0007528	25	170549	141	3099283	3.222055024722206	1.9472076491825236e-06	0.025934858679462033
/work/LAS/jernigan-lab/Ben/ProjectHIV/ProtGOs01/gagB62BlastOutUNI.tsv	GO:0005088	17	170549	69	3099283	4.477255590874857	1.9516156509429182e-06	0.02599356885490873
/work/LAS/jernigan-lab/Ben/ProjectHIV/ProtGOs01/gagB62BlastOutUNI.tsv	GO:0014898	14	170549	46	3099283	5.530727494610117	1.9526483083556887e-06	0.026007322818989417
/work/LAS/jernigan-lab/Ben/ProjectHIV/ProtGOs01/gagB62BlastOutUNI.tsv	GO:0036064	63	170549	578	3099283	1.9807276667548344	1.9565180209881905e-06	0.02605886352154171
/work/LAS/jernigan-lab/Ben/ProjectHIV/ProtGOs01/gagB62BlastOutUNI.tsv	GO:0000398	112	170549	1230	3099283	1.6547217219646528	1.9623234719853737e-06	0.02613618632337319
/work/LAS/jernigan-lab/Ben/ProjectHIV/ProtGOs01/gagB62BlastOutUNI.tsv	GO:0060048	27	170549	161	3099283	3.0475437215198604	1.9850588122882245e-06	0.026438998320866863
/work/LAS/jernigan-lab/Ben/ProjectHIV/ProtGOs01/gagB62BlastOutUNI.tsv	GO:0051085	47	170549	383	3099283	2.2300322348651758	2.1403687765273556e-06	0.02850757173456785
/work/LAS/jernigan-lab/Ben/ProjectHIV/ProtGOs01/gagB62BlastOutUNI.tsv	GO:0051897	55	170549	479	3099283	2.086600143358723	2.146856316537815e-06	0.02859397927996716
/work/LAS/jernigan-lab/Ben/ProjectHIV/ProtGOs01/gagB62BlastOutUNI.tsv	GO:0060228	15	170549	54	3099283	5.047886205398123	2.212484925812906e-06	0.02946808672690209
/work/LAS/jernigan-lab/Ben/ProjectHIV/ProtGOs01/gagB62BlastOutUNI.tsv	GO:0006974	132	170549	1523	3099283	1.57502004255101	2.344668193329232e-06	0.03122863566695204
/work/LAS/jernigan-lab/Ben/ProjectHIV/ProtGOs01/gagB62BlastOutUNI.tsv	GO:0070269	14	170549	47	3099283	5.413052441533306	2.4123851567114165e-06	0.03213055790223936
/work/LAS/jernigan-lab/Ben/ProjectHIV/ProtGOs01/gagB62BlastOutUNI.tsv	GO:0018158	14	170549	47	3099283	5.413052441533306	2.4123851567114165e-06	0.03213055790223936
/work/LAS/jernigan-lab/Ben/ProjectHIV/ProtGOs01/gagB62BlastOutUNI.tsv	GO:0034685	8	170549	11	3099283	13.216283883224175	2.4604826517186052e-06	0.0327711684382401
/work/LAS/jernigan-lab/Ben/ProjectHIV/ProtGOs01/gagB62BlastOutUNI.tsv	GO:0010628	151	170549	1797	3099283	1.5270066451054087	2.499108498366726e-06	0.033285626089746424
/work/LAS/jernigan-lab/Ben/ProjectHIV/ProtGOs01/gagB62BlastOutUNI.tsv	GO:0034349	11	170549	27	3099283	7.403566434583913	2.508537716343646e-06	0.033411213843981026
/work/LAS/jernigan-lab/Ben/ProjectHIV/ProtGOs01/gagB62BlastOutUNI.tsv	GO:0008305	18	170549	79	3099283	4.140544634301245	2.570336838256925e-06	0.034234316348743986
/work/LAS/jernigan-lab/Ben/ProjectHIV/ProtGOs01/gagB62BlastOutUNI.tsv	GO:0140157	7	170549	7	3099283	18.172390339433242	2.601360220415751e-06	0.03464751677571739
/work/LAS/jernigan-lab/Ben/ProjectHIV/ProtGOs01/gagB62BlastOutUNI.tsv	GO:0007520	19	170549	88	3099283	3.9235842778321772	2.7254370982955797e-06	0.036300096712198825
/work/LAS/jernigan-lab/Ben/ProjectHIV/ProtGOs01/gagB62BlastOutUNI.tsv	GO:0005112	21	170549	106	3099283	3.6001905389443216	2.7571051870964242e-06	0.03672188398693727
/work/LAS/jernigan-lab/Ben/ProjectHIV/ProtGOs01/gagB62BlastOutUNI.tsv	GO:0019827	31	170549	206	3099283	2.734680099623449	2.76582698759175e-06	0.036838049647734517
/work/LAS/jernigan-lab/Ben/ProjectHIV/ProtGOs01/gagB62BlastOutUNI.tsv	GO:0031514	57	170549	509	3099283	2.0350221008795577	2.7730582784826883e-06	0.036934363211110925
/work/LAS/jernigan-lab/Ben/ProjectHIV/ProtGOs01/gagB62BlastOutUNI.tsv	GO:0051371	14	170549	48	3099283	5.300280515668029	2.9661585693857757e-06	0.039506265985649144
/work/LAS/jernigan-lab/Ben/ProjectHIV/ProtGOs01/gagB62BlastOutUNI.tsv	GO:0042584	12	170549	34	3099283	6.4137848256823204	2.9747379222471797e-06	0.03962053438641019
/work/LAS/jernigan-lab/Ben/ProjectHIV/ProtGOs01/gagB62BlastOutUNI.tsv	GO:0031941	22	170549	116	3099283	3.4464878229959597	3.017318874685383e-06	0.040187670091934614
/work/LAS/jernigan-lab/Ben/ProjectHIV/ProtGOs01/gagB62BlastOutUNI.tsv	GO:0035254	13	170549	41	3099283	5.761977424698345	3.098189578597252e-06	0.0412647869973368
/work/LAS/jernigan-lab/Ben/ProjectHIV/ProtGOs01/gagB62BlastOutUNI.tsv	GO:0045121	101	170549	1090	3099283	1.6838636920025298	3.1785726010590577e-06	0.04233540847350559
/work/LAS/jernigan-lab/Ben/ProjectHIV/ProtGOs01/gagB62BlastOutUNI.tsv	GO:0071391	15	170549	56	3099283	4.867604555205332	3.2337475687712885e-06	0.043070283868464794
/work/LAS/jernigan-lab/Ben/ProjectHIV/ProtGOs01/gagB62BlastOutUNI.tsv	GO:0008883	63	170549	585	3099283	1.9570266519389645	3.26714657070476e-06	0.0435151251752167
/work/LAS/jernigan-lab/Ben/ProjectHIV/ProtGOs01/gagB62BlastOutUNI.tsv	GO:0016052	51	170549	437	3099283	2.12080527988809	3.269627092861799e-06	0.0435481632498263
/work/LAS/jernigan-lab/Ben/ProjectHIV/ProtGOs01/gagB62BlastOutUNI.tsv	GO:0008882	24	170549	136	3099283	3.2068924128411602	3.3170532671490494e-06	0.04417983246515819
/work/LAS/jernigan-lab/Ben/ProjectHIV/ProtGOs01/gagB62BlastOutUNI.tsv	GO:0047388	24	170549	136	3099283	3.2068924128411602	3.3170532671490494e-06	0.04417983246515819
/work/LAS/jernigan-lab/Ben/ProjectHIV/ProtGOs01/gagB62BlastOutUNI.tsv	GO:0004021	11	170549	28	3099283	7.139153347634488	3.3286955007681786e-06	0.04433489537473137
/work/LAS/jernigan-lab/Ben/ProjectHIV/ProtGOs01/gagB62BlastOutUNI.tsv	GO:0035327	22	170549	117	3099283	3.4170306621156525	3.408477232710609e-06	0.0453975082624726
/work/LAS/jernigan-lab/Ben/ProjectHIV/ProtGOs01/gagB62BlastOutUNI.tsv	GO:0019838	22	170549	117	3099283	3.4170306621156525	3.408477232710609e-06	0.0453975082624726
/work/LAS/jernigan-lab/Ben/ProjectHIV/ProtGOs01/gagB62BlastOutUNI.tsv	GO:0001726	47	170549	385	3099283	2.2184476518269154	3.5402480513472775e-06	0.04715256379589439
/work/LAS/jernigan-lab/Ben/ProjectHIV/ProtGOs01/gagB62BlastOutUNI.tsv	GO:0032922	41	170549	317	3099283	2.350372252103353	3.5979383788929192e-06	0.04792094126847479
/work/LAS/jernigan-lab/Ben/ProjectHIV/ProtGOs01/gagB62BlastOutUNI.tsv	GO:0033650	31	170549	209	3099283	2.695426318289141	3.600302741600337e-06	0.04795243221537489
/work/LAS/jernigan-lab/Ben/ProjectHIV/ProtGOs01/gagB62BlastOutUNI.tsv	GO:0031594	45	170549	367	3099283	2.2282222487043484	3.7120783526686993e-06	0.04944117157919441
/work/LAS/jernigan-lab/Ben/ProjectHIV/ProtGOs01/gagB62BlastOutUNI.tsv	GO:0036120	17	170549	73	3099283	4.231926517402262	3.7538249873438853e-06	0.04999719500643321