/work/LAS/jernigan-lab/Ben/ProjectHIV/ProtGOs01/gagB62BlastOutUNI.tsv	GO:0003964	258	195835	326	3099283	12.524864255169112	5.2118497534135e-153	7.132937572521716e-149
/work/LAS/jernigan-lab/Ben/ProjectHIV/ProtGOs01/gagB62BlastOutUNI.tsv	GO:0051082	1017	195835	5885	3099283	2.7349249141407186	3.705363776309886e-152	5.07116086425771e-148
/work/LAS/jernigan-lab/Ben/ProjectHIV/ProtGOs01/gagB62BlastOutUNI.tsv	GO:0004523	453	195835	1443	3099283	4.9682425810646	3.5220334898331513e-143	4.8202550341856506e-139
/work/LAS/jernigan-lab/Ben/ProjectHIV/ProtGOs01/gagB62BlastOutUNI.tsv	GO:0008270	2594	195835	23236	3099283	1.7667680043727636	3.181230155171718e-142	4.353831590368013e-138
/work/LAS/jernigan-lab/Ben/ProjectHIV/ProtGOs01/gagB62BlastOutUNI.tsv	GO:0003968	312	195835	1027	3099283	4.807896081466153	2.7669859132482457e-96	3.786896920871549e-92
/work/LAS/jernigan-lab/Ben/ProjectHIV/ProtGOs01/gagB62BlastOutUNI.tsv	GO:0003724	427	195835	1900	3099283	3.556683300791617	1.695927318174844e-94	2.3210461276540916e-90
/work/LAS/jernigan-lab/Ben/ProjectHIV/ProtGOs01/gagB62BlastOutUNI.tsv	GO:0003887	332	195835	1225	3099283	4.289166613084839	2.2974521832368212e-91	3.1442930579779133e-87
/work/LAS/jernigan-lab/Ben/ProjectHIV/ProtGOs01/gagB62BlastOutUNI.tsv	GO:0019013	266	195835	855	3099283	4.92364172787182	3.0794203555440634e-84	4.214494698597605e-80
/work/LAS/jernigan-lab/Ben/ProjectHIV/ProtGOs01/gagB62BlastOutUNI.tsv	GO:0015074	203	195835	474	3099283	6.777797948177979	5.075454001234242e-84	6.946266346089183e-80
/work/LAS/jernigan-lab/Ben/ProjectHIV/ProtGOs01/gagB62BlastOutUNI.tsv	GO:0044220	150	195835	241	3099283	9.85020203412412	2.717184633739376e-79	3.71873888973571e-75
/work/LAS/jernigan-lab/Ben/ProjectHIV/ProtGOs01/gagB62BlastOutUNI.tsv	GO:0031177	205	195835	546	3099283	5.941993058558024	9.077896018049113e-77	1.2424008490302017e-72
/work/LAS/jernigan-lab/Ben/ProjectHIV/ProtGOs01/gagB62BlastOutUNI.tsv	GO:0072494	122	195835	147	3099283	13.134496154526866	5.327396069441226e-75	7.291074260637262e-71
/work/LAS/jernigan-lab/Ben/ProjectHIV/ProtGOs01/gagB62BlastOutUNI.tsv	GO:0039520	147	195835	272	3099283	8.553017339777334	1.3624414091063204e-71	1.8646373125029102e-67
/work/LAS/jernigan-lab/Ben/ProjectHIV/ProtGOs01/gagB62BlastOutUNI.tsv	GO:0044826	122	195835	192	3099283	10.056098618309631	1.4105314235919355e-65	1.930453306327923e-61
/work/LAS/jernigan-lab/Ben/ProjectHIV/ProtGOs01/gagB62BlastOutUNI.tsv	GO:0075713	124	195835	203	3099283	9.667107966757477	3.508193295592113e-65	4.801313344347366e-61
/work/LAS/jernigan-lab/Ben/ProjectHIV/ProtGOs01/gagB62BlastOutUNI.tsv	GO:0005524	6960	195835	88281	3099283	1.2477078785513254	1.3148724930438335e-64	1.7995344939797905e-60
/work/LAS/jernigan-lab/Ben/ProjectHIV/ProtGOs01/gagB62BlastOutUNI.tsv	GO:0031072	256	195835	1036	3099283	3.910669656996922	3.3145850384946984e-64	4.5363410836838444e-60
/work/LAS/jernigan-lab/Ben/ProjectHIV/ProtGOs01/gagB62BlastOutUNI.tsv	GO:0004190	260	195835	1096	3099283	3.7543409942713954	3.2419148832846085e-62	4.436884709263315e-58
/work/LAS/jernigan-lab/Ben/ProjectHIV/ProtGOs01/gagB62BlastOutUNI.tsv	GO:0042026	290	195835	1469	3099283	3.1242596785338543	9.205671500944584e-55	1.2598882016192757e-50
/work/LAS/jernigan-lab/Ben/ProjectHIV/ProtGOs01/gagB62BlastOutUNI.tsv	GO:0039694	224	195835	935	3099283	3.791467426810385	1.7431757350481803e-54	2.3857103109869396e-50
/work/LAS/jernigan-lab/Ben/ProjectHIV/ProtGOs01/gagB62BlastOutUNI.tsv	GO:0006351	715	195835	5833	3099283	1.9399252111664642	3.657181382557163e-53	5.005218440167733e-49
/work/LAS/jernigan-lab/Ben/ProjectHIV/ProtGOs01/gagB62BlastOutUNI.tsv	GO:0004372	208	195835	836	3099283	3.9375672054750708	6.215610529840609e-53	8.506684571139858e-49
/work/LAS/jernigan-lab/Ben/ProjectHIV/ProtGOs01/gagB62BlastOutUNI.tsv	GO:0019264	208	195835	836	3099283	3.9375672054750708	6.215610529840609e-53	8.506684571139858e-49
/work/LAS/jernigan-lab/Ben/ProjectHIV/ProtGOs01/gagB62BlastOutUNI.tsv	GO:0004197	214	195835	885	3099283	3.826849865973012	1.078918166446458e-52	1.4766074025986224e-48
/work/LAS/jernigan-lab/Ben/ProjectHIV/ProtGOs01/gagB62BlastOutUNI.tsv	GO:0004533	74	195835	75	3099283	15.614978051250628	9.587736026980676e-50	1.3121775526525752e-45
/work/LAS/jernigan-lab/Ben/ProjectHIV/ProtGOs01/gagB62BlastOutUNI.tsv	GO:0002161	375	195835	2398	3099283	2.474873530258458	2.1696499872725347e-48	2.9693829725811907e-44
/work/LAS/jernigan-lab/Ben/ProjectHIV/ProtGOs01/gagB62BlastOutUNI.tsv	GO:0039657	105	195835	218	3099283	7.622610473196051	4.781132857542763e-48	6.543458428833025e-44
/work/LAS/jernigan-lab/Ben/ProjectHIV/ProtGOs01/gagB62BlastOutUNI.tsv	GO:0020002	337	195835	2048	3099283	2.604179227231311	7.859141933988775e-48	1.0756021650857038e-43
/work/LAS/jernigan-lab/Ben/ProjectHIV/ProtGOs01/gagB62BlastOutUNI.tsv	GO:0004482	109	195835	244	3099283	7.069807574710561	2.3653080958638137e-47	3.2371606599992153e-43
/work/LAS/jernigan-lab/Ben/ProjectHIV/ProtGOs01/gagB62BlastOutUNI.tsv	GO:0016830	142	195835	460	3099283	4.885414695823125	1.5438109917332195e-45	2.1128597232860841e-41
/work/LAS/jernigan-lab/Ben/ProjectHIV/ProtGOs01/gagB62BlastOutUNI.tsv	GO:0075512	142	195835	463	3099283	4.853759740990578	2.8749178872708313e-45	3.93461262051886e-41
/work/LAS/jernigan-lab/Ben/ProjectHIV/ProtGOs01/gagB62BlastOutUNI.tsv	GO:0039702	107	195835	256	3099283	6.614769787863508	2.1941396429230808e-44	3.0028995153045284e-40
/work/LAS/jernigan-lab/Ben/ProjectHIV/ProtGOs01/gagB62BlastOutUNI.tsv	GO:0039654	169	195835	668	3099283	4.003881024429554	3.6974351446114294e-44	5.060309738915202e-40
/work/LAS/jernigan-lab/Ben/ProjectHIV/ProtGOs01/gagB62BlastOutUNI.tsv	GO:0006457	816	195835	7447	3099283	1.734122314330346	9.416756292521458e-44	1.2887772661944867e-39
/work/LAS/jernigan-lab/Ben/ProjectHIV/ProtGOs01/gagB62BlastOutUNI.tsv	GO:0032549	204	195835	953	3099283	3.3877253081894247	1.7292940817116668e-43	2.3667118802305872e-39
/work/LAS/jernigan-lab/Ben/ProjectHIV/ProtGOs01/gagB62BlastOutUNI.tsv	GO:0003899	526	195835	4213	3099283	1.9759011172684204	1.8243418049216721e-41	2.4967941942158006e-37
/work/LAS/jernigan-lab/Ben/ProjectHIV/ProtGOs01/gagB62BlastOutUNI.tsv	GO:0003678	222	195835	1157	3099283	3.036620623622637	9.951719883273696e-41	1.3619923832248382e-36
/work/LAS/jernigan-lab/Ben/ProjectHIV/ProtGOs01/gagB62BlastOutUNI.tsv	GO:0005198	448	195835	3406	3099283	2.0816336136627775	2.396834146438527e-40	3.280307212815768e-36
/work/LAS/jernigan-lab/Ben/ProjectHIV/ProtGOs01/gagB62BlastOutUNI.tsv	GO:0019062	221	195835	1284	3099283	2.723943979955788	1.9252133973899333e-34	2.6348470556678628e-30
/work/LAS/jernigan-lab/Ben/ProjectHIV/ProtGOs01/gagB62BlastOutUNI.tsv	GO:0004714	99	195835	300	3099283	5.222577118492609	3.0995304576122633e-34	4.2420173842881435e-30
/work/LAS/jernigan-lab/Ben/ProjectHIV/ProtGOs01/gagB62BlastOutUNI.tsv	GO:0009408	245	195835	1522	3099283	2.5475478716813784	5.667642843805525e-34	7.756735996032241e-30
/work/LAS/jernigan-lab/Ben/ProjectHIV/ProtGOs01/gagB62BlastOutUNI.tsv	GO:0055036	320	195835	2272	3099283	2.2290128546703407	6.826802082895849e-34	9.343161330651258e-30
/work/LAS/jernigan-lab/Ben/ProjectHIV/ProtGOs01/gagB62BlastOutUNI.tsv	GO:0009986	436	195835	3529	3099283	1.955265568976341	8.00155888086564e-34	1.0950933484352715e-29
/work/LAS/jernigan-lab/Ben/ProjectHIV/ProtGOs01/gagB62BlastOutUNI.tsv	GO:0043235	157	195835	742	3099283	3.348626184772276	2.0899676209659806e-33	2.860329686054041e-29
/work/LAS/jernigan-lab/Ben/ProjectHIV/ProtGOs01/gagB62BlastOutUNI.tsv	GO:0004483	58	195835	93	3099283	9.869973048959638	9.293563532069416e-32	1.2719171049990203e-27
/work/LAS/jernigan-lab/Ben/ProjectHIV/ProtGOs01/gagB62BlastOutUNI.tsv	GO:0039648	64	195835	121	3099283	8.370772241009941	9.518610688774606e-32	1.3027170588656925e-27
/work/LAS/jernigan-lab/Ben/ProjectHIV/ProtGOs01/gagB62BlastOutUNI.tsv	GO:0019082	73	195835	170	3099283	6.7958668386802215	2.0019810880414173e-31	2.7399113170934838e-27
/work/LAS/jernigan-lab/Ben/ProjectHIV/ProtGOs01/gagB62BlastOutUNI.tsv	GO:0006986	101	195835	345	3099283	4.633116284301743	2.3971324186440505e-31	3.280715428156247e-27
/work/LAS/jernigan-lab/Ben/ProjectHIV/ProtGOs01/gagB62BlastOutUNI.tsv	GO:0000015	172	195835	910	3099283	2.9912862616740883	2.635806969655811e-31	3.607365418670943e-27
/work/LAS/jernigan-lab/Ben/ProjectHIV/ProtGOs01/gagB62BlastOutUNI.tsv	GO:0004634	172	195835	915	3099283	2.974940435107563	4.6106643415198e-31	6.310155217803999e-27
/work/LAS/jernigan-lab/Ben/ProjectHIV/ProtGOs01/gagB62BlastOutUNI.tsv	GO:0006260	631	195835	5967	3099283	1.6735713910187018	1.7557166507752317e-30	2.402873808250982e-26
/work/LAS/jernigan-lab/Ben/ProjectHIV/ProtGOs01/gagB62BlastOutUNI.tsv	GO:0006401	229	195835	1465	3099283	2.4738238910638275	2.8757566363804484e-30	3.9357605325502815e-26
/work/LAS/jernigan-lab/Ben/ProjectHIV/ProtGOs01/gagB62BlastOutUNI.tsv	GO:0034620	77	195835	203	3099283	6.002962205163918	3.385069823057476e-30	4.632806559836461e-26
/work/LAS/jernigan-lab/Ben/ProjectHIV/ProtGOs01/gagB62BlastOutUNI.tsv	GO:0006428	130	195835	581	3099283	3.54109959528524	6.046339927136071e-30	8.275020824278427e-26
/work/LAS/jernigan-lab/Ben/ProjectHIV/ProtGOs01/gagB62BlastOutUNI.tsv	GO:0004822	130	195835	583	3099283	3.52895174075596	8.013156745133534e-30	1.0966806321389754e-25
/work/LAS/jernigan-lab/Ben/ProjectHIV/ProtGOs01/gagB62BlastOutUNI.tsv	GO:0003676	583	195835	5465	3099283	1.6882987940232281	3.3316353609861456e-29	4.559676155045639e-25
/work/LAS/jernigan-lab/Ben/ProjectHIV/ProtGOs01/gagB62BlastOutUNI.tsv	GO:0007169	114	195835	474	3099283	3.8062510644940377	9.329114325250728e-29	1.2767825865538146e-24
/work/LAS/jernigan-lab/Ben/ProjectHIV/ProtGOs01/gagB62BlastOutUNI.tsv	GO:0035999	278	195835	2019	3099283	2.1791112295930257	2.5398756782393193e-28	3.476073853238333e-24
/work/LAS/jernigan-lab/Ben/ProjectHIV/ProtGOs01/gagB62BlastOutUNI.tsv	GO:0016887	782	195835	8028	3099283	1.541595063739495	1.3282392313302142e-27	1.8178282119985312e-23
/work/LAS/jernigan-lab/Ben/ProjectHIV/ProtGOs01/gagB62BlastOutUNI.tsv	GO:0033674	86	195835	289	3099283	4.709464529625294	2.329995761132545e-27	3.1888321986860006e-23
/work/LAS/jernigan-lab/Ben/ProjectHIV/ProtGOs01/gagB62BlastOutUNI.tsv	GO:0006449	94	195835	349	3099283	4.262587906037208	4.933986904076476e-27	6.752654476919065e-23
/work/LAS/jernigan-lab/Ben/ProjectHIV/ProtGOs01/gagB62BlastOutUNI.tsv	GO:0004641	112	195835	487	3099283	3.6396530226567867	6.857919837170442e-27	9.385749089151467e-23
/work/LAS/jernigan-lab/Ben/ProjectHIV/ProtGOs01/gagB62BlastOutUNI.tsv	GO:0006357	494	195835	4531	3099283	1.72545568008624	1.0678115722555163e-26	1.4614069177888996e-22
/work/LAS/jernigan-lab/Ben/ProjectHIV/ProtGOs01/gagB62BlastOutUNI.tsv	GO:0000978	400	195835	3436	3099283	1.8423738379696648	1.2506095785510426e-26	1.7115842692049568e-22
/work/LAS/jernigan-lab/Ben/ProjectHIV/ProtGOs01/gagB62BlastOutUNI.tsv	GO:0016874	115	195835	519	3099283	3.5067225353339757	2.1813393389505676e-26	2.985381019287747e-22
/work/LAS/jernigan-lab/Ben/ProjectHIV/ProtGOs01/gagB62BlastOutUNI.tsv	GO:0051787	75	195835	229	3099283	5.183184913152648	3.459897702884547e-26	4.735215996167791e-22
/work/LAS/jernigan-lab/Ben/ProjectHIV/ProtGOs01/gagB62BlastOutUNI.tsv	GO:0004879	96	195835	382	3099283	3.977212465296608	1.118005883697623e-25	1.5301028524285668e-21
/work/LAS/jernigan-lab/Ben/ProjectHIV/ProtGOs01/gagB62BlastOutUNI.tsv	GO:0051085	96	195835	383	3099283	3.9668280985464865	1.3162384935702322e-25	1.8014040023002197e-21
/work/LAS/jernigan-lab/Ben/ProjectHIV/ProtGOs01/gagB62BlastOutUNI.tsv	GO:0039579	45	195835	70	3099283	10.173851529531056	2.106737407485937e-25	2.8832808158852535e-21
/work/LAS/jernigan-lab/Ben/ProjectHIV/ProtGOs01/gagB62BlastOutUNI.tsv	GO:0004843	130	195835	672	3099283	3.0615756917570307	6.970467824065503e-25	9.539782264016048e-21
/work/LAS/jernigan-lab/Ben/ProjectHIV/ProtGOs01/gagB62BlastOutUNI.tsv	GO:0039564	54	195835	117	3099283	7.304303662227425	7.587934293259498e-25	1.0384846873754949e-20
/work/LAS/jernigan-lab/Ben/ProjectHIV/ProtGOs01/gagB62BlastOutUNI.tsv	GO:0016477	156	195835	912	3099283	2.707077453764111	1.33455480569919e-24	1.8264717070799113e-20
/work/LAS/jernigan-lab/Ben/ProjectHIV/ProtGOs01/gagB62BlastOutUNI.tsv	GO:0005634	2888	195835	37244	3099283	1.2271899576426917	1.4002660953388888e-24	1.9164041780808033e-20
/work/LAS/jernigan-lab/Ben/ProjectHIV/ProtGOs01/gagB62BlastOutUNI.tsv	GO:0030284	39	195835	51	3099283	12.10222861682779	3.459983746686989e-24	4.735333755715814e-20
/work/LAS/jernigan-lab/Ben/ProjectHIV/ProtGOs01/gagB62BlastOutUNI.tsv	GO:0016020	810	195835	8665	3099283	1.4794059927535061	5.629009525732959e-24	7.703862436918128e-20
/work/LAS/jernigan-lab/Ben/ProjectHIV/ProtGOs01/gagB62BlastOutUNI.tsv	GO:0039651	36	195835	43	3099283	13.249667108226491	2.2626531673059087e-23	3.0966671247748667e-19
/work/LAS/jernigan-lab/Ben/ProjectHIV/ProtGOs01/gagB62BlastOutUNI.tsv	GO:0008882	55	195835	136	3099283	6.400217056976236	4.229803186285825e-23	5.78890864075078e-19
/work/LAS/jernigan-lab/Ben/ProjectHIV/ProtGOs01/gagB62BlastOutUNI.tsv	GO:0047388	55	195835	136	3099283	6.400217056976236	4.229803186285825e-23	5.78890864075078e-19
/work/LAS/jernigan-lab/Ben/ProjectHIV/ProtGOs01/gagB62BlastOutUNI.tsv	GO:0039503	61	195835	174	3099283	5.548192341136349	7.677528263049209e-23	1.0507465180809147e-18
/work/LAS/jernigan-lab/Ben/ProjectHIV/ProtGOs01/gagB62BlastOutUNI.tsv	GO:0003866	123	195835	652	3099283	2.9855781073368233	7.772430229106921e-23	1.0637348011555733e-18
/work/LAS/jernigan-lab/Ben/ProjectHIV/ProtGOs01/gagB62BlastOutUNI.tsv	GO:0046429	98	195835	442	3099283	3.5089301906778805	9.225344805450526e-23	1.262580690073959e-18
/work/LAS/jernigan-lab/Ben/ProjectHIV/ProtGOs01/gagB62BlastOutUNI.tsv	GO:0000820	55	195835	139	3099283	6.262082875890418	9.665905725842596e-23	1.3228758576388177e-18
/work/LAS/jernigan-lab/Ben/ProjectHIV/ProtGOs01/gagB62BlastOutUNI.tsv	GO:0039502	131	195835	731	3099283	2.83612155421188	1.8391636876850606e-22	2.5170794229657738e-18
/work/LAS/jernigan-lab/Ben/ProjectHIV/ProtGOs01/gagB62BlastOutUNI.tsv	GO:0039595	39	195835	61	3099283	10.118256712429792	3.6610984346991396e-22	5.010579317729242e-18
/work/LAS/jernigan-lab/Ben/ProjectHIV/ProtGOs01/gagB62BlastOutUNI.tsv	GO:0005509	491	195835	4777	3099283	1.6266614428859694	7.238128070716379e-22	9.906102077582437e-18
/work/LAS/jernigan-lab/Ben/ProjectHIV/ProtGOs01/gagB62BlastOutUNI.tsv	GO:0005654	833	195835	9185	3099283	1.43528042747706	2.1305146070871e-21	2.915822291259405e-17
/work/LAS/jernigan-lab/Ben/ProjectHIV/ProtGOs01/gagB62BlastOutUNI.tsv	GO:0016153	58	195835	170	3099283	5.399455844430861	2.482729314115919e-21	3.397863339299047e-17
/work/LAS/jernigan-lab/Ben/ProjectHIV/ProtGOs01/gagB62BlastOutUNI.tsv	GO:0007156	101	195835	496	3099283	3.222631286459882	4.375980466932544e-21	5.98896686704388e-17
/work/LAS/jernigan-lab/Ben/ProjectHIV/ProtGOs01/gagB62BlastOutUNI.tsv	GO:0004315	132	195835	770	3099283	2.713027074541615	5.110952998776419e-21	6.994850274125407e-17
/work/LAS/jernigan-lab/Ben/ProjectHIV/ProtGOs01/gagB62BlastOutUNI.tsv	GO:0044167	92	195835	428	3099283	3.401848590352025	1.0710936203601109e-20	1.4658987288248479e-16
/work/LAS/jernigan-lab/Ben/ProjectHIV/ProtGOs01/gagB62BlastOutUNI.tsv	GO:0044183	77	195835	313	3099283	3.893294976512062	1.8002475628414672e-20	2.463818814504832e-16
/work/LAS/jernigan-lab/Ben/ProjectHIV/ProtGOs01/gagB62BlastOutUNI.tsv	GO:0046718	180	195835	1280	3099283	2.2255300220849183	7.496305123170117e-20	1.0259443191570622e-15
/work/LAS/jernigan-lab/Ben/ProjectHIV/ProtGOs01/gagB62BlastOutUNI.tsv	GO:0039563	51	195835	146	3099283	5.5282572238091126	2.604997438566444e-19	3.565199494422035e-15
/work/LAS/jernigan-lab/Ben/ProjectHIV/ProtGOs01/gagB62BlastOutUNI.tsv	GO:0004386	136	195835	856	3099283	2.514409827651497	3.214811499804856e-19	4.3997910186329264e-15
/work/LAS/jernigan-lab/Ben/ProjectHIV/ProtGOs01/gagB62BlastOutUNI.tsv	GO:0007155	257	195835	2143	3099283	1.8979373569374574	3.893357981409202e-19	5.328449733356634e-15
/work/LAS/jernigan-lab/Ben/ProjectHIV/ProtGOs01/gagB62BlastOutUNI.tsv	GO:0062023	135	195835	850	3099283	2.513539789648849	4.47237528229558e-19	6.120892811349731e-15
/work/LAS/jernigan-lab/Ben/ProjectHIV/ProtGOs01/gagB62BlastOutUNI.tsv	GO:0039689	45	195835	116	3099283	6.139393164372189	1.237276781383033e-18	1.693337003000819e-14
/work/LAS/jernigan-lab/Ben/ProjectHIV/ProtGOs01/gagB62BlastOutUNI.tsv	GO:0009888	48	195835	134	3099283	5.669011797549643	1.2534392704699665e-18	1.7154569855651962e-14
/work/LAS/jernigan-lab/Ben/ProjectHIV/ProtGOs01/gagB62BlastOutUNI.tsv	GO:0019031	198	195835	1535	3099283	2.0413982222120945	5.300884081032458e-18	7.254789953301023e-14
/work/LAS/jernigan-lab/Ben/ProjectHIV/ProtGOs01/gagB62BlastOutUNI.tsv	GO:0004823	123	195835	764	3099283	2.5479017355806395	6.663363757124921e-18	9.119479638001166e-14
/work/LAS/jernigan-lab/Ben/ProjectHIV/ProtGOs01/gagB62BlastOutUNI.tsv	GO:0006429	123	195835	764	3099283	2.5479017355806395	6.663363757124921e-18	9.119479638001166e-14
/work/LAS/jernigan-lab/Ben/ProjectHIV/ProtGOs01/gagB62BlastOutUNI.tsv	GO:0031012	150	195835	1036	3099283	2.291408002146634	9.339373695197047e-18	1.2781866839246677e-13
/work/LAS/jernigan-lab/Ben/ProjectHIV/ProtGOs01/gagB62BlastOutUNI.tsv	GO:0018144	53	195835	176	3099283	4.765781461434371	1.1008932795332224e-17	1.5066825423691682e-13
/work/LAS/jernigan-lab/Ben/ProjectHIV/ProtGOs01/gagB62BlastOutUNI.tsv	GO:0039574	28	195835	38	3099283	11.661256723906941	1.7085479586083787e-17	2.3383187361514274e-13
/work/LAS/jernigan-lab/Ben/ProjectHIV/ProtGOs01/gagB62BlastOutUNI.tsv	GO:0000724	127	195835	818	3099283	2.4570915538584917	2.5224545933496125e-17	3.4522313564582797e-13
/work/LAS/jernigan-lab/Ben/ProjectHIV/ProtGOs01/gagB62BlastOutUNI.tsv	GO:0030520	34	195835	68	3099283	7.91299563407971	4.819330500015458e-17	6.595735722321157e-13
/work/LAS/jernigan-lab/Ben/ProjectHIV/ProtGOs01/gagB62BlastOutUNI.tsv	GO:0000122	343	195835	3271	3099283	1.659527668902073	6.79190235724001e-17	9.295397566118678e-13
/work/LAS/jernigan-lab/Ben/ProjectHIV/ProtGOs01/gagB62BlastOutUNI.tsv	GO:0005604	76	195835	368	3099283	3.2684112401633585	1.4320792611259586e-16	1.959943676776987e-12
/work/LAS/jernigan-lab/Ben/ProjectHIV/ProtGOs01/gagB62BlastOutUNI.tsv	GO:0007018	84	195835	438	3099283	3.0351216130716696	1.702090943869861e-16	2.3294816657802918e-12
/work/LAS/jernigan-lab/Ben/ProjectHIV/ProtGOs01/gagB62BlastOutUNI.tsv	GO:0033627	37	195835	88	3099283	6.654109965021575	1.7144123068518583e-16	2.3463446831574534e-12
/work/LAS/jernigan-lab/Ben/ProjectHIV/ProtGOs01/gagB62BlastOutUNI.tsv	GO:0006515	73	195835	345	3099283	3.3486880074656162	1.8542704256665333e-16	2.5377545045672175e-12
/work/LAS/jernigan-lab/Ben/ProjectHIV/ProtGOs01/gagB62BlastOutUNI.tsv	GO:0051015	153	195835	1111	3099283	2.179456943319884	2.029682646373415e-16	2.777823669826656e-12
/work/LAS/jernigan-lab/Ben/ProjectHIV/ProtGOs01/gagB62BlastOutUNI.tsv	GO:0005007	26	195835	37	3099283	11.120966837084998	5.401722643702353e-16	7.392797610171041e-12
/work/LAS/jernigan-lab/Ben/ProjectHIV/ProtGOs01/gagB62BlastOutUNI.tsv	GO:0004814	142	195835	1023	3099283	2.196765161367192	1.2936220030827658e-15	1.7704510734190732e-11
/work/LAS/jernigan-lab/Ben/ProjectHIV/ProtGOs01/gagB62BlastOutUNI.tsv	GO:0006420	142	195835	1023	3099283	2.196765161367192	1.2936220030827658e-15	1.7704510734190732e-11
/work/LAS/jernigan-lab/Ben/ProjectHIV/ProtGOs01/gagB62BlastOutUNI.tsv	GO:0004457	39	195835	108	3099283	5.71494129127979	1.5861132923312572e-15	2.1707546518845586e-11
/work/LAS/jernigan-lab/Ben/ProjectHIV/ProtGOs01/gagB62BlastOutUNI.tsv	GO:0005201	62	195835	272	3099283	3.6073950684775147	1.736636109951691e-15	2.3767601800798844e-11
/work/LAS/jernigan-lab/Ben/ProjectHIV/ProtGOs01/gagB62BlastOutUNI.tsv	GO:0008765	45	195835	147	3099283	4.844691204538598	1.7900913389120425e-15	2.4499190064350212e-11
/work/LAS/jernigan-lab/Ben/ProjectHIV/ProtGOs01/gagB62BlastOutUNI.tsv	GO:0003924	777	195835	9013	3099283	1.364339866344155	1.828551366797216e-15	2.5025554005986696e-11
/work/LAS/jernigan-lab/Ben/ProjectHIV/ProtGOs01/gagB62BlastOutUNI.tsv	GO:0042025	367	195835	3656	3099283	1.5886594079361342	1.9956339115134057e-15	2.731224571297247e-11
/work/LAS/jernigan-lab/Ben/ProjectHIV/ProtGOs01/gagB62BlastOutUNI.tsv	GO:0018108	54	195835	218	3099283	3.9201996719293977	5.943530663109927e-15	8.134316065532246e-11
/work/LAS/jernigan-lab/Ben/ProjectHIV/ProtGOs01/gagB62BlastOutUNI.tsv	GO:0005730	484	195835	5187	3099283	1.476726387852161	7.323511101175663e-15	1.0022957293069011e-10
/work/LAS/jernigan-lab/Ben/ProjectHIV/ProtGOs01/gagB62BlastOutUNI.tsv	GO:0039547	29	195835	58	3099283	7.91299563407971	9.251019964570402e-15	1.2660945923511052e-10
/work/LAS/jernigan-lab/Ben/ProjectHIV/ProtGOs01/gagB62BlastOutUNI.tsv	GO:0098609	88	195835	522	3099283	2.6679832022950745	2.7444421188466873e-14	3.7560434838535763e-10
/work/LAS/jernigan-lab/Ben/ProjectHIV/ProtGOs01/gagB62BlastOutUNI.tsv	GO:0005516	164	195835	1305	3099283	1.9888602053472375	3.0052758077786997e-14	4.1130204705259283e-10
/work/LAS/jernigan-lab/Ben/ProjectHIV/ProtGOs01/gagB62BlastOutUNI.tsv	GO:0005911	103	195835	669	3099283	2.436587594350404	3.758992126892429e-14	5.144556624864978e-10
/work/LAS/jernigan-lab/Ben/ProjectHIV/ProtGOs01/gagB62BlastOutUNI.tsv	GO:0046777	131	195835	958	3099283	2.164096927065641	4.322004146937424e-14	5.915094875498558e-10
/work/LAS/jernigan-lab/Ben/ProjectHIV/ProtGOs01/gagB62BlastOutUNI.tsv	GO:0019028	109	195835	732	3099283	2.3566025249035203	5.0045756614031727e-14	6.849262250196382e-10
/work/LAS/jernigan-lab/Ben/ProjectHIV/ProtGOs01/gagB62BlastOutUNI.tsv	GO:0019087	27	195835	53	3099283	8.062297438496309	5.3771034773922e-14	7.359103819158964e-10
/work/LAS/jernigan-lab/Ben/ProjectHIV/ProtGOs01/gagB62BlastOutUNI.tsv	GO:0034605	94	195835	586	3099283	2.5386402375545827	5.804910078799395e-14	7.944599933844853e-10
/work/LAS/jernigan-lab/Ben/ProjectHIV/ProtGOs01/gagB62BlastOutUNI.tsv	GO:0004471	44	195835	160	3099283	4.352147598743841	8.601447029396934e-14	1.1771940404432643e-09
/work/LAS/jernigan-lab/Ben/ProjectHIV/ProtGOs01/gagB62BlastOutUNI.tsv	GO:0003725	93	195835	585	3099283	2.515926816989446	1.1307208875617371e-13	1.5475046067169933e-09
/work/LAS/jernigan-lab/Ben/ProjectHIV/ProtGOs01/gagB62BlastOutUNI.tsv	GO:0039660	72	195835	391	3099283	2.9142490314769263	1.2836498968303288e-13	1.756803248801988e-09
/work/LAS/jernigan-lab/Ben/ProjectHIV/ProtGOs01/gagB62BlastOutUNI.tsv	GO:0004252	348	195835	3553	3099283	1.55008301753996	2.032378276214797e-13	2.7815129088275713e-09
/work/LAS/jernigan-lab/Ben/ProjectHIV/ProtGOs01/gagB62BlastOutUNI.tsv	GO:0004088	80	195835	467	3099283	2.71109058126928	2.702646155929489e-13	3.698841529005099e-09
/work/LAS/jernigan-lab/Ben/ProjectHIV/ProtGOs01/gagB62BlastOutUNI.tsv	GO:0003727	59	195835	285	3099283	3.2762578414786168	2.880039760339494e-13	3.941622416000632e-09
/work/LAS/jernigan-lab/Ben/ProjectHIV/ProtGOs01/gagB62BlastOutUNI.tsv	GO:0044186	24	195835	44	3099283	8.632358873541502	4.3060998532518133e-13	5.893328259160432e-09
/work/LAS/jernigan-lab/Ben/ProjectHIV/ProtGOs01/gagB62BlastOutUNI.tsv	GO:0044185	22	195835	35	3099283	9.94776593998592	4.828751316729781e-13	6.608629052076378e-09
/work/LAS/jernigan-lab/Ben/ProjectHIV/ProtGOs01/gagB62BlastOutUNI.tsv	GO:0003777	64	195835	334	3099283	3.032525272940727	6.056881220980375e-13	8.289447639033741e-09
/work/LAS/jernigan-lab/Ben/ProjectHIV/ProtGOs01/gagB62BlastOutUNI.tsv	GO:0042626	125	195835	933	3099283	2.120309655434006	6.170863058693005e-13	8.445443182127245e-09
/work/LAS/jernigan-lab/Ben/ProjectHIV/ProtGOs01/gagB62BlastOutUNI.tsv	GO:0035556	203	195835	1826	3099283	1.7594064772378764	1.2777705967929415e-12	1.7487568387708198e-08
/work/LAS/jernigan-lab/Ben/ProjectHIV/ProtGOs01/gagB62BlastOutUNI.tsv	GO:0007229	61	195835	318	3099283	3.035803356470832	1.978983836316023e-12	2.708437278382109e-08
/work/LAS/jernigan-lab/Ben/ProjectHIV/ProtGOs01/gagB62BlastOutUNI.tsv	GO:0046789	69	195835	390	3099283	2.7999830705205127	2.6508603063938493e-12	3.627967415330622e-08
/work/LAS/jernigan-lab/Ben/ProjectHIV/ProtGOs01/gagB62BlastOutUNI.tsv	GO:0009887	74	195835	437	3099283	2.6799161415189863	3.009919995913338e-12	4.119376506406995e-08
/work/LAS/jernigan-lab/Ben/ProjectHIV/ProtGOs01/gagB62BlastOutUNI.tsv	GO:0030170	463	195835	5132	3099283	1.4277930547852322	3.0127914015172093e-12	4.123306312116453e-08
/work/LAS/jernigan-lab/Ben/ProjectHIV/ProtGOs01/gagB62BlastOutUNI.tsv	GO:0000386	20	195835	31	3099283	10.210316947199626	3.868364041738189e-12	5.2942430275228854e-08
/work/LAS/jernigan-lab/Ben/ProjectHIV/ProtGOs01/gagB62BlastOutUNI.tsv	GO:0039545	48	195835	216	3099283	3.516886948479871	5.148676758794673e-12	7.04647901208639e-08
/work/LAS/jernigan-lab/Ben/ProjectHIV/ProtGOs01/gagB62BlastOutUNI.tsv	GO:0009925	48	195835	216	3099283	3.516886948479871	5.148676758794673e-12	7.04647901208639e-08
/work/LAS/jernigan-lab/Ben/ProjectHIV/ProtGOs01/gagB62BlastOutUNI.tsv	GO:0000943	31	195835	93	3099283	5.275330422719807	6.418497543266417e-12	8.784355737714418e-08
/work/LAS/jernigan-lab/Ben/ProjectHIV/ProtGOs01/gagB62BlastOutUNI.tsv	GO:0044191	23	195835	47	3099283	7.744634024843972	7.283368548159726e-12	9.968018195011401e-08
/work/LAS/jernigan-lab/Ben/ProjectHIV/ProtGOs01/gagB62BlastOutUNI.tsv	GO:0008559	43	195835	180	3099283	3.7806534696158614	8.634786972593192e-12	1.1817569450691043e-07
/work/LAS/jernigan-lab/Ben/ProjectHIV/ProtGOs01/gagB62BlastOutUNI.tsv	GO:0008017	162	195835	1390	3099283	1.8444680470804504	8.745124258786768e-12	1.196857706057557e-07
/work/LAS/jernigan-lab/Ben/ProjectHIV/ProtGOs01/gagB62BlastOutUNI.tsv	GO:0003844	57	195835	296	3099283	3.0475726428550236	8.895923890242473e-12	1.2174961436185847e-07
/work/LAS/jernigan-lab/Ben/ProjectHIV/ProtGOs01/gagB62BlastOutUNI.tsv	GO:0102752	57	195835	296	3099283	3.0475726428550236	8.895923890242473e-12	1.2174961436185847e-07
/work/LAS/jernigan-lab/Ben/ProjectHIV/ProtGOs01/gagB62BlastOutUNI.tsv	GO:0043169	58	195835	306	3099283	2.9996976913504785	1.023796567186004e-11	1.401167981850765e-07
/work/LAS/jernigan-lab/Ben/ProjectHIV/ProtGOs01/gagB62BlastOutUNI.tsv	GO:0032197	32	195835	102	3099283	4.965016868442171	1.1090392985468438e-11	1.5178311839912103e-07
/work/LAS/jernigan-lab/Ben/ProjectHIV/ProtGOs01/gagB62BlastOutUNI.tsv	GO:0044385	65	195835	367	3099283	2.802968480736682	1.1484286654246118e-11	1.5717394715001236e-07
/work/LAS/jernigan-lab/Ben/ProjectHIV/ProtGOs01/gagB62BlastOutUNI.tsv	GO:0007157	41	195835	169	3099283	3.839441668606723	1.7162148860559e-11	2.3488116930561047e-07
/work/LAS/jernigan-lab/Ben/ProjectHIV/ProtGOs01/gagB62BlastOutUNI.tsv	GO:0008305	28	195835	79	3099283	5.609212095043845	2.0186545210807857e-11	2.762730577551163e-07
/work/LAS/jernigan-lab/Ben/ProjectHIV/ProtGOs01/gagB62BlastOutUNI.tsv	GO:0016485	65	195835	375	3099283	2.7431718198142994	2.06501092952307e-11	2.8261739581452737e-07
/work/LAS/jernigan-lab/Ben/ProjectHIV/ProtGOs01/gagB62BlastOutUNI.tsv	GO:0008174	36	195835	133	3099283	4.28372695980255	2.1111699814185295e-11	2.8893472365694e-07
/work/LAS/jernigan-lab/Ben/ProjectHIV/ProtGOs01/gagB62BlastOutUNI.tsv	GO:0019516	39	195835	156	3099283	3.956497817039855	2.447502028929208e-11	3.349651276792514e-07
/work/LAS/jernigan-lab/Ben/ProjectHIV/ProtGOs01/gagB62BlastOutUNI.tsv	GO:0030018	77	195835	490	3099283	2.48694148499648	2.642447677856741e-11	3.616453891914736e-07
/work/LAS/jernigan-lab/Ben/ProjectHIV/ProtGOs01/gagB62BlastOutUNI.tsv	GO:0000723	63	195835	358	3099283	2.785020809759898	2.78990355123077e-11	3.8182620002144317e-07
/work/LAS/jernigan-lab/Ben/ProjectHIV/ProtGOs01/gagB62BlastOutUNI.tsv	GO:0007010	68	195835	405	3099283	2.6572034721847917	3.055887811034858e-11	4.182288058182307e-07
/work/LAS/jernigan-lab/Ben/ProjectHIV/ProtGOs01/gagB62BlastOutUNI.tsv	GO:0003682	214	195835	2041	3099283	1.6593641016100518	4.4960448862311367e-11	6.153287031295934e-07
/work/LAS/jernigan-lab/Ben/ProjectHIV/ProtGOs01/gagB62BlastOutUNI.tsv	GO:0005794	469	195835	5328	3099283	1.393091198342111	4.9124038664169776e-11	6.723115931578276e-07
/work/LAS/jernigan-lab/Ben/ProjectHIV/ProtGOs01/gagB62BlastOutUNI.tsv	GO:0008569	26	195835	72	3099283	5.71494129127979	7.415754862977289e-11	1.0149202105470717e-06
/work/LAS/jernigan-lab/Ben/ProjectHIV/ProtGOs01/gagB62BlastOutUNI.tsv	GO:0030198	87	195835	602	3099283	2.2871449174914775	8.158422897260607e-11	1.1165617577190868e-06
/work/LAS/jernigan-lab/Ben/ProjectHIV/ProtGOs01/gagB62BlastOutUNI.tsv	GO:0008088	21	195835	44	3099283	7.553314014348814	8.422357431875401e-11	1.1526838381264673e-06
/work/LAS/jernigan-lab/Ben/ProjectHIV/ProtGOs01/gagB62BlastOutUNI.tsv	GO:0039696	23	195835	55	3099283	6.618141803048485	8.798518412371092e-11	1.2041652299171076e-06
/work/LAS/jernigan-lab/Ben/ProjectHIV/ProtGOs01/gagB62BlastOutUNI.tsv	GO:0039548	34	195835	127	3099283	4.2368795521056715	9.570285576666028e-11	1.3097892840225127e-06
/work/LAS/jernigan-lab/Ben/ProjectHIV/ProtGOs01/gagB62BlastOutUNI.tsv	GO:0008168	156	195835	1373	3099283	1.798146130978055	1.2200085132623887e-10	1.6697036512509052e-06
/work/LAS/jernigan-lab/Ben/ProjectHIV/ProtGOs01/gagB62BlastOutUNI.tsv	GO:0035091	63	195835	374	3099283	2.665875534476052	1.7226868625946655e-10	2.357669240147059e-06
/work/LAS/jernigan-lab/Ben/ProjectHIV/ProtGOs01/gagB62BlastOutUNI.tsv	GO:0007411	100	195835	754	3099283	2.0989378339733977	1.757060768001665e-10	2.4047133670870787e-06
/work/LAS/jernigan-lab/Ben/ProjectHIV/ProtGOs01/gagB62BlastOutUNI.tsv	GO:0003918	63	195835	376	3099283	2.6516953454628815	1.869597863743498e-10	2.5587316363193515e-06
/work/LAS/jernigan-lab/Ben/ProjectHIV/ProtGOs01/gagB62BlastOutUNI.tsv	GO:0044172	39	195835	170	3099283	3.6306685850483373	2.1384436847213225e-10	2.926674026909602e-06
/work/LAS/jernigan-lab/Ben/ProjectHIV/ProtGOs01/gagB62BlastOutUNI.tsv	GO:0010587	18	195835	32	3099283	8.902120088339673	2.4326223315239297e-10	3.3292869229236503e-06
/work/LAS/jernigan-lab/Ben/ProjectHIV/ProtGOs01/gagB62BlastOutUNI.tsv	GO:0102545	32	195835	118	3099283	4.291794242212724	2.542617008914978e-10	3.479825638401039e-06
/work/LAS/jernigan-lab/Ben/ProjectHIV/ProtGOs01/gagB62BlastOutUNI.tsv	GO:0005903	46	195835	230	3099283	3.165198253631884	2.8791384171452666e-10	3.940388837705011e-06
/work/LAS/jernigan-lab/Ben/ProjectHIV/ProtGOs01/gagB62BlastOutUNI.tsv	GO:0050418	38	195835	165	3099283	3.644773746606412	3.284333465289066e-10	4.494938780594616e-06
/work/LAS/jernigan-lab/Ben/ProjectHIV/ProtGOs01/gagB62BlastOutUNI.tsv	GO:0008152	78	195835	533	3099283	2.315998722169671	3.3035393667622387e-10	4.5212239773508e-06
/work/LAS/jernigan-lab/Ben/ProjectHIV/ProtGOs01/gagB62BlastOutUNI.tsv	GO:0019557	99	195835	753	3099283	2.0807080153357007	4.0445042419484547e-10	5.535308505530655e-06
/work/LAS/jernigan-lab/Ben/ProjectHIV/ProtGOs01/gagB62BlastOutUNI.tsv	GO:0019556	99	195835	753	3099283	2.0807080153357007	4.0445042419484547e-10	5.535308505530655e-06
/work/LAS/jernigan-lab/Ben/ProjectHIV/ProtGOs01/gagB62BlastOutUNI.tsv	GO:0071392	39	195835	175	3099283	3.526935196904099	4.3963535491032347e-10	6.016849467302687e-06
/work/LAS/jernigan-lab/Ben/ProjectHIV/ProtGOs01/gagB62BlastOutUNI.tsv	GO:0039707	65	195835	406	3099283	2.5337178138678875	4.828738300477292e-10	6.6086112380332215e-06
/work/LAS/jernigan-lab/Ben/ProjectHIV/ProtGOs01/gagB62BlastOutUNI.tsv	GO:0043138	40	195835	184	3099283	3.4404328843824827	4.97435886390417e-10	6.807907541139246e-06
/work/LAS/jernigan-lab/Ben/ProjectHIV/ProtGOs01/gagB62BlastOutUNI.tsv	GO:0032587	55	195835	315	3099283	2.763268316662756	6.321122442014033e-10	8.651088174140406e-06
/work/LAS/jernigan-lab/Ben/ProjectHIV/ProtGOs01/gagB62BlastOutUNI.tsv	GO:0051103	39	195835	179	3099283	3.4481210025598736	7.680539182018091e-10	1.0511585924509958e-05
/work/LAS/jernigan-lab/Ben/ProjectHIV/ProtGOs01/gagB62BlastOutUNI.tsv	GO:0005790	28	195835	96	3099283	4.615914119879831	8.251792704109183e-10	1.1293403494843828e-05
/work/LAS/jernigan-lab/Ben/ProjectHIV/ProtGOs01/gagB62BlastOutUNI.tsv	GO:1905168	21	195835	52	3099283	6.391265704448997	9.458629223201025e-10	1.2945079954872923e-05
/work/LAS/jernigan-lab/Ben/ProjectHIV/ProtGOs01/gagB62BlastOutUNI.tsv	GO:2001028	23	195835	64	3099283	5.687465611994791	9.70342752175937e-10	1.3280110906279875e-05
/work/LAS/jernigan-lab/Ben/ProjectHIV/ProtGOs01/gagB62BlastOutUNI.tsv	GO:0003743	306	195835	3300	3099283	1.4675010085020552	9.91562347447847e-10	1.3570522287171235e-05
/work/LAS/jernigan-lab/Ben/ProjectHIV/ProtGOs01/gagB62BlastOutUNI.tsv	GO:0030027	95	195835	728	3099283	2.065204904498825	1.3592991793058864e-09	1.860336856798036e-05
/work/LAS/jernigan-lab/Ben/ProjectHIV/ProtGOs01/gagB62BlastOutUNI.tsv	GO:0003910	40	195835	193	3099283	3.279998190292108	1.6441467305432644e-09	2.2501792154215115e-05
/work/LAS/jernigan-lab/Ben/ProjectHIV/ProtGOs01/gagB62BlastOutUNI.tsv	GO:0043560	20	195835	49	3099283	6.459588272718131	2.034083275069251e-09	2.783846370259777e-05
/work/LAS/jernigan-lab/Ben/ProjectHIV/ProtGOs01/gagB62BlastOutUNI.tsv	GO:0016529	38	195835	178	3099283	3.378582405562123	2.042703871166409e-09	2.7956445180783474e-05
/work/LAS/jernigan-lab/Ben/ProjectHIV/ProtGOs01/gagB62BlastOutUNI.tsv	GO:0004047	56	195835	337	3099283	2.6298383116229305	2.5750773017895574e-09	3.524250795229188e-05
/work/LAS/jernigan-lab/Ben/ProjectHIV/ProtGOs01/gagB62BlastOutUNI.tsv	GO:0008408	94	195835	732	3099283	2.032299425146155	2.600552731427463e-09	3.559116468231626e-05
/work/LAS/jernigan-lab/Ben/ProjectHIV/ProtGOs01/gagB62BlastOutUNI.tsv	GO:0004329	53	195835	313	3099283	2.679800438378432	2.7204527310046547e-09	3.723211607652971e-05
/work/LAS/jernigan-lab/Ben/ProjectHIV/ProtGOs01/gagB62BlastOutUNI.tsv	GO:0005912	77	195835	549	3099283	2.2196745494504104	2.7645686465976735e-09	3.783588649733576e-05
/work/LAS/jernigan-lab/Ben/ProjectHIV/ProtGOs01/gagB62BlastOutUNI.tsv	GO:0015278	18	195835	39	3099283	7.304303662227425	2.794452338564575e-09	3.8244874705594775e-05
/work/LAS/jernigan-lab/Ben/ProjectHIV/ProtGOs01/gagB62BlastOutUNI.tsv	GO:2000767	18	195835	39	3099283	7.304303662227425	2.794452338564575e-09	3.8244874705594775e-05
/work/LAS/jernigan-lab/Ben/ProjectHIV/ProtGOs01/gagB62BlastOutUNI.tsv	GO:0090063	16	195835	29	3099283	8.731581389329335	2.9682458030167648e-09	4.062341206008744e-05
/work/LAS/jernigan-lab/Ben/ProjectHIV/ProtGOs01/gagB62BlastOutUNI.tsv	GO:0070062	230	195835	2356	3099283	1.5449821696420487	2.9963534320015774e-09	4.100809307037359e-05
/work/LAS/jernigan-lab/Ben/ProjectHIV/ProtGOs01/gagB62BlastOutUNI.tsv	GO:0006101	27	195835	96	3099283	4.451060044169837	3.1636805750856646e-09	4.329813235062241e-05
/work/LAS/jernigan-lab/Ben/ProjectHIV/ProtGOs01/gagB62BlastOutUNI.tsv	GO:0000034	43	195835	225	3099283	3.0245227756926893	3.505500146826355e-09	4.797627500946549e-05
/work/LAS/jernigan-lab/Ben/ProjectHIV/ProtGOs01/gagB62BlastOutUNI.tsv	GO:0005496	46	195835	252	3099283	2.888871421965608	3.6224974582307352e-09	4.9577500213345845e-05
/work/LAS/jernigan-lab/Ben/ProjectHIV/ProtGOs01/gagB62BlastOutUNI.tsv	GO:0006816	63	195835	411	3099283	2.425881873221517	4.0372750662931635e-09	5.5254146557288234e-05
/work/LAS/jernigan-lab/Ben/ProjectHIV/ProtGOs01/gagB62BlastOutUNI.tsv	GO:0007399	125	195835	1090	3099283	1.8149072555228694	4.344727051990431e-09	5.9461934433541034e-05
/work/LAS/jernigan-lab/Ben/ProjectHIV/ProtGOs01/gagB62BlastOutUNI.tsv	GO:0005216	73	195835	515	3099283	2.243295849661432	4.390527386506394e-09	6.008875781172651e-05
/work/LAS/jernigan-lab/Ben/ProjectHIV/ProtGOs01/gagB62BlastOutUNI.tsv	GO:0043025	190	195835	1870	3099283	1.6079884176204757	4.7504977172937155e-09	6.501531175888179e-05
/work/LAS/jernigan-lab/Ben/ProjectHIV/ProtGOs01/gagB62BlastOutUNI.tsv	GO:0045131	13	195835	17	3099283	12.10222861682779	5.280503371032733e-09	7.226896913595399e-05
/work/LAS/jernigan-lab/Ben/ProjectHIV/ProtGOs01/gagB62BlastOutUNI.tsv	GO:0046834	17	195835	36	3099283	7.473384765519726	5.860396483877209e-09	8.020538627834348e-05
/work/LAS/jernigan-lab/Ben/ProjectHIV/ProtGOs01/gagB62BlastOutUNI.tsv	GO:0005871	45	195835	249	3099283	2.8601189038842327	6.925674896191888e-09	9.478478662928219e-05
/work/LAS/jernigan-lab/Ben/ProjectHIV/ProtGOs01/gagB62BlastOutUNI.tsv	GO:0006146	42	195835	223	3099283	2.980679969787873	7.639453599882772e-09	0.00010455356196799563
/work/LAS/jernigan-lab/Ben/ProjectHIV/ProtGOs01/gagB62BlastOutUNI.tsv	GO:0004698	26	195835	94	3099283	4.377401840129202	8.192574461125751e-09	0.00011212357407496703
/work/LAS/jernigan-lab/Ben/ProjectHIV/ProtGOs01/gagB62BlastOutUNI.tsv	GO:0004713	61	195835	400	3099283	2.4134636683943116	8.359041084787752e-09	0.00011440183628640517
/work/LAS/jernigan-lab/Ben/ProjectHIV/ProtGOs01/gagB62BlastOutUNI.tsv	GO:0032436	53	195835	322	3099283	2.604899183889594	8.534377681096362e-09	0.00011680149294348481
/work/LAS/jernigan-lab/Ben/ProjectHIV/ProtGOs01/gagB62BlastOutUNI.tsv	GO:0001837	32	195835	140	3099283	3.6173694327221533	9.065624524546829e-09	0.0001240721372429479
/work/LAS/jernigan-lab/Ben/ProjectHIV/ProtGOs01/gagB62BlastOutUNI.tsv	GO:0005813	180	195835	1770	3099283	1.6094228408297715	1.0207266280602218e-08	0.00013969664631632197
/work/LAS/jernigan-lab/Ben/ProjectHIV/ProtGOs01/gagB62BlastOutUNI.tsv	GO:0017154	22	195835	68	3099283	5.120173645580989	1.0829687443577687e-08	0.00014821510235280423
/work/LAS/jernigan-lab/Ben/ProjectHIV/ProtGOs01/gagB62BlastOutUNI.tsv	GO:0039644	29	195835	118	3099283	3.8894385320052813	1.120847873050966e-08	0.00015339923990575523
/work/LAS/jernigan-lab/Ben/ProjectHIV/ProtGOs01/gagB62BlastOutUNI.tsv	GO:0032991	247	195835	2622	3099283	1.4908542498990758	1.1712712768922707e-08	0.00016030018695547616
/work/LAS/jernigan-lab/Ben/ProjectHIV/ProtGOs01/gagB62BlastOutUNI.tsv	GO:1990961	38	195835	192	3099283	3.132227438489885	1.2155108326888942e-08	0.00016635481256180206
/work/LAS/jernigan-lab/Ben/ProjectHIV/ProtGOs01/gagB62BlastOutUNI.tsv	GO:0034685	11	195835	11	3099283	15.82599126815942	1.2466345708389155e-08	0.00017061440736501398
/work/LAS/jernigan-lab/Ben/ProjectHIV/ProtGOs01/gagB62BlastOutUNI.tsv	GO:0102483	41	195835	219	3099283	2.9628568127604393	1.3227227289140632e-08	0.0001810278326791787
/work/LAS/jernigan-lab/Ben/ProjectHIV/ProtGOs01/gagB62BlastOutUNI.tsv	GO:0006265	78	195835	584	3099283	2.113745409103484	1.3715939224872898e-08	0.0001877163442316105
/work/LAS/jernigan-lab/Ben/ProjectHIV/ProtGOs01/gagB62BlastOutUNI.tsv	GO:0005089	33	195835	151	3099283	3.4586603433725887	1.3787031270000544e-08	0.00018868930996122744
/work/LAS/jernigan-lab/Ben/ProjectHIV/ProtGOs01/gagB62BlastOutUNI.tsv	GO:0042802	585	195835	7187	3099283	1.2881876849691472	1.3985691957842192e-08	0.00019140818013502824
/work/LAS/jernigan-lab/Ben/ProjectHIV/ProtGOs01/gagB62BlastOutUNI.tsv	GO:0004096	72	195835	520	3099283	2.1912910986682275	1.4541784914789236e-08	0.0001990188683438055
/work/LAS/jernigan-lab/Ben/ProjectHIV/ProtGOs01/gagB62BlastOutUNI.tsv	GO:0009228	238	195835	2512	3099283	1.4994370707889897	1.4579331580709388e-08	0.00019953273201358867
/work/LAS/jernigan-lab/Ben/ProjectHIV/ProtGOs01/gagB62BlastOutUNI.tsv	GO:0030426	80	195835	605	3099283	2.0926930602524854	1.4802999866193362e-08	0.00020259385616872236
/work/LAS/jernigan-lab/Ben/ProjectHIV/ProtGOs01/gagB62BlastOutUNI.tsv	GO:0042393	101	195835	836	3099283	1.9119917680431835	1.517242539499153e-08	0.00020764981395585407
/work/LAS/jernigan-lab/Ben/ProjectHIV/ProtGOs01/gagB62BlastOutUNI.tsv	GO:0006423	92	195835	737	3099283	1.9755647173279058	1.571845864870211e-08	0.0002151228250661371
/work/LAS/jernigan-lab/Ben/ProjectHIV/ProtGOs01/gagB62BlastOutUNI.tsv	GO:0043034	20	195835	57	3099283	5.552979392336638	1.6315022241343342e-08	0.00022328739439502499
/work/LAS/jernigan-lab/Ben/ProjectHIV/ProtGOs01/gagB62BlastOutUNI.tsv	GO:0005222	16	195835	34	3099283	7.447525302663257	1.6983733908995964e-08	0.00023243938227851876
/work/LAS/jernigan-lab/Ben/ProjectHIV/ProtGOs01/gagB62BlastOutUNI.tsv	GO:0007009	25	195835	91	3099283	4.347799798944895	1.7593474245000968e-08	0.00024078428851708323
/work/LAS/jernigan-lab/Ben/ProjectHIV/ProtGOs01/gagB62BlastOutUNI.tsv	GO:0031054	23	195835	77	3099283	4.727244145034632	1.7637888339396662e-08	0.00024139213981298272
/work/LAS/jernigan-lab/Ben/ProjectHIV/ProtGOs01/gagB62BlastOutUNI.tsv	GO:0004817	92	195835	741	3099283	1.9649004003652721	1.769096712220588e-08	0.00024211857603450966
/work/LAS/jernigan-lab/Ben/ProjectHIV/ProtGOs01/gagB62BlastOutUNI.tsv	GO:0048747	24	195835	84	3099283	4.521711790902692	1.7897526454305122e-08	0.0002449455470536199
/work/LAS/jernigan-lab/Ben/ProjectHIV/ProtGOs01/gagB62BlastOutUNI.tsv	GO:0016358	34	195835	162	3099283	3.321504340230989	1.9966762464045825e-08	0.0002732651110829312
/work/LAS/jernigan-lab/Ben/ProjectHIV/ProtGOs01/gagB62BlastOutUNI.tsv	GO:0019079	48	195835	287	3099283	2.6468556824796243	2.0522926807000656e-08	0.00028087677628061097
/work/LAS/jernigan-lab/Ben/ProjectHIV/ProtGOs01/gagB62BlastOutUNI.tsv	GO:1901388	13	195835	20	3099283	10.286894324303622	2.1335994921011244e-08	0.0002920044264889599
/work/LAS/jernigan-lab/Ben/ProjectHIV/ProtGOs01/gagB62BlastOutUNI.tsv	GO:0039690	21	195835	65	3099283	5.113012563559197	2.3615433326663725e-08	0.0003232008205087197
/work/LAS/jernigan-lab/Ben/ProjectHIV/ProtGOs01/gagB62BlastOutUNI.tsv	GO:1990511	15	195835	30	3099283	7.91299563407971	2.5347253219293167e-08	0.00034690250755924627
/work/LAS/jernigan-lab/Ben/ProjectHIV/ProtGOs01/gagB62BlastOutUNI.tsv	GO:0007160	50	195835	305	3099283	2.5944247980589212	2.586713237675312e-08	0.0003540175737082432
/work/LAS/jernigan-lab/Ben/ProjectHIV/ProtGOs01/gagB62BlastOutUNI.tsv	GO:0044331	17	195835	41	3099283	6.561996379480735	2.6905254439585966e-08	0.0003682253122601735
/work/LAS/jernigan-lab/Ben/ProjectHIV/ProtGOs01/gagB62BlastOutUNI.tsv	GO:0010923	32	195835	148	3099283	3.421835949872307	2.8089403072128644e-08	0.0003844315704451526
/work/LAS/jernigan-lab/Ben/ProjectHIV/ProtGOs01/gagB62BlastOutUNI.tsv	GO:0045944	420	195835	4955	3099283	1.3414563738904048	2.8380243230409043e-08	0.00038841200885137816
/work/LAS/jernigan-lab/Ben/ProjectHIV/ProtGOs01/gagB62BlastOutUNI.tsv	GO:0033973	25	195835	94	3099283	4.2090402308934625	3.01782135755643e-08	0.000413019030995173
/work/LAS/jernigan-lab/Ben/ProjectHIV/ProtGOs01/gagB62BlastOutUNI.tsv	GO:0007528	31	195835	141	3099283	3.479473257538596	3.300453187399372e-08	0.000451700023227478
/work/LAS/jernigan-lab/Ben/ProjectHIV/ProtGOs01/gagB62BlastOutUNI.tsv	GO:0051491	30	195835	133	3099283	3.569772466502125	3.3349059627095296e-08	0.0004564152300564262
/work/LAS/jernigan-lab/Ben/ProjectHIV/ProtGOs01/gagB62BlastOutUNI.tsv	GO:0030898	32	195835	150	3099283	3.3762114705406763	3.681604371128643e-08	0.000503864374232666
/work/LAS/jernigan-lab/Ben/ProjectHIV/ProtGOs01/gagB62BlastOutUNI.tsv	GO:0003779	162	195835	1579	3099283	1.6236925810271223	3.6885060710269494e-08	0.0005048089408807482
/work/LAS/jernigan-lab/Ben/ProjectHIV/ProtGOs01/gagB62BlastOutUNI.tsv	GO:0030424	179	195835	1793	3099283	1.5799511639712973	3.743152555808339e-08	0.0005122878587879293
/work/LAS/jernigan-lab/Ben/ProjectHIV/ProtGOs01/gagB62BlastOutUNI.tsv	GO:0005899	12	195835	17	3099283	11.171287953994884	3.874029899154848e-08	0.0005301997319983325
/work/LAS/jernigan-lab/Ben/ProjectHIV/ProtGOs01/gagB62BlastOutUNI.tsv	GO:0005219	11	195835	13	3099283	13.391223380750278	3.9457931890641766e-08	0.0005400212558553233
/work/LAS/jernigan-lab/Ben/ProjectHIV/ProtGOs01/gagB62BlastOutUNI.tsv	GO:0043410	69	195835	503	3099283	2.170961028833002	3.970532921167268e-08	0.0005434071355909523
/work/LAS/jernigan-lab/Ben/ProjectHIV/ProtGOs01/gagB62BlastOutUNI.tsv	GO:0006607	25	195835	96	3099283	4.121351892749849	4.2766166598962746e-08	0.0005852977560734041
/work/LAS/jernigan-lab/Ben/ProjectHIV/ProtGOs01/gagB62BlastOutUNI.tsv	GO:0005547	30	195835	135	3099283	3.516886948479871	4.437119867850714e-08	0.0006072642251140487
/work/LAS/jernigan-lab/Ben/ProjectHIV/ProtGOs01/gagB62BlastOutUNI.tsv	GO:0007605	69	195835	506	3099283	2.1580897183853756	4.4597318971716456e-08	0.0006103589074469114
/work/LAS/jernigan-lab/Ben/ProjectHIV/ProtGOs01/gagB62BlastOutUNI.tsv	GO:0060349	26	195835	104	3099283	3.956497817039855	4.666670370047288e-08	0.0006386805068446718
/work/LAS/jernigan-lab/Ben/ProjectHIV/ProtGOs01/gagB62BlastOutUNI.tsv	GO:1904482	22	195835	75	3099283	4.64229077199343	4.671834533246621e-08	0.0006393872742201325
/work/LAS/jernigan-lab/Ben/ProjectHIV/ProtGOs01/gagB62BlastOutUNI.tsv	GO:0039645	37	195835	195	3099283	3.0028803944712745	4.834601457861477e-08	0.0006616635555229218
/work/LAS/jernigan-lab/Ben/ProjectHIV/ProtGOs01/gagB62BlastOutUNI.tsv	GO:0001727	27	195835	112	3099283	3.8151943235741457	4.9400101104603634e-08	0.0006760897837176053
/work/LAS/jernigan-lab/Ben/ProjectHIV/ProtGOs01/gagB62BlastOutUNI.tsv	GO:0004622	35	195835	178	3099283	3.111852215649324	5.119386457496343e-08	0.0007006392305729495
/work/LAS/jernigan-lab/Ben/ProjectHIV/ProtGOs01/gagB62BlastOutUNI.tsv	GO:0004125	29	195835	128	3099283	3.5855761466923686	5.149965372129522e-08	0.0007048242608296463
/work/LAS/jernigan-lab/Ben/ProjectHIV/ProtGOs01/gagB62BlastOutUNI.tsv	GO:0030983	134	195835	1247	3099283	1.7006277705961206	5.1984664925761554e-08	0.0007114621241739726
/work/LAS/jernigan-lab/Ben/ProjectHIV/ProtGOs01/gagB62BlastOutUNI.tsv	GO:0005178	71	195835	529	3099283	2.1240933460100546	5.2771260164770083e-08	0.0007222274666150434
/work/LAS/jernigan-lab/Ben/ProjectHIV/ProtGOs01/gagB62BlastOutUNI.tsv	GO:0050839	43	195835	246	3099283	2.7663318070359963	5.4410870374047825e-08	0.0007446671719392186
/work/LAS/jernigan-lab/Ben/ProjectHIV/ProtGOs01/gagB62BlastOutUNI.tsv	GO:0006261	95	195835	797	3099283	1.8864105024782245	5.710939179461083e-08	0.0007815991361010437
/work/LAS/jernigan-lab/Ben/ProjectHIV/ProtGOs01/gagB62BlastOutUNI.tsv	GO:0098855	10	195835	10	3099283	15.82599126815942	5.8373381512599e-08	0.00079889809938143
/work/LAS/jernigan-lab/Ben/ProjectHIV/ProtGOs01/gagB62BlastOutUNI.tsv	GO:0006544	25	195835	98	3099283	4.037242670448832	6.009203776452889e-08	0.0008224196288453423
/work/LAS/jernigan-lab/Ben/ProjectHIV/ProtGOs01/gagB62BlastOutUNI.tsv	GO:0000146	32	195835	154	3099283	3.2885176661110482	6.237834066940796e-08	0.0008537099704015174
/work/LAS/jernigan-lab/Ben/ProjectHIV/ProtGOs01/gagB62BlastOutUNI.tsv	GO:0008307	27	195835	114	3099283	3.748261089827231	6.736126516760079e-08	0.0009219062750837844
/work/LAS/jernigan-lab/Ben/ProjectHIV/ProtGOs01/gagB62BlastOutUNI.tsv	GO:0031581	15	195835	33	3099283	7.193632394617918	6.774993973979209e-08	0.0009272256752787945
/work/LAS/jernigan-lab/Ben/ProjectHIV/ProtGOs01/gagB62BlastOutUNI.tsv	GO:0005009	13	195835	23	3099283	8.945125499394456	7.263374841159234e-08	0.0009940654807610529
/work/LAS/jernigan-lab/Ben/ProjectHIV/ProtGOs01/gagB62BlastOutUNI.tsv	GO:0006643	13	195835	23	3099283	8.945125499394456	7.263374841159234e-08	0.0009940654807610529
/work/LAS/jernigan-lab/Ben/ProjectHIV/ProtGOs01/gagB62BlastOutUNI.tsv	GO:0000981	352	195835	4081	3099283	1.365045068951756	7.457137979588783e-08	0.0010205839038865208
/work/LAS/jernigan-lab/Ben/ProjectHIV/ProtGOs01/gagB62BlastOutUNI.tsv	GO:0004672	157	195835	1537	3099283	1.6165781581659264	7.708285978881745e-08	0.0010549560190697557
/work/LAS/jernigan-lab/Ben/ProjectHIV/ProtGOs01/gagB62BlastOutUNI.tsv	GO:0044162	28	195835	123	3099283	3.6026646789305996	7.952796252436028e-08	0.0010884196951083946
/work/LAS/jernigan-lab/Ben/ProjectHIV/ProtGOs01/gagB62BlastOutUNI.tsv	GO:0042383	64	195835	460	3099283	2.201877046004789	7.964275765898212e-08	0.0010899907813208293
/work/LAS/jernigan-lab/Ben/ProjectHIV/ProtGOs01/gagB62BlastOutUNI.tsv	GO:0051402	35	195835	182	3099283	3.043459859261427	8.221442301145641e-08	0.0011251865933347923
/work/LAS/jernigan-lab/Ben/ProjectHIV/ProtGOs01/gagB62BlastOutUNI.tsv	GO:0075732	80	195835	636	3099283	1.990690725554644	8.554683456499799e-08	0.0011707939778565625
/work/LAS/jernigan-lab/Ben/ProjectHIV/ProtGOs01/gagB62BlastOutUNI.tsv	GO:0050918	26	195835	108	3099283	3.809960860853194	8.856957320026293e-08	0.0012121631788187986
/work/LAS/jernigan-lab/Ben/ProjectHIV/ProtGOs01/gagB62BlastOutUNI.tsv	GO:0045893	289	195835	3246	3099283	1.4090300297283032	8.880905069409486e-08	0.0012154406677993821
/work/LAS/jernigan-lab/Ben/ProjectHIV/ProtGOs01/gagB62BlastOutUNI.tsv	GO:0045177	55	195835	373	3099283	2.333591205760772	1.0004250590303904e-07	0.0013691817357889924
/work/LAS/jernigan-lab/Ben/ProjectHIV/ProtGOs01/gagB62BlastOutUNI.tsv	GO:0035327	27	195835	117	3099283	3.6521518311137124	1.0593954906913834e-07	0.0014498886685602272
/work/LAS/jernigan-lab/Ben/ProjectHIV/ProtGOs01/gagB62BlastOutUNI.tsv	GO:0097362	11	195835	15	3099283	11.605726929983575	1.0925798506066162e-07	0.001495304783540215
/work/LAS/jernigan-lab/Ben/ProjectHIV/ProtGOs01/gagB62BlastOutUNI.tsv	GO:0034056	11	195835	15	3099283	11.605726929983575	1.0925798506066162e-07	0.001495304783540215
/work/LAS/jernigan-lab/Ben/ProjectHIV/ProtGOs01/gagB62BlastOutUNI.tsv	GO:0030658	33	195835	167	3099283	3.127291687720125	1.0939212434894937e-07	0.0014971406138397211
/work/LAS/jernigan-lab/Ben/ProjectHIV/ProtGOs01/gagB62BlastOutUNI.tsv	GO:0004813	88	195835	729	3099283	1.910407725100177	1.1111957819122498e-07	0.001520782547125105
/work/LAS/jernigan-lab/Ben/ProjectHIV/ProtGOs01/gagB62BlastOutUNI.tsv	GO:0006419	88	195835	729	3099283	1.910407725100177	1.1111957819122498e-07	0.001520782547125105
/work/LAS/jernigan-lab/Ben/ProjectHIV/ProtGOs01/gagB62BlastOutUNI.tsv	GO:0016604	94	195835	795	3099283	1.8712492820213653	1.133029943666435e-07	0.0015506647809018829
/work/LAS/jernigan-lab/Ben/ProjectHIV/ProtGOs01/gagB62BlastOutUNI.tsv	GO:0045296	64	195835	469	3099283	2.1596235419236733	1.1860414737955172e-07	0.0016232163610365449
/work/LAS/jernigan-lab/Ben/ProjectHIV/ProtGOs01/gagB62BlastOutUNI.tsv	GO:0030628	20	195835	66	3099283	4.795754929745279	1.2060385609563269e-07	0.001650584374524829
/work/LAS/jernigan-lab/Ben/ProjectHIV/ProtGOs01/gagB62BlastOutUNI.tsv	GO:0030705	24	195835	95	3099283	3.9981451624823796	1.2751937777926302e-07	0.0017452302042869935
/work/LAS/jernigan-lab/Ben/ProjectHIV/ProtGOs01/gagB62BlastOutUNI.tsv	GO:0007420	106	195835	939	3099283	1.7865336255856215	1.324918283828914e-07	0.0018132831632482517
/work/LAS/jernigan-lab/Ben/ProjectHIV/ProtGOs01/gagB62BlastOutUNI.tsv	GO:0030054	80	195835	642	3099283	1.972086139334507	1.4282874711667378e-07	0.0019547542330387974
/work/LAS/jernigan-lab/Ben/ProjectHIV/ProtGOs01/gagB62BlastOutUNI.tsv	GO:0043559	13	195835	25	3099283	8.229515459442899	1.5207127300667205e-07	0.0020812474423693135
/work/LAS/jernigan-lab/Ben/ProjectHIV/ProtGOs01/gagB62BlastOutUNI.tsv	GO:0005925	105	195835	927	3099283	1.7925880077203227	1.5462511191382277e-07	0.0021161992816525785
/work/LAS/jernigan-lab/Ben/ProjectHIV/ProtGOs01/gagB62BlastOutUNI.tsv	GO:0071168	18	195835	54	3099283	5.275330422719807	1.576277755519665e-07	0.0021572937362042133
/work/LAS/jernigan-lab/Ben/ProjectHIV/ProtGOs01/gagB62BlastOutUNI.tsv	GO:0048856	41	195835	241	3099283	2.6923885559939262	1.6377336905035532e-07	0.002241402328823163
/work/LAS/jernigan-lab/Ben/ProjectHIV/ProtGOs01/gagB62BlastOutUNI.tsv	GO:0032922	49	195835	317	3099283	2.4462888711035067	1.7186180922853505e-07	0.0023521007211017306
/work/LAS/jernigan-lab/Ben/ProjectHIV/ProtGOs01/gagB62BlastOutUNI.tsv	GO:0070905	22	195835	83	3099283	4.194841059030208	2.0784756335667911e-07	0.0028446017520995103
/work/LAS/jernigan-lab/Ben/ProjectHIV/ProtGOs01/gagB62BlastOutUNI.tsv	GO:0008409	59	195835	424	3099283	2.202201615144825	2.1128211448698641e-07	0.002891607018868896
/work/LAS/jernigan-lab/Ben/ProjectHIV/ProtGOs01/gagB62BlastOutUNI.tsv	GO:0052724	12	195835	21	3099283	9.043423581805383	2.1168949934733425e-07	0.0028971824880676166
/work/LAS/jernigan-lab/Ben/ProjectHIV/ProtGOs01/gagB62BlastOutUNI.tsv	GO:0052723	12	195835	21	3099283	9.043423581805383	2.1168949934733425e-07	0.0028971824880676166
/work/LAS/jernigan-lab/Ben/ProjectHIV/ProtGOs01/gagB62BlastOutUNI.tsv	GO:0010863	16	195835	43	3099283	5.888740936989552	2.2647626790611112e-07	0.0030995542025630367
/work/LAS/jernigan-lab/Ben/ProjectHIV/ProtGOs01/gagB62BlastOutUNI.tsv	GO:0006909	52	195835	352	3099283	2.3379305282508236	2.328096782201549e-07	0.00318623325612104
/work/LAS/jernigan-lab/Ben/ProjectHIV/ProtGOs01/gagB62BlastOutUNI.tsv	GO:0019064	83	195835	686	3099283	1.9148065236985887	2.3948830634570795e-07	0.003277636960647359
/work/LAS/jernigan-lab/Ben/ProjectHIV/ProtGOs01/gagB62BlastOutUNI.tsv	GO:0004825	66	195835	499	3099283	2.0932172819609653	2.560507473197473e-07	0.0035043105278180615
/work/LAS/jernigan-lab/Ben/ProjectHIV/ProtGOs01/gagB62BlastOutUNI.tsv	GO:0006431	66	195835	500	3099283	2.0890308473970434	2.6481733091930515e-07	0.0036242899909616102
/work/LAS/jernigan-lab/Ben/ProjectHIV/ProtGOs01/gagB62BlastOutUNI.tsv	GO:0045943	22	195835	85	3099283	4.096138916464791	2.9410847889086104e-07	0.004025168642100324
/work/LAS/jernigan-lab/Ben/ProjectHIV/ProtGOs01/gagB62BlastOutUNI.tsv	GO:0017134	22	195835	85	3099283	4.096138916464791	2.9410847889086104e-07	0.004025168642100324
/work/LAS/jernigan-lab/Ben/ProjectHIV/ProtGOs01/gagB62BlastOutUNI.tsv	GO:0016607	156	195835	1567	3099283	1.5755294434159983	3.1005242773959785e-07	0.004243377526044136
/work/LAS/jernigan-lab/Ben/ProjectHIV/ProtGOs01/gagB62BlastOutUNI.tsv	GO:0060976	24	195835	101	3099283	3.7606315884735255	3.331855799834118e-07	0.004559977847652974
/work/LAS/jernigan-lab/Ben/ProjectHIV/ProtGOs01/gagB62BlastOutUNI.tsv	GO:0031624	33	195835	177	3099283	2.9506085415212477	3.5047291198592106e-07	0.004796572273439315
/work/LAS/jernigan-lab/Ben/ProjectHIV/ProtGOs01/gagB62BlastOutUNI.tsv	GO:0102265	14	195835	33	3099283	6.71405690164339	3.596738501004653e-07	0.004922496312474968
/work/LAS/jernigan-lab/Ben/ProjectHIV/ProtGOs01/gagB62BlastOutUNI.tsv	GO:0071438	14	195835	33	3099283	6.71405690164339	3.596738501004653e-07	0.004922496312474968
/work/LAS/jernigan-lab/Ben/ProjectHIV/ProtGOs01/gagB62BlastOutUNI.tsv	GO:0000123	27	195835	126	3099283	3.3912838431770185	3.792939954771713e-07	0.005191017622100566
/work/LAS/jernigan-lab/Ben/ProjectHIV/ProtGOs01/gagB62BlastOutUNI.tsv	GO:0030127	36	195835	205	3099283	2.7791984666036056	3.8048914588654297e-07	0.005207374450603227
/work/LAS/jernigan-lab/Ben/ProjectHIV/ProtGOs01/gagB62BlastOutUNI.tsv	GO:0050071	15	195835	39	3099283	6.086919718522854	3.814424543819348e-07	0.00522042143067116
/work/LAS/jernigan-lab/Ben/ProjectHIV/ProtGOs01/gagB62BlastOutUNI.tsv	GO:0031123	15	195835	39	3099283	6.086919718522854	3.814424543819348e-07	0.00522042143067116
/work/LAS/jernigan-lab/Ben/ProjectHIV/ProtGOs01/gagB62BlastOutUNI.tsv	GO:0008422	44	195835	280	3099283	2.48694148499648	3.9001257480412216e-07	0.0053377120987692156
/work/LAS/jernigan-lab/Ben/ProjectHIV/ProtGOs01/gagB62BlastOutUNI.tsv	GO:2001205	11	195835	18	3099283	9.671439108319646	4.1405020186306047e-07	0.005666691062697846
/work/LAS/jernigan-lab/Ben/ProjectHIV/ProtGOs01/gagB62BlastOutUNI.tsv	GO:0005096	124	195835	1181	3099283	1.661662080653487	4.1715806482771036e-07	0.005709225275232044
/work/LAS/jernigan-lab/Ben/ProjectHIV/ProtGOs01/gagB62BlastOutUNI.tsv	GO:0032880	50	195835	339	3099283	2.3342170012034544	4.381341732697721e-07	0.005996304295370102
/work/LAS/jernigan-lab/Ben/ProjectHIV/ProtGOs01/gagB62BlastOutUNI.tsv	GO:0000827	12	195835	23	3099283	8.257038922517959	4.4513138121297717e-07	0.006092068083280806
/work/LAS/jernigan-lab/Ben/ProjectHIV/ProtGOs01/gagB62BlastOutUNI.tsv	GO:0070330	39	195835	235	3099283	2.6264411040775206	5.087180560367467e-07	0.006962315314918915
/work/LAS/jernigan-lab/Ben/ProjectHIV/ProtGOs01/gagB62BlastOutUNI.tsv	GO:0001514	30	195835	154	3099283	3.0829853119791077	5.223778990657532e-07	0.007149263926613899
/work/LAS/jernigan-lab/Ben/ProjectHIV/ProtGOs01/gagB62BlastOutUNI.tsv	GO:0000956	25	195835	112	3099283	3.532587336642728	5.247273952957724e-07	0.0071814191320179405
/work/LAS/jernigan-lab/Ben/ProjectHIV/ProtGOs01/gagB62BlastOutUNI.tsv	GO:0034511	24	195835	104	3099283	3.6521518311137124	5.248561894829758e-07	0.007183181809264007
/work/LAS/jernigan-lab/Ben/ProjectHIV/ProtGOs01/gagB62BlastOutUNI.tsv	GO:0033785	35	195835	199	3099283	2.7834658009325612	5.298750397428189e-07	0.007251869793920219
/work/LAS/jernigan-lab/Ben/ProjectHIV/ProtGOs01/gagB62BlastOutUNI.tsv	GO:0033786	35	195835	199	3099283	2.7834658009325612	5.298750397428189e-07	0.007251869793920219
/work/LAS/jernigan-lab/Ben/ProjectHIV/ProtGOs01/gagB62BlastOutUNI.tsv	GO:0061630	126	195835	1206	3099283	1.6534617742853126	5.309717578620158e-07	0.007266879478099548
/work/LAS/jernigan-lab/Ben/ProjectHIV/ProtGOs01/gagB62BlastOutUNI.tsv	GO:0046339	17	195835	53	3099283	5.0762613501643425	5.401702553746339e-07	0.00739277011505724
/work/LAS/jernigan-lab/Ben/ProjectHIV/ProtGOs01/gagB62BlastOutUNI.tsv	GO:0045862	20	195835	74	3099283	4.2772949373403835	5.619145492809271e-07	0.007690362521458768
/work/LAS/jernigan-lab/Ben/ProjectHIV/ProtGOs01/gagB62BlastOutUNI.tsv	GO:0006511	161	195835	1643	3099283	1.5508122910369242	5.661383489399539e-07	0.007748169443592209
/work/LAS/jernigan-lab/Ben/ProjectHIV/ProtGOs01/gagB62BlastOutUNI.tsv	GO:0001223	19	195835	67	3099283	4.487967673060134	5.787572491856677e-07	0.007920871712355048
/work/LAS/jernigan-lab/Ben/ProjectHIV/ProtGOs01/gagB62BlastOutUNI.tsv	GO:0051897	63	195835	479	3099283	2.0814978077119903	6.21396182237342e-07	0.008504428150100263
/work/LAS/jernigan-lab/Ben/ProjectHIV/ProtGOs01/gagB62BlastOutUNI.tsv	GO:0030056	14	195835	35	3099283	6.330396507263768	6.349309513487406e-07	0.008689665000158863
/work/LAS/jernigan-lab/Ben/ProjectHIV/ProtGOs01/gagB62BlastOutUNI.tsv	GO:0097264	15	195835	41	3099283	5.789996805424178	6.395370472510161e-07	0.008752704028677406
/work/LAS/jernigan-lab/Ben/ProjectHIV/ProtGOs01/gagB62BlastOutUNI.tsv	GO:0008542	34	195835	192	3099283	2.8025192870698974	6.654508041547987e-07	0.009107359705662576
/work/LAS/jernigan-lab/Ben/ProjectHIV/ProtGOs01/gagB62BlastOutUNI.tsv	GO:0035097	28	195835	139	3099283	3.1879694640896674	6.88383838729591e-07	0.009421221216853182
/work/LAS/jernigan-lab/Ben/ProjectHIV/ProtGOs01/gagB62BlastOutUNI.tsv	GO:1905887	13	195835	30	3099283	6.857929549535749	7.753599986919158e-07	0.010611576942097559
/work/LAS/jernigan-lab/Ben/ProjectHIV/ProtGOs01/gagB62BlastOutUNI.tsv	GO:0051959	22	195835	91	3099283	3.8260638230715083	7.881671328934311e-07	0.010786855380779498
/work/LAS/jernigan-lab/Ben/ProjectHIV/ProtGOs01/gagB62BlastOutUNI.tsv	GO:0051056	33	195835	185	3099283	2.823014658644653	8.347260261585582e-07	0.011424060394006027
/work/LAS/jernigan-lab/Ben/ProjectHIV/ProtGOs01/gagB62BlastOutUNI.tsv	GO:0048471	265	195835	3013	3099283	1.3919308616203938	8.390599199782656e-07	0.011483374064822542
/work/LAS/jernigan-lab/Ben/ProjectHIV/ProtGOs01/gagB62BlastOutUNI.tsv	GO:0003684	223	195835	2457	3099283	1.436384229873647	8.756550923547712e-07	0.011984215593967397
/work/LAS/jernigan-lab/Ben/ProjectHIV/ProtGOs01/gagB62BlastOutUNI.tsv	GO:0010529	21	195835	84	3099283	3.956497817039855	8.757494590915118e-07	0.011985507097126431
/work/LAS/jernigan-lab/Ben/ProjectHIV/ProtGOs01/gagB62BlastOutUNI.tsv	GO:0000832	12	195835	25	3099283	7.596475808716521	8.836380922269073e-07	0.012093470930217454
/work/LAS/jernigan-lab/Ben/ProjectHIV/ProtGOs01/gagB62BlastOutUNI.tsv	GO:0006468	187	195835	1990	3099283	1.4871660136411113	8.933412884451466e-07	0.012226268873660276
/work/LAS/jernigan-lab/Ben/ProjectHIV/ProtGOs01/gagB62BlastOutUNI.tsv	GO:0005044	30	195835	159	3099283	2.986036088331966	9.351420491472508e-07	0.012798354084629274
/work/LAS/jernigan-lab/Ben/ProjectHIV/ProtGOs01/gagB62BlastOutUNI.tsv	GO:0090502	24	195835	108	3099283	3.516886948479871	9.384859351263325e-07	0.012844118508138987
/work/LAS/jernigan-lab/Ben/ProjectHIV/ProtGOs01/gagB62BlastOutUNI.tsv	GO:0046486	16	195835	49	3099283	5.167670618174505	9.506591008803192e-07	0.013010720454648048
/work/LAS/jernigan-lab/Ben/ProjectHIV/ProtGOs01/gagB62BlastOutUNI.tsv	GO:0005643	60	195835	457	3099283	2.0778106697802303	9.534434714769517e-07	0.013048827350633561
/work/LAS/jernigan-lab/Ben/ProjectHIV/ProtGOs01/gagB62BlastOutUNI.tsv	GO:0006338	80	195835	678	3099283	1.8673736009627635	1.0099294173548235e-06	0.013821894005918114
/work/LAS/jernigan-lab/Ben/ProjectHIV/ProtGOs01/gagB62BlastOutUNI.tsv	GO:0030239	19	195835	70	3099283	4.295626201357557	1.01079332350682e-06	0.013833717425514338
/work/LAS/jernigan-lab/Ben/ProjectHIV/ProtGOs01/gagB62BlastOutUNI.tsv	GO:0016486	17	195835	56	3099283	4.804318777834109	1.0212475117655451e-06	0.01397679344602325
/work/LAS/jernigan-lab/Ben/ProjectHIV/ProtGOs01/gagB62BlastOutUNI.tsv	GO:0016572	18	195835	63	3099283	4.521711790902692	1.0376184130548285e-06	0.014200845601068383
/work/LAS/jernigan-lab/Ben/ProjectHIV/ProtGOs01/gagB62BlastOutUNI.tsv	GO:0050681	22	195835	93	3099283	3.7437828806398628	1.0759567585067938e-06	0.014725544196923979
/work/LAS/jernigan-lab/Ben/ProjectHIV/ProtGOs01/gagB62BlastOutUNI.tsv	GO:0098978	116	195835	1106	3099283	1.6598688852680765	1.1169269753086414e-06	0.015286262584074067
/work/LAS/jernigan-lab/Ben/ProjectHIV/ProtGOs01/gagB62BlastOutUNI.tsv	GO:0001843	41	195835	263	3099283	2.467169741424092	1.1579421575444479e-06	0.015847596368153315
/work/LAS/jernigan-lab/Ben/ProjectHIV/ProtGOs01/gagB62BlastOutUNI.tsv	GO:0005905	42	195835	274	3099283	2.425881873221517	1.1724681761601373e-06	0.01604639945892764
/work/LAS/jernigan-lab/Ben/ProjectHIV/ProtGOs01/gagB62BlastOutUNI.tsv	GO:0051425	10	195835	16	3099283	9.891244542599637	1.205146886428309e-06	0.016493640287657835
/work/LAS/jernigan-lab/Ben/ProjectHIV/ProtGOs01/gagB62BlastOutUNI.tsv	GO:0043139	22	195835	94	3099283	3.703955403186247	1.2532978658250255e-06	0.017152634591681298
/work/LAS/jernigan-lab/Ben/ProjectHIV/ProtGOs01/gagB62BlastOutUNI.tsv	GO:0009420	22	195835	94	3099283	3.703955403186247	1.2532978658250255e-06	0.017152634591681298
/work/LAS/jernigan-lab/Ben/ProjectHIV/ProtGOs01/gagB62BlastOutUNI.tsv	GO:0007276	23	195835	102	3099283	3.5686058741928104	1.261946170968943e-06	0.017270995295880952
/work/LAS/jernigan-lab/Ben/ProjectHIV/ProtGOs01/gagB62BlastOutUNI.tsv	GO:0090556	8	195835	8	3099283	15.82599126815942	1.2993048684305819e-06	0.017782286429340943
/work/LAS/jernigan-lab/Ben/ProjectHIV/ProtGOs01/gagB62BlastOutUNI.tsv	GO:0002068	8	195835	8	3099283	15.82599126815942	1.2993048684305819e-06	0.017782286429340943
/work/LAS/jernigan-lab/Ben/ProjectHIV/ProtGOs01/gagB62BlastOutUNI.tsv	GO:0006298	149	195835	1519	3099283	1.552384923604841	1.3126417612744163e-06	0.017964815144801662
/work/LAS/jernigan-lab/Ben/ProjectHIV/ProtGOs01/gagB62BlastOutUNI.tsv	GO:0039724	13	195835	32	3099283	6.429308952689764	1.3831176014002304e-06	0.018929347492763555
/work/LAS/jernigan-lab/Ben/ProjectHIV/ProtGOs01/gagB62BlastOutUNI.tsv	GO:0010710	9	195835	12	3099283	11.869493451119565	1.4091546814760338e-06	0.019285690970681
/work/LAS/jernigan-lab/Ben/ProjectHIV/ProtGOs01/gagB62BlastOutUNI.tsv	GO:0004534	21	195835	87	3099283	3.820066857831584	1.4190168833203653e-06	0.01942066506512252
/work/LAS/jernigan-lab/Ben/ProjectHIV/ProtGOs01/gagB62BlastOutUNI.tsv	GO:0003994	21	195835	87	3099283	3.820066857831584	1.4190168833203653e-06	0.01942066506512252
/work/LAS/jernigan-lab/Ben/ProjectHIV/ProtGOs01/gagB62BlastOutUNI.tsv	GO:0004553	72	195835	591	3099283	1.9280395453595232	1.4263669357303654e-06	0.01952125788240578
/work/LAS/jernigan-lab/Ben/ProjectHIV/ProtGOs01/gagB62BlastOutUNI.tsv	GO:0032508	40	195835	255	3099283	2.4825084342210855	1.4410170714048875e-06	0.01972175963924729
/work/LAS/jernigan-lab/Ben/ProjectHIV/ProtGOs01/gagB62BlastOutUNI.tsv	GO:0034663	19	195835	72	3099283	4.176303251319847	1.4438998904204317e-06	0.019761213900294027
/work/LAS/jernigan-lab/Ben/ProjectHIV/ProtGOs01/gagB62BlastOutUNI.tsv	GO:0000287	1868	195835	26285	3099283	1.1247080726239984	1.5180295088460671e-06	0.020775751858067276
/work/LAS/jernigan-lab/Ben/ProjectHIV/ProtGOs01/gagB62BlastOutUNI.tsv	GO:0001227	100	195835	919	3099283	1.7220882772752362	1.5353071258423584e-06	0.02101221332427852
/work/LAS/jernigan-lab/Ben/ProjectHIV/ProtGOs01/gagB62BlastOutUNI.tsv	GO:0015562	39	195835	243	3099283	2.5399739072354626	1.543807437865009e-06	0.021128548594620513
/work/LAS/jernigan-lab/Ben/ProjectHIV/ProtGOs01/gagB62BlastOutUNI.tsv	GO:0070008	12	195835	27	3099283	7.033773896959742	1.6682461951953888e-06	0.022831617427444093
/work/LAS/jernigan-lab/Ben/ProjectHIV/ProtGOs01/gagB62BlastOutUNI.tsv	GO:0033644	98	195835	902	3099283	1.7194535967623317	1.768068855903078e-06	0.024197790361889526
/work/LAS/jernigan-lab/Ben/ProjectHIV/ProtGOs01/gagB62BlastOutUNI.tsv	GO:0071404	20	195835	81	3099283	3.9076521649776343	1.85845660624894e-06	0.025434837113122992
/work/LAS/jernigan-lab/Ben/ProjectHIV/ProtGOs01/gagB62BlastOutUNI.tsv	GO:0007275	296	195835	3472	3099283	1.3492204537370933	1.901486455512127e-06	0.02602374363013897
/work/LAS/jernigan-lab/Ben/ProjectHIV/ProtGOs01/gagB62BlastOutUNI.tsv	GO:0008948	46	195835	319	3099283	2.2821178631201673	2.0101265138692358e-06	0.02751059146881436
/work/LAS/jernigan-lab/Ben/ProjectHIV/ProtGOs01/gagB62BlastOutUNI.tsv	GO:0046653	25	195835	122	3099283	3.2430309975736518	2.0236259987865523e-06	0.027695345419392756
/work/LAS/jernigan-lab/Ben/ProjectHIV/ProtGOs01/gagB62BlastOutUNI.tsv	GO:0008203	57	195835	435	3099283	2.073750579965717	2.0840424603550315e-06	0.02852220511241896
/work/LAS/jernigan-lab/Ben/ProjectHIV/ProtGOs01/gagB62BlastOutUNI.tsv	GO:0038083	27	195835	140	3099283	3.0521554588593167	2.2179070519708465e-06	0.030354275913273006
/work/LAS/jernigan-lab/Ben/ProjectHIV/ProtGOs01/gagB62BlastOutUNI.tsv	GO:0043124	27	195835	140	3099283	3.0521554588593167	2.2179070519708465e-06	0.030354275913273006
/work/LAS/jernigan-lab/Ben/ProjectHIV/ProtGOs01/gagB62BlastOutUNI.tsv	GO:0048763	9	195835	13	3099283	10.956455493341137	2.2580769709660425e-06	0.030904041424641256
/work/LAS/jernigan-lab/Ben/ProjectHIV/ProtGOs01/gagB62BlastOutUNI.tsv	GO:0150003	9	195835	13	3099283	10.956455493341137	2.2580769709660425e-06	0.030904041424641256
/work/LAS/jernigan-lab/Ben/ProjectHIV/ProtGOs01/gagB62BlastOutUNI.tsv	GO:0006565	22	195835	98	3099283	3.552773549994972	2.2626777098029147e-06	0.03096700713636269
/work/LAS/jernigan-lab/Ben/ProjectHIV/ProtGOs01/gagB62BlastOutUNI.tsv	GO:0005041	13	195835	34	3099283	6.051114308413895	2.382109585054159e-06	0.032601551781051216
/work/LAS/jernigan-lab/Ben/ProjectHIV/ProtGOs01/gagB62BlastOutUNI.tsv	GO:0080182	19	195835	75	3099283	4.009251121267053	2.4134342955184723e-06	0.03303026176846581
/work/LAS/jernigan-lab/Ben/ProjectHIV/ProtGOs01/gagB62BlastOutUNI.tsv	GO:0019899	141	195835	1440	3099283	1.549628311673943	2.5982152746591145e-06	0.035559174248984644
/work/LAS/jernigan-lab/Ben/ProjectHIV/ProtGOs01/gagB62BlastOutUNI.tsv	GO:0004614	18	195835	68	3099283	4.189232982748082	2.6045442159480486e-06	0.03564579213946499
/work/LAS/jernigan-lab/Ben/ProjectHIV/ProtGOs01/gagB62BlastOutUNI.tsv	GO:0004666	10	195835	18	3099283	8.792217371199678	2.6669078908158955e-06	0.03649930139370634
/work/LAS/jernigan-lab/Ben/ProjectHIV/ProtGOs01/gagB62BlastOutUNI.tsv	GO:0030518	16	195835	54	3099283	4.689182597973161	2.7381599044078977e-06	0.037474456451726486
/work/LAS/jernigan-lab/Ben/ProjectHIV/ProtGOs01/gagB62BlastOutUNI.tsv	GO:0004587	16	195835	54	3099283	4.689182597973161	2.7381599044078977e-06	0.037474456451726486
/work/LAS/jernigan-lab/Ben/ProjectHIV/ProtGOs01/gagB62BlastOutUNI.tsv	GO:0050155	16	195835	54	3099283	4.689182597973161	2.7381599044078977e-06	0.037474456451726486
/work/LAS/jernigan-lab/Ben/ProjectHIV/ProtGOs01/gagB62BlastOutUNI.tsv	GO:0003279	14	195835	41	3099283	5.403997018395899	2.918033597626029e-06	0.03993620781710983
/work/LAS/jernigan-lab/Ben/ProjectHIV/ProtGOs01/gagB62BlastOutUNI.tsv	GO:0016459	46	195835	326	3099283	2.2331153323169732	2.9328971137140538e-06	0.04013962989829054
/work/LAS/jernigan-lab/Ben/ProjectHIV/ProtGOs01/gagB62BlastOutUNI.tsv	GO:0009791	45	195835	314	3099283	2.268056073462337	2.9429920963683362e-06	0.04027778983089705
/work/LAS/jernigan-lab/Ben/ProjectHIV/ProtGOs01/gagB62BlastOutUNI.tsv	GO:0035904	18	195835	69	3099283	4.128519461258979	3.1016004008454484e-06	0.042448503085970805
/work/LAS/jernigan-lab/Ben/ProjectHIV/ProtGOs01/gagB62BlastOutUNI.tsv	GO:0016322	18	195835	69	3099283	4.128519461258979	3.1016004008454484e-06	0.042448503085970805
/work/LAS/jernigan-lab/Ben/ProjectHIV/ProtGOs01/gagB62BlastOutUNI.tsv	GO:0005262	38	195835	245	3099283	2.4546435436328897	3.23447354195772e-06	0.04426700489523336
/work/LAS/jernigan-lab/Ben/ProjectHIV/ProtGOs01/gagB62BlastOutUNI.tsv	GO:0006213	17	195835	62	3099283	4.339384702559841	3.2799156727302278e-06	0.0448889258969859
/work/LAS/jernigan-lab/Ben/ProjectHIV/ProtGOs01/gagB62BlastOutUNI.tsv	GO:0016342	23	195835	109	3099283	3.3394293501620793	3.33060262295039e-06	0.045582627497699035
/work/LAS/jernigan-lab/Ben/ProjectHIV/ProtGOs01/gagB62BlastOutUNI.tsv	GO:1990404	16	195835	55	3099283	4.603924732555468	3.3395709642168454e-06	0.04570536821627175
/work/LAS/jernigan-lab/Ben/ProjectHIV/ProtGOs01/gagB62BlastOutUNI.tsv	GO:0042632	51	195835	380	3099283	2.1240146175687644	3.3627281695934177e-06	0.046022297729055514
/work/LAS/jernigan-lab/Ben/ProjectHIV/ProtGOs01/gagB62BlastOutUNI.tsv	GO:0031594	50	195835	367	3099283	2.1561296005666786	3.4507065423595605e-06	0.04722636973873295
/work/LAS/jernigan-lab/Ben/ProjectHIV/ProtGOs01/gagB62BlastOutUNI.tsv	GO:1900229	9	195835	14	3099283	10.173851529531056	3.5128108496967853e-06	0.048076329288950205