/work/LAS/jernigan-lab/Ben/ProjectHIV/ProtGOs01/gagB62BlastOutUNI.tsv	GO:0019013	198	3791	855	3099283	189.32437212789293	0.0	0.0
/work/LAS/jernigan-lab/Ben/ProjectHIV/ProtGOs01/gagB62BlastOutUNI.tsv	GO:0003964	157	3791	326	3099283	393.72183634795357	0.0	0.0
/work/LAS/jernigan-lab/Ben/ProjectHIV/ProtGOs01/gagB62BlastOutUNI.tsv	GO:0015074	145	3791	474	3099283	250.0904512909211	2.903767112255324e-277	4.0943116282800067e-275
/work/LAS/jernigan-lab/Ben/ProjectHIV/ProtGOs01/gagB62BlastOutUNI.tsv	GO:0004190	168	3791	1096	3099283	125.31589993203265	1.7749785278766184e-275	2.502719724306032e-273
/work/LAS/jernigan-lab/Ben/ProjectHIV/ProtGOs01/gagB62BlastOutUNI.tsv	GO:0075713	122	3791	203	3099283	491.32769210978034	2.5846342563889173e-263	3.6443343015083733e-261
/work/LAS/jernigan-lab/Ben/ProjectHIV/ProtGOs01/gagB62BlastOutUNI.tsv	GO:0044826	121	3791	192	3099283	515.218668941792	4.106135036974209e-263	5.789650402133634e-261
/work/LAS/jernigan-lab/Ben/ProjectHIV/ProtGOs01/gagB62BlastOutUNI.tsv	GO:0072494	113	3791	147	3099283	628.4468567696136	2.978768518310611e-253	4.200063610817962e-251
/work/LAS/jernigan-lab/Ben/ProjectHIV/ProtGOs01/gagB62BlastOutUNI.tsv	GO:0004523	162	3791	1443	3099283	91.7817075237281	2.1239067241663264e-245	2.99470848107452e-243
/work/LAS/jernigan-lab/Ben/ProjectHIV/ProtGOs01/gagB62BlastOutUNI.tsv	GO:0020002	141	3791	2048	3099283	56.28551057912655	9.295654843650227e-186	1.310687332954682e-183
/work/LAS/jernigan-lab/Ben/ProjectHIV/ProtGOs01/gagB62BlastOutUNI.tsv	GO:0005198	159	3791	3406	3099283	38.16453105471391	1.397945251527122e-183	1.9711028046532422e-181
/work/LAS/jernigan-lab/Ben/ProjectHIV/ProtGOs01/gagB62BlastOutUNI.tsv	GO:0046718	124	3791	1280	3099283	79.19890282906884	4.252459918980406e-181	5.9959684857623724e-179
/work/LAS/jernigan-lab/Ben/ProjectHIV/ProtGOs01/gagB62BlastOutUNI.tsv	GO:0003887	122	3791	1225	3099283	81.42001754962075	1.3380656732551512e-179	1.8866725992897633e-177
/work/LAS/jernigan-lab/Ben/ProjectHIV/ProtGOs01/gagB62BlastOutUNI.tsv	GO:0039702	88	3791	256	3099283	281.02836487734106	4.020619655778816e-173	5.669073714648131e-171
/work/LAS/jernigan-lab/Ben/ProjectHIV/ProtGOs01/gagB62BlastOutUNI.tsv	GO:0004533	74	3791	75	3099283	806.6365673085378	2.383371251346121e-172	3.360553464398031e-170
/work/LAS/jernigan-lab/Ben/ProjectHIV/ProtGOs01/gagB62BlastOutUNI.tsv	GO:0039657	85	3791	218	3099283	318.7644505697947	3.0907762218166214e-171	4.357994472761436e-169
/work/LAS/jernigan-lab/Ben/ProjectHIV/ProtGOs01/gagB62BlastOutUNI.tsv	GO:0008270	269	3791	23236	3099283	9.464514956666584	1.320444710373528e-156	1.8618270416266745e-154
/work/LAS/jernigan-lab/Ben/ProjectHIV/ProtGOs01/gagB62BlastOutUNI.tsv	GO:0042025	133	3791	3656	3099283	29.74081760786661	2.1574014832841497e-140	3.041936091430651e-138
/work/LAS/jernigan-lab/Ben/ProjectHIV/ProtGOs01/gagB62BlastOutUNI.tsv	GO:0006310	138	3791	6164	3099283	18.30306854017961	3.5715194184939815e-118	5.035842380076514e-116
/work/LAS/jernigan-lab/Ben/ProjectHIV/ProtGOs01/gagB62BlastOutUNI.tsv	GO:0055036	100	3791	2272	3099283	35.98314531079911	4.631480668193842e-114	6.530387742153318e-112
/work/LAS/jernigan-lab/Ben/ProjectHIV/ProtGOs01/gagB62BlastOutUNI.tsv	GO:0075732	67	3791	636	3099283	86.12418729231264	3.310484328221467e-101	4.667782902792268e-99
/work/LAS/jernigan-lab/Ben/ProjectHIV/ProtGOs01/gagB62BlastOutUNI.tsv	GO:0003723	178	3791	18668	3099283	7.795243033004143	6.583665384621927e-92	9.282968192316917e-90
/work/LAS/jernigan-lab/Ben/ProjectHIV/ProtGOs01/gagB62BlastOutUNI.tsv	GO:0039660	54	3791	391	3099283	112.90793176192638	7.083616672304493e-88	9.987899507949335e-86
/work/LAS/jernigan-lab/Ben/ProjectHIV/ProtGOs01/gagB62BlastOutUNI.tsv	GO:0039651	35	3791	43	3099283	665.4371430499408	2.2477342392895154e-80	3.169305277398217e-78
/work/LAS/jernigan-lab/Ben/ProjectHIV/ProtGOs01/gagB62BlastOutUNI.tsv	GO:0003676	90	3791	5465	3099283	13.463556364413911	7.793816524439326e-67	1.098928129945945e-64
/work/LAS/jernigan-lab/Ben/ProjectHIV/ProtGOs01/gagB62BlastOutUNI.tsv	GO:0008289	50	3791	2159	3099283	18.933234401606203	6.910813679558757e-45	9.744247288177848e-43
/work/LAS/jernigan-lab/Ben/ProjectHIV/ProtGOs01/gagB62BlastOutUNI.tsv	GO:0003677	145	3791	31911	3099283	3.7147965877564664	5.628154146895384e-38	7.935697347122491e-36
/work/LAS/jernigan-lab/Ben/ProjectHIV/ProtGOs01/gagB62BlastOutUNI.tsv	GO:0016032	29	3791	1152	3099283	20.580360054148716	9.428150373385185e-28	1.3293692026473112e-25
/work/LAS/jernigan-lab/Ben/ProjectHIV/ProtGOs01/gagB62BlastOutUNI.tsv	GO:0019068	17	3791	151	3099283	92.0405963234639	2.1641558011695204e-27	3.0514596796490237e-25
/work/LAS/jernigan-lab/Ben/ProjectHIV/ProtGOs01/gagB62BlastOutUNI.tsv	GO:0044185	13	3791	35	3099283	303.6566228285036	2.5643766091649843e-27	3.615771018922628e-25
/work/LAS/jernigan-lab/Ben/ProjectHIV/ProtGOs01/gagB62BlastOutUNI.tsv	GO:0004170	23	3791	564	3099283	33.33927732909785	6.601291551524011e-27	9.307821087648855e-25
/work/LAS/jernigan-lab/Ben/ProjectHIV/ProtGOs01/gagB62BlastOutUNI.tsv	GO:0030430	33	3791	2716	3099283	9.933255901408227	9.879863404573956e-22	1.393060740044928e-19
/work/LAS/jernigan-lab/Ben/ProjectHIV/ProtGOs01/gagB62BlastOutUNI.tsv	GO:0006401	24	3791	1465	3099283	13.393098617796955	4.434761793308931e-19	6.253014128565592e-17
/work/LAS/jernigan-lab/Ben/ProjectHIV/ProtGOs01/gagB62BlastOutUNI.tsv	GO:2000767	8	3791	39	3099283	167.69991004335503	1.5098339506370488e-15	2.1288658703982387e-13
/work/LAS/jernigan-lab/Ben/ProjectHIV/ProtGOs01/gagB62BlastOutUNI.tsv	GO:0004519	20	3791	1538	3099283	10.631171150342729	2.4842928369139318e-14	3.502852900048644e-12
/work/LAS/jernigan-lab/Ben/ProjectHIV/ProtGOs01/gagB62BlastOutUNI.tsv	GO:0035613	8	3791	60	3099283	109.00494152818078	3.468994661500296e-14	4.8912824727154176e-12
/work/LAS/jernigan-lab/Ben/ProjectHIV/ProtGOs01/gagB62BlastOutUNI.tsv	GO:0019028	14	3791	732	3099283	15.63595472740298	1.232284999803712e-12	1.7375218497232337e-10
/work/LAS/jernigan-lab/Ben/ProjectHIV/ProtGOs01/gagB62BlastOutUNI.tsv	GO:0016020	41	3791	8665	3099283	3.868323083660195	1.2955623256789748e-12	1.8267428792073546e-10
/work/LAS/jernigan-lab/Ben/ProjectHIV/ProtGOs01/gagB62BlastOutUNI.tsv	GO:0045182	8	3791	139	3099283	47.05249274597732	1.9185713665359464e-11	2.7051856268156843e-09
/work/LAS/jernigan-lab/Ben/ProjectHIV/ProtGOs01/gagB62BlastOutUNI.tsv	GO:0003727	8	3791	285	3099283	22.9484087427749	4.496089872539756e-09	6.339486720281055e-07
/work/LAS/jernigan-lab/Ben/ProjectHIV/ProtGOs01/gagB62BlastOutUNI.tsv	GO:0071919	3	3791	7	3099283	350.3730263405811	2.1775257244993928e-07	3.070311271544144e-05
/work/LAS/jernigan-lab/Ben/ProjectHIV/ProtGOs01/gagB62BlastOutUNI.tsv	GO:0009117	11	3791	1217	3099283	7.3894064717131585	5.415800220545488e-07	7.636278310969138e-05
/work/LAS/jernigan-lab/Ben/ProjectHIV/ProtGOs01/gagB62BlastOutUNI.tsv	GO:0046797	3	3791	21	3099283	116.79100878019369	3.625915949079697e-06	0.0005112541488202372
/work/LAS/jernigan-lab/Ben/ProjectHIV/ProtGOs01/gagB62BlastOutUNI.tsv	GO:0044095	3	3791	22	3099283	111.48232656291216	4.116584579202406e-06	0.0005804384256675393
/work/LAS/jernigan-lab/Ben/ProjectHIV/ProtGOs01/gagB62BlastOutUNI.tsv	GO:0008432	3	3791	47	3099283	52.183216689022714	3.428647699482994e-05	0.004834393256271022
/work/LAS/jernigan-lab/Ben/ProjectHIV/ProtGOs01/gagB62BlastOutUNI.tsv	GO:0051880	3	3791	56	3099283	43.796628292572635	5.640205344309628e-05	0.007952689535476575
/work/LAS/jernigan-lab/Ben/ProjectHIV/ProtGOs01/gagB62BlastOutUNI.tsv	GO:0007276	3	3791	102	3099283	24.045207690039877	0.0003118578042040366	0.04397195039276916