/work/LAS/jernigan-lab/Ben/ProjectHIV/ProtGOs01/gagB62BlastOutUNI.tsv	GO:0044571	94	41974	210	3099283	33.051367626671386	1.0217512350060475e-97	6.588251963318995e-94
/work/LAS/jernigan-lab/Ben/ProjectHIV/ProtGOs01/gagB62BlastOutUNI.tsv	GO:0031071	95	41974	300	3099283	23.382084544400502	3.751219767009243e-87	2.4187865057675598e-83
/work/LAS/jernigan-lab/Ben/ProjectHIV/ProtGOs01/gagB62BlastOutUNI.tsv	GO:0045277	97	41974	473	3099283	15.142286864182811	1.2260230307511459e-73	7.905396502283388e-70
/work/LAS/jernigan-lab/Ben/ProjectHIV/ProtGOs01/gagB62BlastOutUNI.tsv	GO:0006119	90	41974	417	3099283	15.936293896221471	3.8329919058784213e-70	2.4715131809104063e-66
/work/LAS/jernigan-lab/Ben/ProjectHIV/ProtGOs01/gagB62BlastOutUNI.tsv	GO:0039505	46	41974	50	3099283	67.93110878162672	1.9407328814253398e-59	1.251384561943059e-55
/work/LAS/jernigan-lab/Ben/ProjectHIV/ProtGOs01/gagB62BlastOutUNI.tsv	GO:0009060	109	41974	971	3099283	8.288732880935513	1.526311044708547e-58	9.841653616280711e-55
/work/LAS/jernigan-lab/Ben/ProjectHIV/ProtGOs01/gagB62BlastOutUNI.tsv	GO:0004129	109	41974	1037	3099283	7.761195397674429	5.688774145255262e-56	3.668121568860593e-52
/work/LAS/jernigan-lab/Ben/ProjectHIV/ProtGOs01/gagB62BlastOutUNI.tsv	GO:0046776	45	41974	61	3099283	54.470775038724206	4.000452526859571e-55	2.5794917893190514e-51
/work/LAS/jernigan-lab/Ben/ProjectHIV/ProtGOs01/gagB62BlastOutUNI.tsv	GO:0039504	46	41974	90	3099283	37.739504878681515	8.65497865566328e-51	5.580730237171683e-47
/work/LAS/jernigan-lab/Ben/ProjectHIV/ProtGOs01/gagB62BlastOutUNI.tsv	GO:0004533	43	41974	75	3099283	42.333879385651436	3.081724288909746e-49	1.9870958214890042e-45
/work/LAS/jernigan-lab/Ben/ProjectHIV/ProtGOs01/gagB62BlastOutUNI.tsv	GO:0030698	58	41974	256	3099283	16.72895851449707	7.203223500992312e-47	4.644638513439843e-43
/work/LAS/jernigan-lab/Ben/ProjectHIV/ProtGOs01/gagB62BlastOutUNI.tsv	GO:0047151	58	41974	256	3099283	16.72895851449707	7.203223500992312e-47	4.644638513439843e-43
/work/LAS/jernigan-lab/Ben/ProjectHIV/ProtGOs01/gagB62BlastOutUNI.tsv	GO:0020002	129	41974	2048	3099283	4.650938897349401	4.332025353367813e-43	2.793289947851566e-39
/work/LAS/jernigan-lab/Ben/ProjectHIV/ProtGOs01/gagB62BlastOutUNI.tsv	GO:0039651	34	41974	43	3099283	58.38366275468424	8.960980206706123e-43	5.778040037284108e-39
/work/LAS/jernigan-lab/Ben/ProjectHIV/ProtGOs01/gagB62BlastOutUNI.tsv	GO:0039657	51	41974	218	3099283	17.274065356317127	5.120377996909546e-42	3.301619732407275e-38
/work/LAS/jernigan-lab/Ben/ProjectHIV/ProtGOs01/gagB62BlastOutUNI.tsv	GO:0044826	47	41974	192	3099283	18.074966670835913	1.2451448585639511e-39	8.028694048020357e-36
/work/LAS/jernigan-lab/Ben/ProjectHIV/ProtGOs01/gagB62BlastOutUNI.tsv	GO:0004654	78	41974	783	3099283	7.355525688498646	4.4038958314425644e-39	2.8396320321141655e-35
/work/LAS/jernigan-lab/Ben/ProjectHIV/ProtGOs01/gagB62BlastOutUNI.tsv	GO:0039521	45	41974	176	3099283	18.87907543955782	9.944737730705078e-39	6.412366888758634e-35
/work/LAS/jernigan-lab/Ben/ProjectHIV/ProtGOs01/gagB62BlastOutUNI.tsv	GO:0075713	47	41974	203	3099283	17.095534979312784	1.1221024379027511e-38	7.235316519596939e-35
/work/LAS/jernigan-lab/Ben/ProjectHIV/ProtGOs01/gagB62BlastOutUNI.tsv	GO:0006396	99	41974	1370	3099283	5.335750372406415	4.766260638608789e-38	3.073284859774947e-34
/work/LAS/jernigan-lab/Ben/ProjectHIV/ProtGOs01/gagB62BlastOutUNI.tsv	GO:0003968	82	41974	1027	3099283	5.895549426456745	1.256512471550709e-34	8.10199241655897e-31
/work/LAS/jernigan-lab/Ben/ProjectHIV/ProtGOs01/gagB62BlastOutUNI.tsv	GO:0002161	124	41974	2398	3099283	3.8181534833927335	1.191043873181876e-33	7.679850894276736e-30
/work/LAS/jernigan-lab/Ben/ProjectHIV/ProtGOs01/gagB62BlastOutUNI.tsv	GO:0039579	29	41974	70	3099283	30.59009556936607	1.6018470023697805e-30	1.0328709471280345e-26
/work/LAS/jernigan-lab/Ben/ProjectHIV/ProtGOs01/gagB62BlastOutUNI.tsv	GO:0003964	47	41974	326	3099283	10.645379143559802	1.607380881313963e-30	1.0364391922712434e-26
/work/LAS/jernigan-lab/Ben/ProjectHIV/ProtGOs01/gagB62BlastOutUNI.tsv	GO:0051537	112	41974	2202	3099283	3.7556194879863134	5.352716737709506e-30	3.4514317524750895e-26
/work/LAS/jernigan-lab/Ben/ProjectHIV/ProtGOs01/gagB62BlastOutUNI.tsv	GO:0017124	55	41974	517	3099283	7.855123587144625	2.2943027136516242e-29	1.4793663897625673e-25
/work/LAS/jernigan-lab/Ben/ProjectHIV/ProtGOs01/gagB62BlastOutUNI.tsv	GO:0015074	53	41974	474	3099283	8.256165761846946	2.6190155291722985e-29	1.688741213210298e-25
/work/LAS/jernigan-lab/Ben/ProjectHIV/ProtGOs01/gagB62BlastOutUNI.tsv	GO:0008694	35	41974	152	3099283	17.002208290595934	3.745210675625555e-29	2.414911843643358e-25
/work/LAS/jernigan-lab/Ben/ProjectHIV/ProtGOs01/gagB62BlastOutUNI.tsv	GO:0072494	34	41974	147	3099283	17.078214275179743	2.017986374562444e-28	1.3011976143178639e-24
/work/LAS/jernigan-lab/Ben/ProjectHIV/ProtGOs01/gagB62BlastOutUNI.tsv	GO:0003910	37	41974	193	3099283	14.1555025057456	3.035690753786812e-28	1.9574133980417364e-24
/work/LAS/jernigan-lab/Ben/ProjectHIV/ProtGOs01/gagB62BlastOutUNI.tsv	GO:0051103	36	41974	179	3099283	14.850133083182913	3.709412780502329e-28	2.3918293608679015e-24
/work/LAS/jernigan-lab/Ben/ProjectHIV/ProtGOs01/gagB62BlastOutUNI.tsv	GO:0044178	47	41974	435	3099283	7.9779163236793	1.3304243575869993e-25	8.57857625772097e-22
/work/LAS/jernigan-lab/Ben/ProjectHIV/ProtGOs01/gagB62BlastOutUNI.tsv	GO:0006351	189	41974	5833	3099283	2.3924931535952583	2.644876455198699e-25	1.705416338312121e-21
/work/LAS/jernigan-lab/Ben/ProjectHIV/ProtGOs01/gagB62BlastOutUNI.tsv	GO:0006428	52	41974	581	3099283	6.608579017893792	1.1530736288685169e-24	7.435018758944197e-21
/work/LAS/jernigan-lab/Ben/ProjectHIV/ProtGOs01/gagB62BlastOutUNI.tsv	GO:0004822	52	41974	583	3099283	6.585908077866712	1.3325714491809805e-24	8.592420704318963e-21
/work/LAS/jernigan-lab/Ben/ProjectHIV/ProtGOs01/gagB62BlastOutUNI.tsv	GO:0044205	125	41974	3108	3099283	2.9696815363239817	1.443901416017144e-24	9.310276330478545e-21
/work/LAS/jernigan-lab/Ben/ProjectHIV/ProtGOs01/gagB62BlastOutUNI.tsv	GO:0039520	37	41974	272	3099283	10.044161704444488	1.3577593633510667e-23	8.754832374887678e-20
/work/LAS/jernigan-lab/Ben/ProjectHIV/ProtGOs01/gagB62BlastOutUNI.tsv	GO:0031177	49	41974	546	3099283	6.626501692745082	2.1925587589433277e-23	1.4137618877666576e-19
/work/LAS/jernigan-lab/Ben/ProjectHIV/ProtGOs01/gagB62BlastOutUNI.tsv	GO:0039694	61	41974	935	3099283	4.817249053335538	5.019609013681554e-22	3.236643892021866e-18
/work/LAS/jernigan-lab/Ben/ProjectHIV/ProtGOs01/gagB62BlastOutUNI.tsv	GO:0006402	80	41974	1582	3099283	3.7339146254947906	8.607666869201158e-22	5.550223597260907e-18
/work/LAS/jernigan-lab/Ben/ProjectHIV/ProtGOs01/gagB62BlastOutUNI.tsv	GO:0020037	189	41974	6337	3099283	2.2022112300648797	2.2469074147186297e-21	1.4488059010105723e-17
/work/LAS/jernigan-lab/Ben/ProjectHIV/ProtGOs01/gagB62BlastOutUNI.tsv	GO:0044220	33	41974	241	3099283	10.110619654490717	2.6872223129481636e-21	1.732720947388976e-17
/work/LAS/jernigan-lab/Ben/ProjectHIV/ProtGOs01/gagB62BlastOutUNI.tsv	GO:0004197	57	41974	885	3099283	4.755678212420441	1.8941874063032714e-20	1.2213720395843493e-16
/work/LAS/jernigan-lab/Ben/ProjectHIV/ProtGOs01/gagB62BlastOutUNI.tsv	GO:0003887	66	41974	1225	3099283	3.9782193252771636	1.3738079310579045e-19	8.858313539461368e-16
/work/LAS/jernigan-lab/Ben/ProjectHIV/ProtGOs01/gagB62BlastOutUNI.tsv	GO:0003724	83	41974	1900	3099283	3.225561801415914	7.052652108055546e-19	4.547550079274216e-15
/work/LAS/jernigan-lab/Ben/ProjectHIV/ProtGOs01/gagB62BlastOutUNI.tsv	GO:0039595	19	41974	61	3099283	22.998771683016887	1.3166346455914473e-18	8.489660194773653e-15
/work/LAS/jernigan-lab/Ben/ProjectHIV/ProtGOs01/gagB62BlastOutUNI.tsv	GO:0039648	23	41974	121	3099283	14.035353054055108	4.415201250213227e-18	2.8469217661374886e-14
/work/LAS/jernigan-lab/Ben/ProjectHIV/ProtGOs01/gagB62BlastOutUNI.tsv	GO:0075732	45	41974	636	3099283	5.2243982348461895	6.5094718878388726e-18	4.197307473278505e-14
/work/LAS/jernigan-lab/Ben/ProjectHIV/ProtGOs01/gagB62BlastOutUNI.tsv	GO:0008733	22	41974	115	3099283	14.125561372360943	2.0568360535139434e-17	1.3262478873057907e-13
/work/LAS/jernigan-lab/Ben/ProjectHIV/ProtGOs01/gagB62BlastOutUNI.tsv	GO:0039644	22	41974	118	3099283	13.76643693069075	3.3187792295291334e-17	2.1399488472003852e-13
/work/LAS/jernigan-lab/Ben/ProjectHIV/ProtGOs01/gagB62BlastOutUNI.tsv	GO:0030170	151	41974	5132	3099283	2.1725569796557056	4.521025263251058e-17	2.915157089744282e-13
/work/LAS/jernigan-lab/Ben/ProjectHIV/ProtGOs01/gagB62BlastOutUNI.tsv	GO:0071897	38	41974	481	3099283	5.833368285505323	8.170347384841356e-17	5.268239993745706e-13
/work/LAS/jernigan-lab/Ben/ProjectHIV/ProtGOs01/gagB62BlastOutUNI.tsv	GO:0032549	53	41974	953	3099283	4.1064245237308	1.353220029631709e-16	8.72556275106526e-13
/work/LAS/jernigan-lab/Ben/ProjectHIV/ProtGOs01/gagB62BlastOutUNI.tsv	GO:0019013	50	41974	855	3099283	4.318021153167221	1.4726426691934211e-16	9.495599930959179e-13
/work/LAS/jernigan-lab/Ben/ProjectHIV/ProtGOs01/gagB62BlastOutUNI.tsv	GO:0005751	23	41974	147	3099283	11.552909656739239	1.9369041307949246e-16	1.2489157835365674e-12
/work/LAS/jernigan-lab/Ben/ProjectHIV/ProtGOs01/gagB62BlastOutUNI.tsv	GO:0019082	24	41974	170	3099283	10.42421106623428	3.4853874372650123e-16	2.24737781954848e-12
/work/LAS/jernigan-lab/Ben/ProjectHIV/ProtGOs01/gagB62BlastOutUNI.tsv	GO:0050418	23	41974	165	3099283	10.292592239640411	1.8181253873709197e-15	1.172327249776769e-11
/work/LAS/jernigan-lab/Ben/ProjectHIV/ProtGOs01/gagB62BlastOutUNI.tsv	GO:0046718	60	41974	1280	3099283	3.4611638305856007	2.2490042606570976e-15	1.4501579472716965e-11
/work/LAS/jernigan-lab/Ben/ProjectHIV/ProtGOs01/gagB62BlastOutUNI.tsv	GO:0009653	32	41974	372	3099283	6.351669825304041	2.325632381713386e-15	1.4995677597287913e-11
/work/LAS/jernigan-lab/Ben/ProjectHIV/ProtGOs01/gagB62BlastOutUNI.tsv	GO:0016793	21	41974	134	3099283	11.571652209719023	3.7339992813847724e-15	2.4076827366369014e-11
/work/LAS/jernigan-lab/Ben/ProjectHIV/ProtGOs01/gagB62BlastOutUNI.tsv	GO:0048384	18	41974	92	3099283	14.44659685809642	1.145417684895878e-14	7.385653232208621e-11
/work/LAS/jernigan-lab/Ben/ProjectHIV/ProtGOs01/gagB62BlastOutUNI.tsv	GO:0030683	27	41974	275	3099283	7.249564968790203	1.8178955127675718e-14	1.1721790266325304e-10
/work/LAS/jernigan-lab/Ben/ProjectHIV/ProtGOs01/gagB62BlastOutUNI.tsv	GO:0004190	53	41974	1096	3099283	3.5706410320396462	2.8286833407771193e-14	1.8239350181330864e-10
/work/LAS/jernigan-lab/Ben/ProjectHIV/ProtGOs01/gagB62BlastOutUNI.tsv	GO:0044172	22	41974	170	3099283	9.555526810714756	2.9002601317961566e-14	1.8700877329821618e-10
/work/LAS/jernigan-lab/Ben/ProjectHIV/ProtGOs01/gagB62BlastOutUNI.tsv	GO:0008174	19	41974	133	3099283	10.548308817022782	3.2903275243935157e-13	2.121603187728939e-09
/work/LAS/jernigan-lab/Ben/ProjectHIV/ProtGOs01/gagB62BlastOutUNI.tsv	GO:0016874	34	41974	519	3099283	4.837182077941083	4.796073328265303e-13	3.0925080820654673e-09
/work/LAS/jernigan-lab/Ben/ProjectHIV/ProtGOs01/gagB62BlastOutUNI.tsv	GO:0016805	20	41974	157	3099283	9.406135250848342	5.459365414766599e-13	3.520198819441503e-09
/work/LAS/jernigan-lab/Ben/ProjectHIV/ProtGOs01/gagB62BlastOutUNI.tsv	GO:0016462	38	41974	653	3099283	4.296860865739755	6.534225763692442e-13	4.213268772428886e-09
/work/LAS/jernigan-lab/Ben/ProjectHIV/ProtGOs01/gagB62BlastOutUNI.tsv	GO:0003922	38	41974	664	3099283	4.225677929710934	1.0491130191490348e-12	6.764680747472976e-09
/work/LAS/jernigan-lab/Ben/ProjectHIV/ProtGOs01/gagB62BlastOutUNI.tsv	GO:0019012	68	41974	1825	3099283	2.75123013528923	1.049458260757202e-12	6.7669068653624384e-09
/work/LAS/jernigan-lab/Ben/ProjectHIV/ProtGOs01/gagB62BlastOutUNI.tsv	GO:0004843	38	41974	672	3099283	4.1753722400715185	1.4712318938644145e-12	9.486503251637745e-09
/work/LAS/jernigan-lab/Ben/ProjectHIV/ProtGOs01/gagB62BlastOutUNI.tsv	GO:0052733	12	41974	37	3099283	23.94751190891659	1.8929187649816913e-12	1.2205540196601946e-08
/work/LAS/jernigan-lab/Ben/ProjectHIV/ProtGOs01/gagB62BlastOutUNI.tsv	GO:0052734	12	41974	37	3099283	23.94751190891659	1.8929187649816913e-12	1.2205540196601946e-08
/work/LAS/jernigan-lab/Ben/ProjectHIV/ProtGOs01/gagB62BlastOutUNI.tsv	GO:0019569	22	41974	218	3099283	7.451557604685819	2.7522651410327745e-12	1.774660562937933e-08
/work/LAS/jernigan-lab/Ben/ProjectHIV/ProtGOs01/gagB62BlastOutUNI.tsv	GO:0030655	15	41974	82	3099283	13.506980802285272	4.27406961397236e-12	2.7559200870893776e-08
/work/LAS/jernigan-lab/Ben/ProjectHIV/ProtGOs01/gagB62BlastOutUNI.tsv	GO:0005525	304	41974	14627	3099283	1.5346141493556082	4.766168844403499e-12	3.073225670871376e-08
/work/LAS/jernigan-lab/Ben/ProjectHIV/ProtGOs01/gagB62BlastOutUNI.tsv	GO:0030266	12	41974	42	3099283	21.096617634045565	6.6149513757306135e-12	4.2653206470710996e-08
/work/LAS/jernigan-lab/Ben/ProjectHIV/ProtGOs01/gagB62BlastOutUNI.tsv	GO:0002068	8	41974	8	3099283	73.83816171915947	1.1897638501053774e-11	7.671597305479474e-08
/work/LAS/jernigan-lab/Ben/ProjectHIV/ProtGOs01/gagB62BlastOutUNI.tsv	GO:0003899	116	41974	4213	3099283	2.033046940285426	1.2017383084863337e-11	7.748808613119879e-08
/work/LAS/jernigan-lab/Ben/ProjectHIV/ProtGOs01/gagB62BlastOutUNI.tsv	GO:0004588	30	41974	475	3099283	4.663462845420598	2.4990021515262143e-11	1.611356587304103e-07
/work/LAS/jernigan-lab/Ben/ProjectHIV/ProtGOs01/gagB62BlastOutUNI.tsv	GO:0005750	17	41974	136	3099283	9.229770214894934	3.8119328192946114e-11	2.4579342818811657e-07
/work/LAS/jernigan-lab/Ben/ProjectHIV/ProtGOs01/gagB62BlastOutUNI.tsv	GO:0042372	14	41974	83	3099283	12.454629687569069	5.7351058429911256e-11	3.697996247560678e-07
/work/LAS/jernigan-lab/Ben/ProjectHIV/ProtGOs01/gagB62BlastOutUNI.tsv	GO:0052884	8	41974	11	3099283	53.700481250297806	6.741415160347662e-11	4.346864495392173e-07
/work/LAS/jernigan-lab/Ben/ProjectHIV/ProtGOs01/gagB62BlastOutUNI.tsv	GO:0003678	48	41974	1157	3099283	3.063294522488898	6.840999381298033e-11	4.4110764010609715e-07
/work/LAS/jernigan-lab/Ben/ProjectHIV/ProtGOs01/gagB62BlastOutUNI.tsv	GO:0016020	195	41974	8665	3099283	1.6616781921795845	9.627892133351312e-11	6.208064847584926e-07
/work/LAS/jernigan-lab/Ben/ProjectHIV/ProtGOs01/gagB62BlastOutUNI.tsv	GO:0008270	437	41974	23236	3099283	1.3886760488583532	1.1027092405561685e-10	7.110269183106174e-07
/work/LAS/jernigan-lab/Ben/ProjectHIV/ProtGOs01/gagB62BlastOutUNI.tsv	GO:1901827	8	41974	12	3099283	49.22544114610632	1.1102435194241272e-10	7.158850213246772e-07
/work/LAS/jernigan-lab/Ben/ProjectHIV/ProtGOs01/gagB62BlastOutUNI.tsv	GO:0052885	8	41974	12	3099283	49.22544114610632	1.1102435194241272e-10	7.158850213246772e-07
/work/LAS/jernigan-lab/Ben/ProjectHIV/ProtGOs01/gagB62BlastOutUNI.tsv	GO:0030154	95	41974	3315	3099283	2.11602575062448	1.154404752301521e-10	7.443601842840207e-07
/work/LAS/jernigan-lab/Ben/ProjectHIV/ProtGOs01/gagB62BlastOutUNI.tsv	GO:0050660	95	41974	3334	3099283	2.1039668156329188	1.3468595622971076e-10	8.68455045769175e-07
/work/LAS/jernigan-lab/Ben/ProjectHIV/ProtGOs01/gagB62BlastOutUNI.tsv	GO:0039502	36	41974	731	3099283	3.636352697523586	2.0796737155815997e-10	1.3409736118070156e-06
/work/LAS/jernigan-lab/Ben/ProjectHIV/ProtGOs01/gagB62BlastOutUNI.tsv	GO:0006207	74	41974	2346	3099283	2.329080974943649	2.218865114633296e-10	1.4307242259155492e-06
/work/LAS/jernigan-lab/Ben/ProjectHIV/ProtGOs01/gagB62BlastOutUNI.tsv	GO:0061711	37	41974	773	3099283	3.534297520839458	2.4897529327603037e-10	1.6053926910438439e-06
/work/LAS/jernigan-lab/Ben/ProjectHIV/ProtGOs01/gagB62BlastOutUNI.tsv	GO:0008168	52	41974	1373	3099283	2.7964926506892156	2.5011511033676745e-10	1.6127422314514764e-06
/work/LAS/jernigan-lab/Ben/ProjectHIV/ProtGOs01/gagB62BlastOutUNI.tsv	GO:0102092	8	41974	15	3099283	39.38035291688506	4.1695146536197295e-10	2.6885030486540016e-06
/work/LAS/jernigan-lab/Ben/ProjectHIV/ProtGOs01/gagB62BlastOutUNI.tsv	GO:0033857	8	41974	15	3099283	39.38035291688506	4.1695146536197295e-10	2.6885030486540016e-06
/work/LAS/jernigan-lab/Ben/ProjectHIV/ProtGOs01/gagB62BlastOutUNI.tsv	GO:0004764	31	41974	584	3099283	3.919491461119767	6.62576463008035e-10	4.27229303347581e-06
/work/LAS/jernigan-lab/Ben/ProjectHIV/ProtGOs01/gagB62BlastOutUNI.tsv	GO:0000829	8	41974	17	3099283	34.74737022078093	8.980736370231678e-10	5.790778811525386e-06
/work/LAS/jernigan-lab/Ben/ProjectHIV/ProtGOs01/gagB62BlastOutUNI.tsv	GO:0009014	25	41974	395	3099283	4.673301374630347	1.0338081645434209e-09	6.665995044975978e-06
/work/LAS/jernigan-lab/Ben/ProjectHIV/ProtGOs01/gagB62BlastOutUNI.tsv	GO:0004088	27	41974	467	3099283	4.2690157739128605	1.4520018541917478e-09	9.36250795582839e-06
/work/LAS/jernigan-lab/Ben/ProjectHIV/ProtGOs01/gagB62BlastOutUNI.tsv	GO:0005198	93	41974	3406	3099283	2.016133012296486	1.543273816675425e-09	9.951029569923142e-06
/work/LAS/jernigan-lab/Ben/ProjectHIV/ProtGOs01/gagB62BlastOutUNI.tsv	GO:0004832	23	41974	342	3099283	4.965724326142304	1.5991549307918042e-09	1.0311350993745553e-05
/work/LAS/jernigan-lab/Ben/ProjectHIV/ProtGOs01/gagB62BlastOutUNI.tsv	GO:0006438	23	41974	342	3099283	4.965724326142304	1.5991549307918042e-09	1.0311350993745553e-05
/work/LAS/jernigan-lab/Ben/ProjectHIV/ProtGOs01/gagB62BlastOutUNI.tsv	GO:0004591	14	41974	111	3099283	9.312921297912007	1.7712326919632576e-09	1.1420908397779086e-05
/work/LAS/jernigan-lab/Ben/ProjectHIV/ProtGOs01/gagB62BlastOutUNI.tsv	GO:0046872	935	41974	56162	3099283	1.2292774688831258	1.9013426074375973e-09	1.2259857132757627e-05
/work/LAS/jernigan-lab/Ben/ProjectHIV/ProtGOs01/gagB62BlastOutUNI.tsv	GO:0004744	7	41974	11	3099283	46.98792109401058	2.1283232549363332e-09	1.3723428347829477e-05
/work/LAS/jernigan-lab/Ben/ProjectHIV/ProtGOs01/gagB62BlastOutUNI.tsv	GO:0008800	16	41974	158	3099283	7.477282199408555	2.340190056786459e-09	1.5089545486159088e-05
/work/LAS/jernigan-lab/Ben/ProjectHIV/ProtGOs01/gagB62BlastOutUNI.tsv	GO:0070204	20	41974	263	3099283	5.615069332255474	2.590989761657818e-09	1.670670198316961e-05
/work/LAS/jernigan-lab/Ben/ProjectHIV/ProtGOs01/gagB62BlastOutUNI.tsv	GO:0005925	39	41974	927	3099283	3.1064598781523407	2.6636547794438887e-09	1.7175246017854194e-05
/work/LAS/jernigan-lab/Ben/ProjectHIV/ProtGOs01/gagB62BlastOutUNI.tsv	GO:0033270	10	41974	45	3099283	16.40848038203544	3.0695676604896865e-09	1.97925722748375e-05
/work/LAS/jernigan-lab/Ben/ProjectHIV/ProtGOs01/gagB62BlastOutUNI.tsv	GO:0016702	15	41974	139	3099283	7.968146948110736	3.3216486154309323e-09	2.1417990272298653e-05
/work/LAS/jernigan-lab/Ben/ProjectHIV/ProtGOs01/gagB62BlastOutUNI.tsv	GO:0052724	8	41974	21	3099283	28.128823512060755	3.398033210121358e-09	2.1910518138862516e-05
/work/LAS/jernigan-lab/Ben/ProjectHIV/ProtGOs01/gagB62BlastOutUNI.tsv	GO:0052723	8	41974	21	3099283	28.128823512060755	3.398033210121358e-09	2.1910518138862516e-05
/work/LAS/jernigan-lab/Ben/ProjectHIV/ProtGOs01/gagB62BlastOutUNI.tsv	GO:0008773	17	41974	188	3099283	6.676855049072931	3.638079367122011e-09	2.3458335759202726e-05
/work/LAS/jernigan-lab/Ben/ProjectHIV/ProtGOs01/gagB62BlastOutUNI.tsv	GO:0016168	43	41974	1111	3099283	2.8578226407955514	4.518534111699776e-09	2.9135507952240157e-05
/work/LAS/jernigan-lab/Ben/ProjectHIV/ProtGOs01/gagB62BlastOutUNI.tsv	GO:0000827	8	41974	23	3099283	25.68283885883808	6.0983720262008836e-09	3.93223028249433e-05
/work/LAS/jernigan-lab/Ben/ProjectHIV/ProtGOs01/gagB62BlastOutUNI.tsv	GO:0006643	8	41974	23	3099283	25.68283885883808	6.0983720262008836e-09	3.93223028249433e-05
/work/LAS/jernigan-lab/Ben/ProjectHIV/ProtGOs01/gagB62BlastOutUNI.tsv	GO:0006541	83	41974	3013	3099283	2.03404162717897	7.3551311703034045e-09	4.742588578611635e-05
/work/LAS/jernigan-lab/Ben/ProjectHIV/ProtGOs01/gagB62BlastOutUNI.tsv	GO:0000832	8	41974	25	3099283	23.628211750131033	1.048054140706159e-08	6.757853099273314e-05
/work/LAS/jernigan-lab/Ben/ProjectHIV/ProtGOs01/gagB62BlastOutUNI.tsv	GO:0008410	12	41974	88	3099283	10.068840234430839	1.1477155375016923e-08	7.400469785810911e-05
/work/LAS/jernigan-lab/Ben/ProjectHIV/ProtGOs01/gagB62BlastOutUNI.tsv	GO:0004604	15	41974	155	3099283	7.145628553467047	1.2823830384145242e-08	8.268805831696853e-05
/work/LAS/jernigan-lab/Ben/ProjectHIV/ProtGOs01/gagB62BlastOutUNI.tsv	GO:0015990	18	41974	243	3099283	5.46949346067848	2.2995964200859194e-08	0.00014827797716714008
/work/LAS/jernigan-lab/Ben/ProjectHIV/ProtGOs01/gagB62BlastOutUNI.tsv	GO:0004037	9	41974	42	3099283	15.822463225534174	2.4910958769374148e-08	0.0001606258621449245
/work/LAS/jernigan-lab/Ben/ProjectHIV/ProtGOs01/gagB62BlastOutUNI.tsv	GO:0003985	11	41974	76	3099283	10.687102354088871	2.6733418286782542e-08	0.00017237708111317383
/work/LAS/jernigan-lab/Ben/ProjectHIV/ProtGOs01/gagB62BlastOutUNI.tsv	GO:0004386	35	41974	856	3099283	3.019083715152549	3.247545951222835e-08	0.0002094017629348484
/work/LAS/jernigan-lab/Ben/ProjectHIV/ProtGOs01/gagB62BlastOutUNI.tsv	GO:0097550	10	41974	60	3099283	12.30636028652658	3.469344714596536e-08	0.00022370334719718464
/work/LAS/jernigan-lab/Ben/ProjectHIV/ProtGOs01/gagB62BlastOutUNI.tsv	GO:0004329	20	41974	313	3099283	4.71809340058527	3.9528103093243595e-08	0.0002548772087452347
/work/LAS/jernigan-lab/Ben/ProjectHIV/ProtGOs01/gagB62BlastOutUNI.tsv	GO:0003727	19	41974	285	3099283	4.922544114610632	4.5699040259870195e-08	0.000294667411595643
/work/LAS/jernigan-lab/Ben/ProjectHIV/ProtGOs01/gagB62BlastOutUNI.tsv	GO:0042136	9	41974	46	3099283	14.44659685809642	4.96169058817416e-08	0.0003199298091254698
/work/LAS/jernigan-lab/Ben/ProjectHIV/ProtGOs01/gagB62BlastOutUNI.tsv	GO:0006123	16	41974	200	3099283	5.907052937532758	5.063140127365567e-08	0.00032647127541253175
/work/LAS/jernigan-lab/Ben/ProjectHIV/ProtGOs01/gagB62BlastOutUNI.tsv	GO:0004523	48	41974	1443	3099283	2.4561550675811885	5.615420565448172e-08	0.0003620823180600981
/work/LAS/jernigan-lab/Ben/ProjectHIV/ProtGOs01/gagB62BlastOutUNI.tsv	GO:0019379	15	41974	175	3099283	6.328985290213669	5.674412355001174e-08	0.0003658861086504757
/work/LAS/jernigan-lab/Ben/ProjectHIV/ProtGOs01/gagB62BlastOutUNI.tsv	GO:0018144	15	41974	176	3099283	6.293025146519274	6.081617435806624e-08	0.0003921426922608111
/work/LAS/jernigan-lab/Ben/ProjectHIV/ProtGOs01/gagB62BlastOutUNI.tsv	GO:0019904	42	41974	1179	3099283	2.630367084143086	6.10029136953079e-08	0.00039334678750734534
/work/LAS/jernigan-lab/Ben/ProjectHIV/ProtGOs01/gagB62BlastOutUNI.tsv	GO:0035315	7	41974	21	3099283	24.61272057305316	7.042311272788148e-08	0.00045408823086937977
/work/LAS/jernigan-lab/Ben/ProjectHIV/ProtGOs01/gagB62BlastOutUNI.tsv	GO:0003723	344	41974	18668	3099283	1.3606346492067098	7.065930526750805e-08	0.00045561120036489186
/work/LAS/jernigan-lab/Ben/ProjectHIV/ProtGOs01/gagB62BlastOutUNI.tsv	GO:0002949	37	41974	975	3099283	2.802063572932206	8.13423787688438e-08	0.0005244956583015048
/work/LAS/jernigan-lab/Ben/ProjectHIV/ProtGOs01/gagB62BlastOutUNI.tsv	GO:0097453	5	41974	5	3099283	73.83816171915947	1.0153953384832346e-07	0.0006547269142539897
/work/LAS/jernigan-lab/Ben/ProjectHIV/ProtGOs01/gagB62BlastOutUNI.tsv	GO:0004527	20	41974	334	3099283	4.421446809530508	1.066233291967983e-07	0.0006875072266609555
/work/LAS/jernigan-lab/Ben/ProjectHIV/ProtGOs01/gagB62BlastOutUNI.tsv	GO:0047456	8	41974	36	3099283	16.40848038203544	1.1737655454156202e-07	0.000756844023683992
/work/LAS/jernigan-lab/Ben/ProjectHIV/ProtGOs01/gagB62BlastOutUNI.tsv	GO:0001302	12	41974	112	3099283	7.911231612767087	1.294747506255639e-07	0.000834853192033636
/work/LAS/jernigan-lab/Ben/ProjectHIV/ProtGOs01/gagB62BlastOutUNI.tsv	GO:0008384	6	41974	13	3099283	34.07915156268899	1.3304725675344342e-07	0.0008578887115462032
/work/LAS/jernigan-lab/Ben/ProjectHIV/ProtGOs01/gagB62BlastOutUNI.tsv	GO:0008134	51	41974	1609	3099283	2.3404265057036255	1.4418429375945145e-07	0.000929700326160943
/work/LAS/jernigan-lab/Ben/ProjectHIV/ProtGOs01/gagB62BlastOutUNI.tsv	GO:1903061	6	41974	14	3099283	31.644926451068347	1.8789718409991101e-07	0.0012115610430762263
/work/LAS/jernigan-lab/Ben/ProjectHIV/ProtGOs01/gagB62BlastOutUNI.tsv	GO:0000734	7	41974	25	3099283	20.674685281364653	1.9102880135601724e-07	0.0012317537111435992
/work/LAS/jernigan-lab/Ben/ProjectHIV/ProtGOs01/gagB62BlastOutUNI.tsv	GO:0003417	7	41974	25	3099283	20.674685281364653	1.9102880135601724e-07	0.0012317537111435992
/work/LAS/jernigan-lab/Ben/ProjectHIV/ProtGOs01/gagB62BlastOutUNI.tsv	GO:0008776	20	41974	349	3099283	4.2314132790349275	2.0687056951022292e-07	0.0013339014322019175
/work/LAS/jernigan-lab/Ben/ProjectHIV/ProtGOs01/gagB62BlastOutUNI.tsv	GO:0006286	7	41974	26	3099283	19.879505078235244	2.39637947143099e-07	0.0015451854831787023
/work/LAS/jernigan-lab/Ben/ProjectHIV/ProtGOs01/gagB62BlastOutUNI.tsv	GO:0045162	7	41974	26	3099283	19.879505078235244	2.39637947143099e-07	0.0015451854831787023
/work/LAS/jernigan-lab/Ben/ProjectHIV/ProtGOs01/gagB62BlastOutUNI.tsv	GO:0042025	90	41974	3656	3099283	1.8176790357561141	2.459810647602267e-07	0.0015860859055739419
/work/LAS/jernigan-lab/Ben/ProjectHIV/ProtGOs01/gagB62BlastOutUNI.tsv	GO:0034349	7	41974	27	3099283	19.14322711237468	2.9825512561727645e-07	0.0019231490499801984
/work/LAS/jernigan-lab/Ben/ProjectHIV/ProtGOs01/gagB62BlastOutUNI.tsv	GO:0030506	10	41974	78	3099283	9.46643098963583	3.172935768018909e-07	0.0020459089832185924
/work/LAS/jernigan-lab/Ben/ProjectHIV/ProtGOs01/gagB62BlastOutUNI.tsv	GO:0060740	7	41974	28	3099283	18.459540429789868	3.684818590378576e-07	0.002375971027076106
/work/LAS/jernigan-lab/Ben/ProjectHIV/ProtGOs01/gagB62BlastOutUNI.tsv	GO:0003871	18	41974	298	3099283	4.46002319109017	3.997229395538989e-07	0.00257741351424354
/work/LAS/jernigan-lab/Ben/ProjectHIV/ProtGOs01/gagB62BlastOutUNI.tsv	GO:1901612	9	41974	61	3099283	10.89415500774484	4.2376672794652483e-07	0.002732447861799192
/work/LAS/jernigan-lab/Ben/ProjectHIV/ProtGOs01/gagB62BlastOutUNI.tsv	GO:0097051	6	41974	17	3099283	26.0605276655857	4.727968676283081e-07	0.0030485942024673306
/work/LAS/jernigan-lab/Ben/ProjectHIV/ProtGOs01/gagB62BlastOutUNI.tsv	GO:0030976	39	41974	1123	3099283	2.564281662553179	4.834724692435663e-07	0.0031174304816825155
/work/LAS/jernigan-lab/Ben/ProjectHIV/ProtGOs01/gagB62BlastOutUNI.tsv	GO:0009734	19	41974	338	3099283	4.1506658954557105	5.408726963439818e-07	0.003487547146025995
/work/LAS/jernigan-lab/Ben/ProjectHIV/ProtGOs01/gagB62BlastOutUNI.tsv	GO:0043138	14	41974	184	3099283	5.61812100037083	5.949139818098584e-07	0.0038360053547099667
/work/LAS/jernigan-lab/Ben/ProjectHIV/ProtGOs01/gagB62BlastOutUNI.tsv	GO:0008236	27	41974	639	3099283	3.119922326161668	6.16364806796705e-07	0.003974320274225154
/work/LAS/jernigan-lab/Ben/ProjectHIV/ProtGOs01/gagB62BlastOutUNI.tsv	GO:0008688	7	41974	31	3099283	16.67313329142311	6.67703535574151e-07	0.004305352397382126
/work/LAS/jernigan-lab/Ben/ProjectHIV/ProtGOs01/gagB62BlastOutUNI.tsv	GO:0004565	15	41974	218	3099283	5.0806074577403315	7.880634235454765e-07	0.0050814329550212325
/work/LAS/jernigan-lab/Ben/ProjectHIV/ProtGOs01/gagB62BlastOutUNI.tsv	GO:0003994	10	41974	87	3099283	8.487145025190745	7.92760235840059e-07	0.005111718000696701
/work/LAS/jernigan-lab/Ben/ProjectHIV/ProtGOs01/gagB62BlastOutUNI.tsv	GO:0000828	7	41974	32	3099283	16.152097876066136	8.043046599538258e-07	0.005186156447382269
/work/LAS/jernigan-lab/Ben/ProjectHIV/ProtGOs01/gagB62BlastOutUNI.tsv	GO:1903373	6	41974	19	3099283	23.317314227102994	8.106545088800499e-07	0.005227100273258562
/work/LAS/jernigan-lab/Ben/ProjectHIV/ProtGOs01/gagB62BlastOutUNI.tsv	GO:0046274	12	41974	136	3099283	6.515131916396425	8.829727631976299e-07	0.0056934083770983175
/work/LAS/jernigan-lab/Ben/ProjectHIV/ProtGOs01/gagB62BlastOutUNI.tsv	GO:0000112	7	41974	33	3099283	15.662640364670192	9.635848070905773e-07	0.006213194836120042
/work/LAS/jernigan-lab/Ben/ProjectHIV/ProtGOs01/gagB62BlastOutUNI.tsv	GO:0019622	7	41974	33	3099283	15.662640364670192	9.635848070905773e-07	0.006213194836120042
/work/LAS/jernigan-lab/Ben/ProjectHIV/ProtGOs01/gagB62BlastOutUNI.tsv	GO:0004056	26	41974	621	3099283	3.09145282560088	1.154286851887987e-06	0.00744284162097374
/work/LAS/jernigan-lab/Ben/ProjectHIV/ProtGOs01/gagB62BlastOutUNI.tsv	GO:0070741	6	41974	21	3099283	21.096617634045565	1.324234027333382e-06	0.008538661008245647
/work/LAS/jernigan-lab/Ben/ProjectHIV/ProtGOs01/gagB62BlastOutUNI.tsv	GO:0035032	6	41974	21	3099283	21.096617634045565	1.324234027333382e-06	0.008538661008245647
/work/LAS/jernigan-lab/Ben/ProjectHIV/ProtGOs01/gagB62BlastOutUNI.tsv	GO:0006808	17	41974	292	3099283	4.298797086389421	1.3318222613496049e-06	0.008587589941182252
/work/LAS/jernigan-lab/Ben/ProjectHIV/ProtGOs01/gagB62BlastOutUNI.tsv	GO:0035753	7	41974	35	3099283	14.767632343831895	1.3621528516746243e-06	0.008783161587597977
/work/LAS/jernigan-lab/Ben/ProjectHIV/ProtGOs01/gagB62BlastOutUNI.tsv	GO:0033785	14	41974	199	3099283	5.194644543056445	1.4203611333433875e-06	0.009158488587798162
/work/LAS/jernigan-lab/Ben/ProjectHIV/ProtGOs01/gagB62BlastOutUNI.tsv	GO:0033786	14	41974	199	3099283	5.194644543056445	1.4203611333433875e-06	0.009158488587798162
/work/LAS/jernigan-lab/Ben/ProjectHIV/ProtGOs01/gagB62BlastOutUNI.tsv	GO:0005743	123	41974	5684	3099283	1.5978349562731555	1.427123150609708e-06	0.009202090075131397
/work/LAS/jernigan-lab/Ben/ProjectHIV/ProtGOs01/gagB62BlastOutUNI.tsv	GO:0003972	8	41974	53	3099283	11.145382901005204	1.5939531250237423e-06	0.010277809750153091
/work/LAS/jernigan-lab/Ben/ProjectHIV/ProtGOs01/gagB62BlastOutUNI.tsv	GO:2000786	8	41974	53	3099283	11.145382901005204	1.5939531250237423e-06	0.010277809750153091
/work/LAS/jernigan-lab/Ben/ProjectHIV/ProtGOs01/gagB62BlastOutUNI.tsv	GO:0000825	5	41974	11	3099283	33.562800781436124	1.6459104990741589e-06	0.010612830898030176
/work/LAS/jernigan-lab/Ben/ProjectHIV/ProtGOs01/gagB62BlastOutUNI.tsv	GO:0060534	5	41974	11	3099283	33.562800781436124	1.6459104990741589e-06	0.010612830898030176
/work/LAS/jernigan-lab/Ben/ProjectHIV/ProtGOs01/gagB62BlastOutUNI.tsv	GO:0007412	6	41974	22	3099283	20.137680468861678	1.6661824581546076e-06	0.01074354449018091
/work/LAS/jernigan-lab/Ben/ProjectHIV/ProtGOs01/gagB62BlastOutUNI.tsv	GO:0033683	9	41974	74	3099283	8.98031696584372	1.8325658150094283e-06	0.011816384375180794
/work/LAS/jernigan-lab/Ben/ProjectHIV/ProtGOs01/gagB62BlastOutUNI.tsv	GO:0004427	18	41974	334	3099283	3.979302128577457	1.8661122458360527e-06	0.012032691761150868
/work/LAS/jernigan-lab/Ben/ProjectHIV/ProtGOs01/gagB62BlastOutUNI.tsv	GO:0015116	11	41974	121	3099283	6.712560156287226	1.9069341064842891e-06	0.012295911118610696
/work/LAS/jernigan-lab/Ben/ProjectHIV/ProtGOs01/gagB62BlastOutUNI.tsv	GO:0047780	9	41974	75	3099283	8.860579406299138	2.0280257227923356e-06	0.01307670986056498
/work/LAS/jernigan-lab/Ben/ProjectHIV/ProtGOs01/gagB62BlastOutUNI.tsv	GO:0055012	6	41974	23	3099283	19.26212914412856	2.076904164264102e-06	0.01339187805117493
/work/LAS/jernigan-lab/Ben/ProjectHIV/ProtGOs01/gagB62BlastOutUNI.tsv	GO:0043034	8	41974	57	3099283	10.36325076760133	2.6055595230727545e-06	0.01680064780477312
/work/LAS/jernigan-lab/Ben/ProjectHIV/ProtGOs01/gagB62BlastOutUNI.tsv	GO:0039548	11	41974	127	3099283	6.395431330005939	2.946148316441558e-06	0.018996764344415166
/work/LAS/jernigan-lab/Ben/ProjectHIV/ProtGOs01/gagB62BlastOutUNI.tsv	GO:0004879	19	41974	382	3099283	3.672578724251388	2.9858069776282647e-06	0.019252483391747052
/work/LAS/jernigan-lab/Ben/ProjectHIV/ProtGOs01/gagB62BlastOutUNI.tsv	GO:0048048	7	41974	40	3099283	12.921678300852909	2.9953336176805793e-06	0.019313911166804375
/work/LAS/jernigan-lab/Ben/ProjectHIV/ProtGOs01/gagB62BlastOutUNI.tsv	GO:0050439	5	41974	13	3099283	28.399292968907492	3.157273561277641e-06	0.02035809992311823
/work/LAS/jernigan-lab/Ben/ProjectHIV/ProtGOs01/gagB62BlastOutUNI.tsv	GO:0006085	20	41974	426	3099283	3.4665803624018534	3.7969189105704862e-06	0.024482533135358496
/work/LAS/jernigan-lab/Ben/ProjectHIV/ProtGOs01/gagB62BlastOutUNI.tsv	GO:0019481	4	41974	5	3099283	59.07052937532758	3.8076865925312362e-06	0.02455196314864141
/work/LAS/jernigan-lab/Ben/ProjectHIV/ProtGOs01/gagB62BlastOutUNI.tsv	GO:0047305	4	41974	5	3099283	59.07052937532758	3.8076865925312362e-06	0.02455196314864141
/work/LAS/jernigan-lab/Ben/ProjectHIV/ProtGOs01/gagB62BlastOutUNI.tsv	GO:0047485	19	41974	389	3099283	3.6064911893676865	3.827362505138436e-06	0.024678833433132638
/work/LAS/jernigan-lab/Ben/ProjectHIV/ProtGOs01/gagB62BlastOutUNI.tsv	GO:1903799	7	41974	42	3099283	12.30636028652658	3.996811372772367e-06	0.02577143973163622
/work/LAS/jernigan-lab/Ben/ProjectHIV/ProtGOs01/gagB62BlastOutUNI.tsv	GO:0008683	5	41974	14	3099283	26.370772042556958	4.2373543483835885e-06	0.027322460838377378
/work/LAS/jernigan-lab/Ben/ProjectHIV/ProtGOs01/gagB62BlastOutUNI.tsv	GO:0004510	5	41974	14	3099283	26.370772042556958	4.2373543483835885e-06	0.027322460838377378
/work/LAS/jernigan-lab/Ben/ProjectHIV/ProtGOs01/gagB62BlastOutUNI.tsv	GO:0004351	7	41974	43	3099283	12.02016586125852	4.59355497120917e-06	0.02961924245435673
/work/LAS/jernigan-lab/Ben/ProjectHIV/ProtGOs01/gagB62BlastOutUNI.tsv	GO:0051597	7	41974	44	3099283	11.746980273502645	5.262610014562138e-06	0.033933309373896665
/work/LAS/jernigan-lab/Ben/ProjectHIV/ProtGOs01/gagB62BlastOutUNI.tsv	GO:0008915	15	41974	258	3099283	4.2929163790209	5.527191815518019e-06	0.03563933282646019
/work/LAS/jernigan-lab/Ben/ProjectHIV/ProtGOs01/gagB62BlastOutUNI.tsv	GO:0050251	5	41974	15	3099283	24.61272057305316	5.5871734577408525e-06	0.03602609445551302
/work/LAS/jernigan-lab/Ben/ProjectHIV/ProtGOs01/gagB62BlastOutUNI.tsv	GO:0032474	5	41974	15	3099283	24.61272057305316	5.5871734577408525e-06	0.03602609445551302
/work/LAS/jernigan-lab/Ben/ProjectHIV/ProtGOs01/gagB62BlastOutUNI.tsv	GO:0003148	9	41974	86	3099283	7.72724948223762	5.674180213085087e-06	0.03658711401397264
/work/LAS/jernigan-lab/Ben/ProjectHIV/ProtGOs01/gagB62BlastOutUNI.tsv	GO:0052085	4	41974	6	3099283	49.22544114610632	6.2784512877800065e-06	0.040483453903605485
/work/LAS/jernigan-lab/Ben/ProjectHIV/ProtGOs01/gagB62BlastOutUNI.tsv	GO:0005604	18	41974	368	3099283	3.611649214524105	6.663121075937122e-06	0.04296380469764256
/work/LAS/jernigan-lab/Ben/ProjectHIV/ProtGOs01/gagB62BlastOutUNI.tsv	GO:0001786	14	41974	230	3099283	4.494496800296664	6.862455177848658e-06	0.04424911098676815
/work/LAS/jernigan-lab/Ben/ProjectHIV/ProtGOs01/gagB62BlastOutUNI.tsv	GO:0009733	14	41974	232	3099283	4.455751138225141	7.529144407686508e-06	0.0485479231407626