/work/LAS/jernigan-lab/Ben/ProjectHIV/ProtGOs01/gagB62BlastOutUNI.tsv	GO:0044196	65	9861	316	3099283	64.64970527034642	3.7278493405399845e-89	9.77814882023638e-86
/work/LAS/jernigan-lab/Ben/ProjectHIV/ProtGOs01/gagB62BlastOutUNI.tsv	GO:0051028	71	9861	793	3099283	28.14008705879314	7.849584339095625e-74	2.0589459721447824e-70
/work/LAS/jernigan-lab/Ben/ProjectHIV/ProtGOs01/gagB62BlastOutUNI.tsv	GO:0030430	76	9861	2716	3099283	8.794762216906308	4.67323772456211e-44	1.2257902551526414e-40
/work/LAS/jernigan-lab/Ben/ProjectHIV/ProtGOs01/gagB62BlastOutUNI.tsv	GO:0016032	54	9861	1152	3099283	14.732673220261637	1.1823321625598928e-42	3.1012572623945985e-39
/work/LAS/jernigan-lab/Ben/ProjectHIV/ProtGOs01/gagB62BlastOutUNI.tsv	GO:0035596	36	9861	643	3099283	17.596723224200524	1.5008384114593859e-31	3.9366991532579694e-28
/work/LAS/jernigan-lab/Ben/ProjectHIV/ProtGOs01/gagB62BlastOutUNI.tsv	GO:0005260	15	9861	42	3099283	112.24893882104104	6.51091600080062e-25	1.707813267010003e-21
/work/LAS/jernigan-lab/Ben/ProjectHIV/ProtGOs01/gagB62BlastOutUNI.tsv	GO:0051454	15	9861	54	3099283	87.30473019414303	1.614471979433258e-23	4.2347600020534356e-20
/work/LAS/jernigan-lab/Ben/ProjectHIV/ProtGOs01/gagB62BlastOutUNI.tsv	GO:0044176	13	9861	25	3099283	163.43445492343577	1.667888599048745e-23	4.3748717953048584e-20
/work/LAS/jernigan-lab/Ben/ProjectHIV/ProtGOs01/gagB62BlastOutUNI.tsv	GO:0035377	15	9861	55	3099283	85.71737146334043	2.0486669809405965e-23	5.373653491007185e-20
/work/LAS/jernigan-lab/Ben/ProjectHIV/ProtGOs01/gagB62BlastOutUNI.tsv	GO:0003968	34	9861	1027	3099283	10.405159664813151	7.288302340189124e-23	1.9117217038316073e-19
/work/LAS/jernigan-lab/Ben/ProjectHIV/ProtGOs01/gagB62BlastOutUNI.tsv	GO:0019869	15	9861	68	3099283	69.3302269188783	3.323279210705002e-22	8.71696136967922e-19
/work/LAS/jernigan-lab/Ben/ProjectHIV/ProtGOs01/gagB62BlastOutUNI.tsv	GO:0060081	15	9861	80	3099283	58.93069288104655	2.9091192061843568e-21	7.630619677821568e-18
/work/LAS/jernigan-lab/Ben/ProjectHIV/ProtGOs01/gagB62BlastOutUNI.tsv	GO:0006370	21	9861	293	3099283	22.526408200263525	3.809858617807493e-21	9.993259154509055e-18
/work/LAS/jernigan-lab/Ben/ProjectHIV/ProtGOs01/gagB62BlastOutUNI.tsv	GO:0015106	15	9861	90	3099283	52.38283811648582	1.423963963916075e-20	3.735057477351865e-17
/work/LAS/jernigan-lab/Ben/ProjectHIV/ProtGOs01/gagB62BlastOutUNI.tsv	GO:1904322	15	9861	94	3099283	50.153781175358766	2.5669846973524118e-20	6.733200861155376e-17
/work/LAS/jernigan-lab/Ben/ProjectHIV/ProtGOs01/gagB62BlastOutUNI.tsv	GO:0050891	15	9861	99	3099283	47.62076192407802	5.1909074697491883e-20	1.361575029315212e-16
/work/LAS/jernigan-lab/Ben/ProjectHIV/ProtGOs01/gagB62BlastOutUNI.tsv	GO:0015108	15	9861	103	3099283	45.77141194644392	8.90293501138774e-20	2.3352398534870045e-16
/work/LAS/jernigan-lab/Ben/ProjectHIV/ProtGOs01/gagB62BlastOutUNI.tsv	GO:0015701	15	9861	108	3099283	43.65236509707152	1.7002284708071016e-19	4.459699278927028e-16
/work/LAS/jernigan-lab/Ben/ProjectHIV/ProtGOs01/gagB62BlastOutUNI.tsv	GO:0004651	13	9861	62	3099283	65.90098988848216	3.49605660389617e-19	9.170156472019654e-16
/work/LAS/jernigan-lab/Ben/ProjectHIV/ProtGOs01/gagB62BlastOutUNI.tsv	GO:0039694	29	9861	935	3099283	9.748250087987735	5.185834810351734e-19	1.3602444707552597e-15
/work/LAS/jernigan-lab/Ben/ProjectHIV/ProtGOs01/gagB62BlastOutUNI.tsv	GO:0003724	39	9861	1900	3099283	6.4513600627672005	5.794628020731139e-19	1.5199309298377777e-15
/work/LAS/jernigan-lab/Ben/ProjectHIV/ProtGOs01/gagB62BlastOutUNI.tsv	GO:0071320	18	9861	241	3099283	23.474466873777878	1.2185340804170653e-18	3.196214892933962e-15
/work/LAS/jernigan-lab/Ben/ProjectHIV/ProtGOs01/gagB62BlastOutUNI.tsv	GO:0048240	15	9861	131	3099283	35.988209393005526	2.40151051438166e-18	6.299162079223094e-15
/work/LAS/jernigan-lab/Ben/ProjectHIV/ProtGOs01/gagB62BlastOutUNI.tsv	GO:0044162	14	9861	123	3099283	35.77364554296592	3.461751119279475e-17	9.080173185870062e-14
/work/LAS/jernigan-lab/Ben/ProjectHIV/ProtGOs01/gagB62BlastOutUNI.tsv	GO:0004652	14	9861	131	3099283	33.58899543347182	7.781690961946193e-17	2.0411375393184865e-13
/work/LAS/jernigan-lab/Ben/ProjectHIV/ProtGOs01/gagB62BlastOutUNI.tsv	GO:0033362	13	9861	100	3099283	40.85861373085894	9.477950368380383e-17	2.486066381626175e-13
/work/LAS/jernigan-lab/Ben/ProjectHIV/ProtGOs01/gagB62BlastOutUNI.tsv	GO:0010285	13	9861	102	3099283	40.05746444201857	1.1990413997632585e-16	3.1450855915790267e-13
/work/LAS/jernigan-lab/Ben/ProjectHIV/ProtGOs01/gagB62BlastOutUNI.tsv	GO:0003723	132	9861	18668	3099283	2.222370247924618	7.547266805330179e-16	1.979648083038106e-12
/work/LAS/jernigan-lab/Ben/ProjectHIV/ProtGOs01/gagB62BlastOutUNI.tsv	GO:0003700	78	9861	8446	3099283	2.902577342945224	1.1705997324627697e-15	3.0704830982498448e-12
/work/LAS/jernigan-lab/Ben/ProjectHIV/ProtGOs01/gagB62BlastOutUNI.tsv	GO:0020002	36	9861	2048	3099283	5.5247524575981135	1.2643008145724608e-15	3.3162610366235646e-12
/work/LAS/jernigan-lab/Ben/ProjectHIV/ProtGOs01/gagB62BlastOutUNI.tsv	GO:0008174	13	9861	133	3099283	30.720762203653337	2.841680743214027e-15	7.453728589450393e-12
/work/LAS/jernigan-lab/Ben/ProjectHIV/ProtGOs01/gagB62BlastOutUNI.tsv	GO:1902476	15	9861	237	3099283	19.892217006260438	8.66753685447554e-15	2.2734949169289342e-11
/work/LAS/jernigan-lab/Ben/ProjectHIV/ProtGOs01/gagB62BlastOutUNI.tsv	GO:0044220	15	9861	241	3099283	19.56205572814823	1.0920964120503389e-14	2.8645688888080387e-11
/work/LAS/jernigan-lab/Ben/ProjectHIV/ProtGOs01/gagB62BlastOutUNI.tsv	GO:0039547	10	9861	58	3099283	54.18914287912326	2.546690685896163e-14	6.679969669105636e-11
/work/LAS/jernigan-lab/Ben/ProjectHIV/ProtGOs01/gagB62BlastOutUNI.tsv	GO:0005254	15	9861	263	3099283	17.92568604746663	3.643804079295331e-14	9.557698099991652e-11
/work/LAS/jernigan-lab/Ben/ProjectHIV/ProtGOs01/gagB62BlastOutUNI.tsv	GO:0034707	15	9861	310	3099283	15.207920743495883	3.491297877800221e-13	9.15767433346998e-10
/work/LAS/jernigan-lab/Ben/ProjectHIV/ProtGOs01/gagB62BlastOutUNI.tsv	GO:0042626	22	9861	933	3099283	7.411076775322752	1.6311620721534723e-12	4.278538115258558e-09
/work/LAS/jernigan-lab/Ben/ProjectHIV/ProtGOs01/gagB62BlastOutUNI.tsv	GO:0055038	15	9861	361	3099283	13.059433325439677	2.7947834260601304e-12	7.330716926555722e-09
/work/LAS/jernigan-lab/Ben/ProjectHIV/ProtGOs01/gagB62BlastOutUNI.tsv	GO:0005432	7	9861	21	3099283	104.76567623297164	3.6157784837868716e-12	9.484186962972965e-09
/work/LAS/jernigan-lab/Ben/ProjectHIV/ProtGOs01/gagB62BlastOutUNI.tsv	GO:0039563	11	9861	146	3099283	23.679913121151124	5.37667258229765e-12	1.4103012183366736e-08
/work/LAS/jernigan-lab/Ben/ProjectHIV/ProtGOs01/gagB62BlastOutUNI.tsv	GO:0039520	13	9861	272	3099283	15.021549165756962	1.48099602183327e-11	3.884652565268667e-08
/work/LAS/jernigan-lab/Ben/ProjectHIV/ProtGOs01/gagB62BlastOutUNI.tsv	GO:0039523	14	9861	341	3099283	12.903690327814688	1.7135828194904975e-11	4.494727735523575e-08
/work/LAS/jernigan-lab/Ben/ProjectHIV/ProtGOs01/gagB62BlastOutUNI.tsv	GO:0034976	15	9861	453	3099283	10.407186380758771	5.998961363736303e-11	1.573527565708032e-07
/work/LAS/jernigan-lab/Ben/ProjectHIV/ProtGOs01/gagB62BlastOutUNI.tsv	GO:0006400	39	9861	3503	3099283	3.499167604698168	7.85704521361859e-11	2.0609029595321562e-07
/work/LAS/jernigan-lab/Ben/ProjectHIV/ProtGOs01/gagB62BlastOutUNI.tsv	GO:0035598	6	9861	17	3099283	110.92836307020526	9.830885805527591e-11	2.578641346789887e-07
/work/LAS/jernigan-lab/Ben/ProjectHIV/ProtGOs01/gagB62BlastOutUNI.tsv	GO:0061712	6	9861	20	3099283	94.28910860967447	2.2239015458677e-10	5.833293754810977e-07
/work/LAS/jernigan-lab/Ben/ProjectHIV/ProtGOs01/gagB62BlastOutUNI.tsv	GO:0044186	7	9861	44	3099283	50.00180002028192	3.3167218697212986e-10	8.699761464278966e-07
/work/LAS/jernigan-lab/Ben/ProjectHIV/ProtGOs01/gagB62BlastOutUNI.tsv	GO:0044191	7	9861	47	3099283	46.810195763668176	5.031500197287823e-10	1.319762501748596e-06
/work/LAS/jernigan-lab/Ben/ProjectHIV/ProtGOs01/gagB62BlastOutUNI.tsv	GO:0008234	17	9861	726	3099283	7.359572297357512	5.755507496098353e-10	1.509669616226598e-06
/work/LAS/jernigan-lab/Ben/ProjectHIV/ProtGOs01/gagB62BlastOutUNI.tsv	GO:0019062	22	9861	1284	3099283	5.3851515820686355	5.903566260404024e-10	1.5485054301039755e-06
/work/LAS/jernigan-lab/Ben/ProjectHIV/ProtGOs01/gagB62BlastOutUNI.tsv	GO:0051539	82	9861	11984	3099283	2.1505637811507863	6.866122591510897e-10	1.8009839557533082e-06
/work/LAS/jernigan-lab/Ben/ProjectHIV/ProtGOs01/gagB62BlastOutUNI.tsv	GO:0019087	7	9861	53	3099283	41.51092831872461	1.079111797680522e-09	2.8305102453160094e-06
/work/LAS/jernigan-lab/Ben/ProjectHIV/ProtGOs01/gagB62BlastOutUNI.tsv	GO:0016853	19	9861	978	3099283	6.105974995173193	1.1720243919097309e-09	3.074219979979224e-06
/work/LAS/jernigan-lab/Ben/ProjectHIV/ProtGOs01/gagB62BlastOutUNI.tsv	GO:0004197	18	9861	885	3099283	6.392481939638947	1.5795479442691682e-09	4.143154257818028e-06
/work/LAS/jernigan-lab/Ben/ProjectHIV/ProtGOs01/gagB62BlastOutUNI.tsv	GO:0005769	20	9861	1164	3099283	5.400292589328435	3.3129408564432434e-09	8.689843866450627e-06
/work/LAS/jernigan-lab/Ben/ProjectHIV/ProtGOs01/gagB62BlastOutUNI.tsv	GO:0031901	15	9861	626	3099283	7.531078962434064	4.280777782429843e-09	1.1228480123313479e-05
/work/LAS/jernigan-lab/Ben/ProjectHIV/ProtGOs01/gagB62BlastOutUNI.tsv	GO:0039502	16	9861	731	3099283	6.87927832993521	4.591948420521215e-09	1.2044680707027148e-05
/work/LAS/jernigan-lab/Ben/ProjectHIV/ProtGOs01/gagB62BlastOutUNI.tsv	GO:0102084	5	9861	16	3099283	98.21782146841092	6.2691927652127845e-09	1.6444092623153132e-05
/work/LAS/jernigan-lab/Ben/ProjectHIV/ProtGOs01/gagB62BlastOutUNI.tsv	GO:0102938	5	9861	16	3099283	98.21782146841092	6.2691927652127845e-09	1.6444092623153132e-05
/work/LAS/jernigan-lab/Ben/ProjectHIV/ProtGOs01/gagB62BlastOutUNI.tsv	GO:0016206	5	9861	16	3099283	98.21782146841092	6.2691927652127845e-09	1.6444092623153132e-05
/work/LAS/jernigan-lab/Ben/ProjectHIV/ProtGOs01/gagB62BlastOutUNI.tsv	GO:0019082	9	9861	170	3099283	16.63925446053079	8.509926281892644e-09	2.2321536637404403e-05
/work/LAS/jernigan-lab/Ben/ProjectHIV/ProtGOs01/gagB62BlastOutUNI.tsv	GO:0042424	5	9861	18	3099283	87.30473019414303	1.0312013876592672e-08	2.704841239830258e-05
/work/LAS/jernigan-lab/Ben/ProjectHIV/ProtGOs01/gagB62BlastOutUNI.tsv	GO:0098735	5	9861	20	3099283	78.57425717472873	1.6196242672474653e-08	4.248274452990101e-05
/work/LAS/jernigan-lab/Ben/ProjectHIV/ProtGOs01/gagB62BlastOutUNI.tsv	GO:0015491	5	9861	20	3099283	78.57425717472873	1.6196242672474653e-08	4.248274452990101e-05
/work/LAS/jernigan-lab/Ben/ProjectHIV/ProtGOs01/gagB62BlastOutUNI.tsv	GO:0016020	62	9861	8665	3099283	2.248865063973771	1.702888678412282e-08	4.466677003475416e-05
/work/LAS/jernigan-lab/Ben/ProjectHIV/ProtGOs01/gagB62BlastOutUNI.tsv	GO:0016459	11	9861	326	3099283	10.60511446530081	1.7252653834337622e-08	4.5253711007467585e-05
/work/LAS/jernigan-lab/Ben/ProjectHIV/ProtGOs01/gagB62BlastOutUNI.tsv	GO:0015821	9	9861	198	3099283	14.286228577223405	2.9892047948837995e-08	7.840684176980206e-05
/work/LAS/jernigan-lab/Ben/ProjectHIV/ProtGOs01/gagB62BlastOutUNI.tsv	GO:1905060	4	9861	7	3099283	179.59830211366565	3.283587715209497e-08	8.61285057699451e-05
/work/LAS/jernigan-lab/Ben/ProjectHIV/ProtGOs01/gagB62BlastOutUNI.tsv	GO:0050415	7	9861	95	3099283	23.158728430446363	4.592819353563366e-08	0.00012046965164396709
/work/LAS/jernigan-lab/Ben/ProjectHIV/ProtGOs01/gagB62BlastOutUNI.tsv	GO:0021691	4	9861	8	3099283	157.14851434945746	4.9128874494783525e-08	0.00012886503779981718
/work/LAS/jernigan-lab/Ben/ProjectHIV/ProtGOs01/gagB62BlastOutUNI.tsv	GO:0015424	10	9861	289	3099283	10.875329712765222	6.089972882147617e-08	0.00015973998869873199
/work/LAS/jernigan-lab/Ben/ProjectHIV/ProtGOs01/gagB62BlastOutUNI.tsv	GO:1903767	4	9861	9	3099283	139.68756831062885	7.078393557627431e-08	0.0001856662630165675
/work/LAS/jernigan-lab/Ben/ProjectHIV/ProtGOs01/gagB62BlastOutUNI.tsv	GO:0045071	8	9861	157	3099283	16.015135220326876	7.571947827450965e-08	0.0001986121915140388
/work/LAS/jernigan-lab/Ben/ProjectHIV/ProtGOs01/gagB62BlastOutUNI.tsv	GO:0106138	4	9861	10	3099283	125.71881147956597	9.884618524561914e-08	0.000259273543899259
/work/LAS/jernigan-lab/Ben/ProjectHIV/ProtGOs01/gagB62BlastOutUNI.tsv	GO:1902161	4	9861	10	3099283	125.71881147956597	9.884618524561914e-08	0.000259273543899259
/work/LAS/jernigan-lab/Ben/ProjectHIV/ProtGOs01/gagB62BlastOutUNI.tsv	GO:0032502	8	9861	167	3099283	15.056145087373169	1.1906420983948992e-07	0.00031230542240898206
/work/LAS/jernigan-lab/Ben/ProjectHIV/ProtGOs01/gagB62BlastOutUNI.tsv	GO:0001561	5	9861	34	3099283	46.22015127925219	1.6913968515598926e-07	0.0004436533941641598
/work/LAS/jernigan-lab/Ben/ProjectHIV/ProtGOs01/gagB62BlastOutUNI.tsv	GO:0045963	4	9861	12	3099283	104.76567623297164	1.7881004706209922e-07	0.00046901875344388625
/work/LAS/jernigan-lab/Ben/ProjectHIV/ProtGOs01/gagB62BlastOutUNI.tsv	GO:0009022	11	9861	422	3099283	8.192576577459867	2.136876788332627e-07	0.0005605027815796481
/work/LAS/jernigan-lab/Ben/ProjectHIV/ProtGOs01/gagB62BlastOutUNI.tsv	GO:0000077	8	9861	183	3099283	13.739760817438903	2.3239184878928485e-07	0.0006095638193742941
/work/LAS/jernigan-lab/Ben/ProjectHIV/ProtGOs01/gagB62BlastOutUNI.tsv	GO:0001582	4	9861	13	3099283	96.70677806120459	2.332356939878696e-07	0.000611777225330182
/work/LAS/jernigan-lab/Ben/ProjectHIV/ProtGOs01/gagB62BlastOutUNI.tsv	GO:1902943	4	9861	13	3099283	96.70677806120459	2.332356939878696e-07	0.000611777225330182
/work/LAS/jernigan-lab/Ben/ProjectHIV/ProtGOs01/gagB62BlastOutUNI.tsv	GO:0005152	4	9861	14	3099283	89.79915105683283	2.991142662230448e-07	0.0007845767203030465
/work/LAS/jernigan-lab/Ben/ProjectHIV/ProtGOs01/gagB62BlastOutUNI.tsv	GO:0000175	15	9861	883	3099283	5.339134122858124	3.3031251417298177e-07	0.0008664097246757312
/work/LAS/jernigan-lab/Ben/ProjectHIV/ProtGOs01/gagB62BlastOutUNI.tsv	GO:0031177	12	9861	546	3099283	6.907627004371756	3.579267996556492e-07	0.0009388419954967679
/work/LAS/jernigan-lab/Ben/ProjectHIV/ProtGOs01/gagB62BlastOutUNI.tsv	GO:0039645	8	9861	195	3099283	12.894237074827279	3.691144305943216e-07	0.0009681871514489055
/work/LAS/jernigan-lab/Ben/ProjectHIV/ProtGOs01/gagB62BlastOutUNI.tsv	GO:0016324	20	9861	1572	3099283	3.9986899325561693	3.795170906491712e-07	0.0009954733287727761
/work/LAS/jernigan-lab/Ben/ProjectHIV/ProtGOs01/gagB62BlastOutUNI.tsv	GO:0035600	5	9861	41	3099283	38.32890593889206	3.953104291344056e-07	0.001036899255619546
/work/LAS/jernigan-lab/Ben/ProjectHIV/ProtGOs01/gagB62BlastOutUNI.tsv	GO:0039654	13	9861	668	3099283	6.1165589417453505	4.51994071053045e-07	0.001185580448372137
/work/LAS/jernigan-lab/Ben/ProjectHIV/ProtGOs01/gagB62BlastOutUNI.tsv	GO:0099055	7	9861	142	3099283	15.493515499242285	6.123143915459845e-07	0.0016061006490251173
/work/LAS/jernigan-lab/Ben/ProjectHIV/ProtGOs01/gagB62BlastOutUNI.tsv	GO:0050668	3	9861	3	3099283	314.2970286989149	6.339136533832986e-07	0.001662755512824392
/work/LAS/jernigan-lab/Ben/ProjectHIV/ProtGOs01/gagB62BlastOutUNI.tsv	GO:0044557	3	9861	3	3099283	314.2970286989149	6.339136533832986e-07	0.001662755512824392
/work/LAS/jernigan-lab/Ben/ProjectHIV/ProtGOs01/gagB62BlastOutUNI.tsv	GO:0014014	3	9861	3	3099283	314.2970286989149	6.339136533832986e-07	0.001662755512824392
/work/LAS/jernigan-lab/Ben/ProjectHIV/ProtGOs01/gagB62BlastOutUNI.tsv	GO:1904935	3	9861	3	3099283	314.2970286989149	6.339136533832986e-07	0.001662755512824392
/work/LAS/jernigan-lab/Ben/ProjectHIV/ProtGOs01/gagB62BlastOutUNI.tsv	GO:0070588	9	9861	295	3099283	9.588722909458422	7.633561203810172e-07	0.002002283103759408
/work/LAS/jernigan-lab/Ben/ProjectHIV/ProtGOs01/gagB62BlastOutUNI.tsv	GO:0003341	7	9861	150	3099283	14.667194672616029	8.701219268559861e-07	0.0022823298141432516
/work/LAS/jernigan-lab/Ben/ProjectHIV/ProtGOs01/gagB62BlastOutUNI.tsv	GO:0045505	6	9861	95	3099283	19.85033865466831	9.986407323391944e-07	0.002619434640925707
/work/LAS/jernigan-lab/Ben/ProjectHIV/ProtGOs01/gagB62BlastOutUNI.tsv	GO:2000660	4	9861	20	3099283	62.859405739782986	1.0229958076627899e-06	0.0026833180034994976
/work/LAS/jernigan-lab/Ben/ProjectHIV/ProtGOs01/gagB62BlastOutUNI.tsv	GO:0019031	19	9861	1535	3099283	3.8903215278693053	1.08505769318451e-06	0.00284610632922297
/work/LAS/jernigan-lab/Ben/ProjectHIV/ProtGOs01/gagB62BlastOutUNI.tsv	GO:1990792	3	9861	5	3099283	188.57821721934894	1.7665253525895008e-06	0.004633595999842261
/work/LAS/jernigan-lab/Ben/ProjectHIV/ProtGOs01/gagB62BlastOutUNI.tsv	GO:0003678	16	9861	1157	3099283	4.346372047694588	1.8867365804588142e-06	0.0049489100505434695
/work/LAS/jernigan-lab/Ben/ProjectHIV/ProtGOs01/gagB62BlastOutUNI.tsv	GO:0044172	7	9861	170	3099283	12.941642358190615	1.9357793999842956e-06	0.005077549366158807
/work/LAS/jernigan-lab/Ben/ProjectHIV/ProtGOs01/gagB62BlastOutUNI.tsv	GO:0044167	10	9861	428	3099283	7.343388521002685	1.9539220839762243e-06	0.005125137626269636
/work/LAS/jernigan-lab/Ben/ProjectHIV/ProtGOs01/gagB62BlastOutUNI.tsv	GO:0042135	5	9861	59	3099283	26.63534141516228	2.096856492349546e-06	0.005500054579432859
/work/LAS/jernigan-lab/Ben/ProjectHIV/ProtGOs01/gagB62BlastOutUNI.tsv	GO:0039595	5	9861	61	3099283	25.762051532697946	2.444867781796176e-06	0.0064128881916513695
/work/LAS/jernigan-lab/Ben/ProjectHIV/ProtGOs01/gagB62BlastOutUNI.tsv	GO:0099580	3	9861	6	3099283	157.14851434945746	2.6434874309095344e-06	0.006933867531275709
/work/LAS/jernigan-lab/Ben/ProjectHIV/ProtGOs01/gagB62BlastOutUNI.tsv	GO:0004843	12	9861	672	3099283	5.612446941052052	2.9223823097219603e-06	0.007665408798400702
/work/LAS/jernigan-lab/Ben/ProjectHIV/ProtGOs01/gagB62BlastOutUNI.tsv	GO:0070205	5	9861	64	3099283	24.55445536710273	3.05029843465964e-06	0.008000932794112235
/work/LAS/jernigan-lab/Ben/ProjectHIV/ProtGOs01/gagB62BlastOutUNI.tsv	GO:0098703	5	9861	66	3099283	23.81038096203901	3.515222291580663e-06	0.00922042807081608
/work/LAS/jernigan-lab/Ben/ProjectHIV/ProtGOs01/gagB62BlastOutUNI.tsv	GO:1904313	3	9861	7	3099283	134.69872658524926	3.767432594674894e-06	0.009881975695832247
/work/LAS/jernigan-lab/Ben/ProjectHIV/ProtGOs01/gagB62BlastOutUNI.tsv	GO:0042417	5	9861	67	3099283	23.455002141710068	3.767613117935911e-06	0.009882449208345894
/work/LAS/jernigan-lab/Ben/ProjectHIV/ProtGOs01/gagB62BlastOutUNI.tsv	GO:0075512	10	9861	463	3099283	6.788272758075916	3.8433509478170645e-06	0.01008110953612416
/work/LAS/jernigan-lab/Ben/ProjectHIV/ProtGOs01/gagB62BlastOutUNI.tsv	GO:0004109	8	9861	270	3099283	9.312504554041924	3.8443894029558295e-06	0.01008383340395314
/work/LAS/jernigan-lab/Ben/ProjectHIV/ProtGOs01/gagB62BlastOutUNI.tsv	GO:0035994	5	9861	68	3099283	23.110075639626096	4.034002417723186e-06	0.010581188341687918
/work/LAS/jernigan-lab/Ben/ProjectHIV/ProtGOs01/gagB62BlastOutUNI.tsv	GO:0039579	5	9861	70	3099283	22.449787764208207	4.6109890767101085e-06	0.012094624348210615
/work/LAS/jernigan-lab/Ben/ProjectHIV/ProtGOs01/gagB62BlastOutUNI.tsv	GO:0036158	5	9861	71	3099283	22.13359357034612	4.922724344777242e-06	0.012912305956350706
/work/LAS/jernigan-lab/Ben/ProjectHIV/ProtGOs01/gagB62BlastOutUNI.tsv	GO:0005846	5	9861	71	3099283	22.13359357034612	4.922724344777242e-06	0.012912305956350706
/work/LAS/jernigan-lab/Ben/ProjectHIV/ProtGOs01/gagB62BlastOutUNI.tsv	GO:0008569	5	9861	72	3099283	21.82618254853576	5.250733954911715e-06	0.013772675163733428
/work/LAS/jernigan-lab/Ben/ProjectHIV/ProtGOs01/gagB62BlastOutUNI.tsv	GO:0035725	8	9861	289	3099283	8.700263770212178	6.227287213266284e-06	0.016334174360397462
/work/LAS/jernigan-lab/Ben/ProjectHIV/ProtGOs01/gagB62BlastOutUNI.tsv	GO:0006351	41	9861	5833	3099283	2.2091853551612397	6.530741362873474e-06	0.01713013459481712
/work/LAS/jernigan-lab/Ben/ProjectHIV/ProtGOs01/gagB62BlastOutUNI.tsv	GO:0098719	5	9861	76	3099283	20.677436098612823	6.737724826763296e-06	0.017673052220600127
/work/LAS/jernigan-lab/Ben/ProjectHIV/ProtGOs01/gagB62BlastOutUNI.tsv	GO:0004967	3	9861	9	3099283	104.76567623297164	6.874165539209623e-06	0.01803093620934684
/work/LAS/jernigan-lab/Ben/ProjectHIV/ProtGOs01/gagB62BlastOutUNI.tsv	GO:1901660	3	9861	9	3099283	104.76567623297164	6.874165539209623e-06	0.01803093620934684
/work/LAS/jernigan-lab/Ben/ProjectHIV/ProtGOs01/gagB62BlastOutUNI.tsv	GO:0048307	3	9861	9	3099283	104.76567623297164	6.874165539209623e-06	0.01803093620934684
/work/LAS/jernigan-lab/Ben/ProjectHIV/ProtGOs01/gagB62BlastOutUNI.tsv	GO:0002026	5	9861	77	3099283	20.408897967462007	7.156375512060105e-06	0.018771172968133656
/work/LAS/jernigan-lab/Ben/ProjectHIV/ProtGOs01/gagB62BlastOutUNI.tsv	GO:0030506	5	9861	78	3099283	20.147245429417623	7.59509880829807e-06	0.01992194417416584
/work/LAS/jernigan-lab/Ben/ProjectHIV/ProtGOs01/gagB62BlastOutUNI.tsv	GO:0099056	7	9861	211	3099283	10.42691564403983	7.604397619474463e-06	0.019946334955881516
/work/LAS/jernigan-lab/Ben/ProjectHIV/ProtGOs01/gagB62BlastOutUNI.tsv	GO:0055036	22	9861	2272	3099283	3.0433691159225917	7.901736231791263e-06	0.020726254135988484
/work/LAS/jernigan-lab/Ben/ProjectHIV/ProtGOs01/gagB62BlastOutUNI.tsv	GO:0005930	9	9861	397	3099283	7.125121557406132	7.968192823675201e-06	0.020900569776500053
/work/LAS/jernigan-lab/Ben/ProjectHIV/ProtGOs01/gagB62BlastOutUNI.tsv	GO:0050916	4	9861	36	3099283	34.92189207765721	8.448752105135659e-06	0.022161076771770833
/work/LAS/jernigan-lab/Ben/ProjectHIV/ProtGOs01/gagB62BlastOutUNI.tsv	GO:0035597	4	9861	36	3099283	34.92189207765721	8.448752105135659e-06	0.022161076771770833
/work/LAS/jernigan-lab/Ben/ProjectHIV/ProtGOs01/gagB62BlastOutUNI.tsv	GO:0039545	7	9861	216	3099283	10.185551855983354	8.810105693306438e-06	0.023108907233542787
/work/LAS/jernigan-lab/Ben/ProjectHIV/ProtGOs01/gagB62BlastOutUNI.tsv	GO:1990089	3	9861	10	3099283	94.28910860967447	8.91517998107294e-06	0.023384517090354322
/work/LAS/jernigan-lab/Ben/ProjectHIV/ProtGOs01/gagB62BlastOutUNI.tsv	GO:0051645	4	9861	37	3099283	33.97805715663945	9.33845614953993e-06	0.024494770480243237
/work/LAS/jernigan-lab/Ben/ProjectHIV/ProtGOs01/gagB62BlastOutUNI.tsv	GO:0030424	19	9861	1793	3099283	3.3305318155490147	9.474194908448723e-06	0.024850813244861
/work/LAS/jernigan-lab/Ben/ProjectHIV/ProtGOs01/gagB62BlastOutUNI.tsv	GO:0030301	5	9861	83	3099283	18.933555945717767	1.011401104517648e-05	0.02652905097149791
/work/LAS/jernigan-lab/Ben/ProjectHIV/ProtGOs01/gagB62BlastOutUNI.tsv	GO:0001147	3	9861	11	3099283	85.71737146334043	1.1319634675904108e-05	0.029691401754896474
/work/LAS/jernigan-lab/Ben/ProjectHIV/ProtGOs01/gagB62BlastOutUNI.tsv	GO:0035902	5	9861	87	3099283	18.06304762637442	1.2563170393004817e-05	0.03295319594085164
/work/LAS/jernigan-lab/Ben/ProjectHIV/ProtGOs01/gagB62BlastOutUNI.tsv	GO:0006089	5	9861	88	3099283	17.857785721529257	1.3242111899310311e-05	0.034734059511890944
/work/LAS/jernigan-lab/Ben/ProjectHIV/ProtGOs01/gagB62BlastOutUNI.tsv	GO:0099508	3	9861	12	3099283	78.57425717472873	1.4115931248674705e-05	0.03702608766527375
/work/LAS/jernigan-lab/Ben/ProjectHIV/ProtGOs01/gagB62BlastOutUNI.tsv	GO:0021759	3	9861	12	3099283	78.57425717472873	1.4115931248674705e-05	0.03702608766527375
/work/LAS/jernigan-lab/Ben/ProjectHIV/ProtGOs01/gagB62BlastOutUNI.tsv	GO:0000339	5	9861	90	3099283	17.460946038828606	1.4685608069240423e-05	0.03852034996561763
/work/LAS/jernigan-lab/Ben/ProjectHIV/ProtGOs01/gagB62BlastOutUNI.tsv	GO:0051959	5	9861	91	3099283	17.269067510929393	1.5451824904587815e-05	0.04053013672473384
/work/LAS/jernigan-lab/Ben/ProjectHIV/ProtGOs01/gagB62BlastOutUNI.tsv	GO:0070509	5	9861	92	3099283	17.08136025537581	1.6248818351667526e-05	0.04262065053642392
/work/LAS/jernigan-lab/Ben/ProjectHIV/ProtGOs01/gagB62BlastOutUNI.tsv	GO:0007018	9	9861	438	3099283	6.458158123950306	1.7009929072432234e-05	0.04461704395698975
/work/LAS/jernigan-lab/Ben/ProjectHIV/ProtGOs01/gagB62BlastOutUNI.tsv	GO:0031053	5	9861	94	3099283	16.717927058452922	1.793860718246337e-05	0.047052966639601415