/work/LAS/jernigan-lab/Ben/ProjectHIV/ProtGOs01/gagB62BlastOutUNI.tsv	GO:0001070	58	755	72	3099283	3306.8140912435615	1.0606700160780948e-171	2.439541036979618e-170
/work/LAS/jernigan-lab/Ben/ProjectHIV/ProtGOs01/gagB62BlastOutUNI.tsv	GO:0050434	58	755	116	3099283	2052.505298013245	1.8804173500095493e-162	4.3249599050219636e-161
/work/LAS/jernigan-lab/Ben/ProjectHIV/ProtGOs01/gagB62BlastOutUNI.tsv	GO:0044196	60	755	316	3099283	779.4323916505994	4.111730203638062e-146	9.456979468367543e-145
/work/LAS/jernigan-lab/Ben/ProjectHIV/ProtGOs01/gagB62BlastOutUNI.tsv	GO:1990970	40	755	42	3099283	3909.5339009776094	3.4648553350277067e-121	7.969167270563726e-120
/work/LAS/jernigan-lab/Ben/ProjectHIV/ProtGOs01/gagB62BlastOutUNI.tsv	GO:0039586	41	755	56	3099283	3005.4541863765376	8.646339388252639e-121	1.988658059298107e-119
/work/LAS/jernigan-lab/Ben/ProjectHIV/ProtGOs01/gagB62BlastOutUNI.tsv	GO:0039525	41	755	66	3099283	2550.08233995585	1.4363791802210016e-118	3.3036721145083034e-117
/work/LAS/jernigan-lab/Ben/ProjectHIV/ProtGOs01/gagB62BlastOutUNI.tsv	GO:0042805	40	755	83	3099283	1978.3183595308385	3.120435868089713e-112	7.17700249660634e-111
/work/LAS/jernigan-lab/Ben/ProjectHIV/ProtGOs01/gagB62BlastOutUNI.tsv	GO:0010801	40	755	97	3099283	1692.787874650099	5.263786183179249e-110	1.2106708221312274e-108
/work/LAS/jernigan-lab/Ben/ProjectHIV/ProtGOs01/gagB62BlastOutUNI.tsv	GO:0030332	40	755	180	3099283	912.2245768947756	1.124657569957878e-100	2.5867124109031195e-99
/work/LAS/jernigan-lab/Ben/ProjectHIV/ProtGOs01/gagB62BlastOutUNI.tsv	GO:0032968	40	755	259	3099283	633.9784704288015	6.716785812100653e-95	1.5448607367831502e-93
/work/LAS/jernigan-lab/Ben/ProjectHIV/ProtGOs01/gagB62BlastOutUNI.tsv	GO:0039502	41	755	731	3099283	230.23999238999465	4.5156292480363245e-80	1.0385947270483546e-78
/work/LAS/jernigan-lab/Ben/ProjectHIV/ProtGOs01/gagB62BlastOutUNI.tsv	GO:0019904	40	755	1179	3099283	139.27092777019473	1.1113844565241733e-69	2.556184250005599e-68
/work/LAS/jernigan-lab/Ben/ProjectHIV/ProtGOs01/gagB62BlastOutUNI.tsv	GO:0030430	44	755	2716	3099283	66.50238078982532	1.2481059963587051e-62	2.8706437916250218e-61
/work/LAS/jernigan-lab/Ben/ProjectHIV/ProtGOs01/gagB62BlastOutUNI.tsv	GO:0006351	40	755	5833	3099283	28.15025267290581	1.1958930038079366e-42	2.7505539087582543e-41
/work/LAS/jernigan-lab/Ben/ProjectHIV/ProtGOs01/gagB62BlastOutUNI.tsv	GO:0016032	19	755	1152	3099283	67.70416781640913	3.0783154050166487e-28	7.080125431538292e-27
/work/LAS/jernigan-lab/Ben/ProjectHIV/ProtGOs01/gagB62BlastOutUNI.tsv	GO:0005576	44	755	26355	3099283	6.853366200916925	6.402332006619379e-22	1.472536361522457e-20
/work/LAS/jernigan-lab/Ben/ProjectHIV/ProtGOs01/gagB62BlastOutUNI.tsv	GO:0046872	44	755	56162	3099283	3.216061860780698	1.1250839356687415e-10	2.5876930520381055e-09
/work/LAS/jernigan-lab/Ben/ProjectHIV/ProtGOs01/gagB62BlastOutUNI.tsv	GO:0003723	20	755	18668	3099283	4.397911502063949	9.452237176073473e-08	2.1740145504968987e-06
/work/LAS/jernigan-lab/Ben/ProjectHIV/ProtGOs01/gagB62BlastOutUNI.tsv	GO:0052312	1	755	1	3099283	4105.01059602649	0.00048767624565821457	0.011216553650138935