/work/LAS/jernigan-lab/Ben/ProjectHIV/ProtGOs01/gagB62BlastOutUNI.tsv	GO:0001070	68	5534	72	3099283	528.9303597960085	1.390712426941805e-146	2.1347435753556706e-143
/work/LAS/jernigan-lab/Ben/ProjectHIV/ProtGOs01/gagB62BlastOutUNI.tsv	GO:0050434	68	5534	116	3099283	328.30160263200526	3.841527270556743e-136	5.8967443603046e-133
/work/LAS/jernigan-lab/Ben/ProjectHIV/ProtGOs01/gagB62BlastOutUNI.tsv	GO:0044196	73	5534	316	3099283	129.37723245941086	3.713123232596665e-121	5.699644162035881e-118
/work/LAS/jernigan-lab/Ben/ProjectHIV/ProtGOs01/gagB62BlastOutUNI.tsv	GO:1990970	40	5534	42	3099283	533.3751527354708	4.896992291532829e-87	7.516883167502892e-84
/work/LAS/jernigan-lab/Ben/ProjectHIV/ProtGOs01/gagB62BlastOutUNI.tsv	GO:0039586	41	5534	56	3099283	410.03214866539315	8.367219963762906e-86	1.2843682644376061e-82
/work/LAS/jernigan-lab/Ben/ProjectHIV/ProtGOs01/gagB62BlastOutUNI.tsv	GO:0039525	41	5534	66	3099283	347.90606553427295	1.3692672311799672e-83	2.1018251998612495e-80
/work/LAS/jernigan-lab/Ben/ProjectHIV/ProtGOs01/gagB62BlastOutUNI.tsv	GO:0042805	42	5534	83	3099283	283.3957136823405	1.2033434298642431e-82	1.8471321648416132e-79
/work/LAS/jernigan-lab/Ben/ProjectHIV/ProtGOs01/gagB62BlastOutUNI.tsv	GO:0010801	40	5534	97	3099283	230.94594242154403	6.849370154918862e-76	1.0513783187800453e-72
/work/LAS/jernigan-lab/Ben/ProjectHIV/ProtGOs01/gagB62BlastOutUNI.tsv	GO:0039502	56	5534	731	3099283	42.90350065779163	1.1775909075282867e-68	1.80760204305592e-65
/work/LAS/jernigan-lab/Ben/ProjectHIV/ProtGOs01/gagB62BlastOutUNI.tsv	GO:0030332	40	5534	180	3099283	124.45420230494318	1.291856337350138e-66	1.9829994778324616e-63
/work/LAS/jernigan-lab/Ben/ProjectHIV/ProtGOs01/gagB62BlastOutUNI.tsv	GO:0032968	40	5534	259	3099283	86.49326801115743	6.851936813274494e-61	1.0517723008376349e-57
/work/LAS/jernigan-lab/Ben/ProjectHIV/ProtGOs01/gagB62BlastOutUNI.tsv	GO:0030430	66	5534	2716	3099283	13.609314464126703	7.889856675980435e-50	1.2110929997629967e-46
/work/LAS/jernigan-lab/Ben/ProjectHIV/ProtGOs01/gagB62BlastOutUNI.tsv	GO:0019904	41	5534	1179	3099283	19.475657612605612	1.5198654426743542e-37	2.332993454505134e-34
/work/LAS/jernigan-lab/Ben/ProjectHIV/ProtGOs01/gagB62BlastOutUNI.tsv	GO:0006351	73	5534	5833	3099283	7.0089500183737075	3.055992656027405e-36	4.690948727002067e-33
/work/LAS/jernigan-lab/Ben/ProjectHIV/ProtGOs01/gagB62BlastOutUNI.tsv	GO:0039548	22	5534	127	3099283	97.01548053692422	3.15110775654235e-35	4.8369504062925076e-32
/work/LAS/jernigan-lab/Ben/ProjectHIV/ProtGOs01/gagB62BlastOutUNI.tsv	GO:0039644	20	5534	118	3099283	94.92269667326175	5.398781931934151e-32	8.287130265518923e-29
/work/LAS/jernigan-lab/Ben/ProjectHIV/ProtGOs01/gagB62BlastOutUNI.tsv	GO:0039557	17	5534	59	3099283	161.36858434454496	6.577433432998065e-31	1.009636031965203e-27
/work/LAS/jernigan-lab/Ben/ProjectHIV/ProtGOs01/gagB62BlastOutUNI.tsv	GO:0016032	33	5534	1152	3099283	16.042924515871583	5.689061261827569e-28	8.732709036905318e-25
/work/LAS/jernigan-lab/Ben/ProjectHIV/ProtGOs01/gagB62BlastOutUNI.tsv	GO:0006557	20	5534	262	3099283	42.751443539865974	1.4514824653886742e-25	2.228025584371615e-22
/work/LAS/jernigan-lab/Ben/ProjectHIV/ProtGOs01/gagB62BlastOutUNI.tsv	GO:0004014	20	5534	265	3099283	42.26746493375429	1.7977795436607292e-25	2.7595915995192196e-22
/work/LAS/jernigan-lab/Ben/ProjectHIV/ProtGOs01/gagB62BlastOutUNI.tsv	GO:0044163	17	5534	159	3099283	59.87890865615191	2.744153978463862e-24	4.212276356942028e-21
/work/LAS/jernigan-lab/Ben/ProjectHIV/ProtGOs01/gagB62BlastOutUNI.tsv	GO:0044220	17	5534	241	3099283	39.505172100946695	2.0640868055949412e-21	3.1683732465882347e-18
/work/LAS/jernigan-lab/Ben/ProjectHIV/ProtGOs01/gagB62BlastOutUNI.tsv	GO:0039520	17	5534	272	3099283	35.00274439826527	1.4299723992964186e-20	2.1950076329200026e-17
/work/LAS/jernigan-lab/Ben/ProjectHIV/ProtGOs01/gagB62BlastOutUNI.tsv	GO:0015220	10	5534	39	3099283	143.60100265954983	2.5210402548808822e-18	3.869796791242154e-15
/work/LAS/jernigan-lab/Ben/ProjectHIV/ProtGOs01/gagB62BlastOutUNI.tsv	GO:0008295	20	5534	685	3099283	16.351647018167718	9.759329352256647e-18	1.4980570555713953e-14
/work/LAS/jernigan-lab/Ben/ProjectHIV/ProtGOs01/gagB62BlastOutUNI.tsv	GO:0015871	10	5534	46	3099283	121.7486761678792	1.079996024824119e-17	1.6577938981050225e-14
/work/LAS/jernigan-lab/Ben/ProjectHIV/ProtGOs01/gagB62BlastOutUNI.tsv	GO:0052696	8	5534	21	3099283	213.3500610941883	4.2563437939779175e-16	6.533487723756103e-13
/work/LAS/jernigan-lab/Ben/ProjectHIV/ProtGOs01/gagB62BlastOutUNI.tsv	GO:0052697	8	5534	23	3099283	194.7978818686067	7.798126161329048e-16	1.197012365764009e-12
/work/LAS/jernigan-lab/Ben/ProjectHIV/ProtGOs01/gagB62BlastOutUNI.tsv	GO:0039648	11	5534	121	3099283	50.91308276111312	1.6571089160225984e-15	2.5436621860946885e-12
/work/LAS/jernigan-lab/Ben/ProjectHIV/ProtGOs01/gagB62BlastOutUNI.tsv	GO:0039595	9	5534	61	3099283	82.62942939918359	1.0792002644621158e-14	1.6565724059493477e-11
/work/LAS/jernigan-lab/Ben/ProjectHIV/ProtGOs01/gagB62BlastOutUNI.tsv	GO:0039579	9	5534	70	3099283	72.00564561928856	3.366315189479813e-14	5.1672938158515126e-11
/work/LAS/jernigan-lab/Ben/ProjectHIV/ProtGOs01/gagB62BlastOutUNI.tsv	GO:0061526	6	5534	7	3099283	480.0376374619237	5.4642070145282526e-14	8.387557767300867e-11
/work/LAS/jernigan-lab/Ben/ProjectHIV/ProtGOs01/gagB62BlastOutUNI.tsv	GO:0019082	11	5534	170	3099283	36.238135377027575	5.54686124672633e-14	8.514432013724916e-11
/work/LAS/jernigan-lab/Ben/ProjectHIV/ProtGOs01/gagB62BlastOutUNI.tsv	GO:0032475	6	5534	8	3099283	420.0329327791832	9.547738022142279e-14	1.4655777863988397e-10
/work/LAS/jernigan-lab/Ben/ProjectHIV/ProtGOs01/gagB62BlastOutUNI.tsv	GO:0035675	6	5534	9	3099283	373.36260691482954	1.588856111869975e-13	2.4388941317204117e-10
/work/LAS/jernigan-lab/Ben/ProjectHIV/ProtGOs01/gagB62BlastOutUNI.tsv	GO:0008270	97	5534	23236	3099283	2.337935070842989	2.826051499513489e-13	4.3379890517532054e-10
/work/LAS/jernigan-lab/Ben/ProjectHIV/ProtGOs01/gagB62BlastOutUNI.tsv	GO:0072494	10	5534	147	3099283	38.09822519539077	4.81807015101989e-13	7.395737681815531e-10
/work/LAS/jernigan-lab/Ben/ProjectHIV/ProtGOs01/gagB62BlastOutUNI.tsv	GO:0039547	8	5534	58	3099283	77.24743591341301	5.370865356433015e-13	8.244278322124679e-10
/work/LAS/jernigan-lab/Ben/ProjectHIV/ProtGOs01/gagB62BlastOutUNI.tsv	GO:0004879	13	5534	382	3099283	19.059085955076377	7.412101908469071e-13	1.1377576429500024e-09
/work/LAS/jernigan-lab/Ben/ProjectHIV/ProtGOs01/gagB62BlastOutUNI.tsv	GO:0019013	17	5534	855	3099283	11.135375995705443	1.053158811469232e-12	1.6165987756052712e-09
/work/LAS/jernigan-lab/Ben/ProjectHIV/ProtGOs01/gagB62BlastOutUNI.tsv	GO:0004197	17	5534	885	3099283	10.757905622969664	1.7889461266812244e-12	2.7460323044556793e-09
/work/LAS/jernigan-lab/Ben/ProjectHIV/ProtGOs01/gagB62BlastOutUNI.tsv	GO:0044172	10	5534	170	3099283	32.94375943366143	1.892082914062529e-12	2.904347273085982e-09
/work/LAS/jernigan-lab/Ben/ProjectHIV/ProtGOs01/gagB62BlastOutUNI.tsv	GO:0008292	6	5534	19	3099283	176.85597169649822	5.536731826975158e-12	8.498883354406866e-09
/work/LAS/jernigan-lab/Ben/ProjectHIV/ProtGOs01/gagB62BlastOutUNI.tsv	GO:0003968	17	5534	1027	3099283	9.270444475489926	1.7272689510936365e-11	2.651357839928732e-08
/work/LAS/jernigan-lab/Ben/ProjectHIV/ProtGOs01/gagB62BlastOutUNI.tsv	GO:0003723	79	5534	18668	3099283	2.3700165480719573	1.784033873636044e-11	2.7384919960313278e-08
/work/LAS/jernigan-lab/Ben/ProjectHIV/ProtGOs01/gagB62BlastOutUNI.tsv	GO:0019706	10	5534	238	3099283	23.531256738329592	4.483222689222653e-11	6.881746827956773e-08
/work/LAS/jernigan-lab/Ben/ProjectHIV/ProtGOs01/gagB62BlastOutUNI.tsv	GO:0016779	14	5534	743	3099283	10.55264434079599	1.9934050529315724e-10	3.059876756249964e-07
/work/LAS/jernigan-lab/Ben/ProjectHIV/ProtGOs01/gagB62BlastOutUNI.tsv	GO:0015020	8	5534	131	3099283	34.20115483189278	2.344795281462429e-10	3.5992607570448283e-07
/work/LAS/jernigan-lab/Ben/ProjectHIV/ProtGOs01/gagB62BlastOutUNI.tsv	GO:0000981	30	5534	4081	3099283	4.116960870170872	2.840516798166499e-10	4.360193285185576e-07
/work/LAS/jernigan-lab/Ben/ProjectHIV/ProtGOs01/gagB62BlastOutUNI.tsv	GO:0090422	5	5534	16	3099283	175.01372199132635	3.5842380601685326e-10	5.501805422358697e-07
/work/LAS/jernigan-lab/Ben/ProjectHIV/ProtGOs01/gagB62BlastOutUNI.tsv	GO:0039694	15	5534	935	3099283	8.984661663725845	3.9518065394947715e-10	6.066023038124475e-07
/work/LAS/jernigan-lab/Ben/ProjectHIV/ProtGOs01/gagB62BlastOutUNI.tsv	GO:0044186	6	5534	44	3099283	76.36962414166968	4.781602634520891e-10	7.339760043989568e-07
/work/LAS/jernigan-lab/Ben/ProjectHIV/ProtGOs01/gagB62BlastOutUNI.tsv	GO:0044191	6	5534	47	3099283	71.4949672815631	6.876430176086881e-10	1.0555320320293362e-06
/work/LAS/jernigan-lab/Ben/ProjectHIV/ProtGOs01/gagB62BlastOutUNI.tsv	GO:0030097	9	5534	234	3099283	21.54015039893247	8.810800575988328e-10	1.3524578884142083e-06
/work/LAS/jernigan-lab/Ben/ProjectHIV/ProtGOs01/gagB62BlastOutUNI.tsv	GO:0019087	6	5534	53	3099283	63.40119740063143	1.3372819969513127e-09	2.052727865320265e-06
/work/LAS/jernigan-lab/Ben/ProjectHIV/ProtGOs01/gagB62BlastOutUNI.tsv	GO:0030974	5	5534	26	3099283	107.70075199466237	2.948617837506615e-09	4.526128380572654e-06
/work/LAS/jernigan-lab/Ben/ProjectHIV/ProtGOs01/gagB62BlastOutUNI.tsv	GO:0009851	6	5534	64	3099283	52.5041165973979	3.826592976918764e-09	5.873820219570303e-06
/work/LAS/jernigan-lab/Ben/ProjectHIV/ProtGOs01/gagB62BlastOutUNI.tsv	GO:0003727	9	5534	285	3099283	17.68559716964982	4.630456986854556e-09	7.107751474821743e-06
/work/LAS/jernigan-lab/Ben/ProjectHIV/ProtGOs01/gagB62BlastOutUNI.tsv	GO:0004843	12	5534	672	3099283	10.000784113790077	6.86052543074478e-09	1.0530906536193237e-05
/work/LAS/jernigan-lab/Ben/ProjectHIV/ProtGOs01/gagB62BlastOutUNI.tsv	GO:0004533	6	5534	75	3099283	44.80351282977954	9.31382900759849e-09	1.429672752666368e-05
/work/LAS/jernigan-lab/Ben/ProjectHIV/ProtGOs01/gagB62BlastOutUNI.tsv	GO:0021801	4	5534	11	3099283	203.65233104445247	1.3586497333368386e-08	2.0855273406720474e-05
/work/LAS/jernigan-lab/Ben/ProjectHIV/ProtGOs01/gagB62BlastOutUNI.tsv	GO:0039714	4	5534	11	3099283	203.65233104445247	1.3586497333368386e-08	2.0855273406720474e-05
/work/LAS/jernigan-lab/Ben/ProjectHIV/ProtGOs01/gagB62BlastOutUNI.tsv	GO:0004527	9	5534	334	3099283	15.091003572904787	1.7451639354368248e-08	2.678826640895526e-05
/work/LAS/jernigan-lab/Ben/ProjectHIV/ProtGOs01/gagB62BlastOutUNI.tsv	GO:0097451	4	5534	13	3099283	172.32120319145977	2.362175360377704e-08	3.625939178179776e-05
/work/LAS/jernigan-lab/Ben/ProjectHIV/ProtGOs01/gagB62BlastOutUNI.tsv	GO:0018230	7	5534	170	3099283	23.060631603563	4.219640864885032e-08	6.477148727598523e-05
/work/LAS/jernigan-lab/Ben/ProjectHIV/ProtGOs01/gagB62BlastOutUNI.tsv	GO:0032447	7	5534	195	3099283	20.104140372336975	1.0388631742148617e-07	0.00015946549724198128
/work/LAS/jernigan-lab/Ben/ProjectHIV/ProtGOs01/gagB62BlastOutUNI.tsv	GO:0007553	3	5534	3	3099283	560.0439103722443	1.1291858117166419e-07	0.00017333002209850453
/work/LAS/jernigan-lab/Ben/ProjectHIV/ProtGOs01/gagB62BlastOutUNI.tsv	GO:0052695	4	5534	28	3099283	80.00627291032062	3.493510218808609e-07	0.0005362538185871215
/work/LAS/jernigan-lab/Ben/ProjectHIV/ProtGOs01/gagB62BlastOutUNI.tsv	GO:0039563	6	5534	146	3099283	23.015503165982643	3.9918138096520207e-07	0.0006127434197815852
/work/LAS/jernigan-lab/Ben/ProjectHIV/ProtGOs01/gagB62BlastOutUNI.tsv	GO:0071691	3	5534	6	3099283	280.02195518612217	4.7235793717282845e-07	0.0007250694335602917
/work/LAS/jernigan-lab/Ben/ProjectHIV/ProtGOs01/gagB62BlastOutUNI.tsv	GO:0003724	16	5534	1900	3099283	4.716159245239952	6.553882868610408e-07	0.0010060210203316977
/work/LAS/jernigan-lab/Ben/ProjectHIV/ProtGOs01/gagB62BlastOutUNI.tsv	GO:0004768	4	5534	34	3099283	65.88751886732285	7.110042179598901e-07	0.0010913914745684314
/work/LAS/jernigan-lab/Ben/ProjectHIV/ProtGOs01/gagB62BlastOutUNI.tsv	GO:0046548	4	5534	35	3099283	64.0050183282565	7.911334412195609e-07	0.001214389832272026
/work/LAS/jernigan-lab/Ben/ProjectHIV/ProtGOs01/gagB62BlastOutUNI.tsv	GO:0046872	154	5534	56162	3099283	1.5356782557125035	7.981557780518044e-07	0.0012251691193095196
/work/LAS/jernigan-lab/Ben/ProjectHIV/ProtGOs01/gagB62BlastOutUNI.tsv	GO:1904071	3	5534	8	3099283	210.0164663895916	9.253665836356043e-07	0.0014204377058806526
/work/LAS/jernigan-lab/Ben/ProjectHIV/ProtGOs01/gagB62BlastOutUNI.tsv	GO:0099526	3	5534	8	3099283	210.0164663895916	9.253665836356043e-07	0.0014204377058806526
/work/LAS/jernigan-lab/Ben/ProjectHIV/ProtGOs01/gagB62BlastOutUNI.tsv	GO:0032896	3	5534	8	3099283	210.0164663895916	9.253665836356043e-07	0.0014204377058806526
/work/LAS/jernigan-lab/Ben/ProjectHIV/ProtGOs01/gagB62BlastOutUNI.tsv	GO:0033644	11	5534	902	3099283	6.829803785027369	1.1631649668716235e-06	0.0017854582241479421
/work/LAS/jernigan-lab/Ben/ProjectHIV/ProtGOs01/gagB62BlastOutUNI.tsv	GO:0007591	3	5534	9	3099283	186.68130345741477	1.232172741756894e-06	0.0018913851585968323
/work/LAS/jernigan-lab/Ben/ProjectHIV/ProtGOs01/gagB62BlastOutUNI.tsv	GO:0055036	17	5534	2272	3099283	4.190469399792321	1.4457902495139852e-06	0.0022192880330039674
/work/LAS/jernigan-lab/Ben/ProjectHIV/ProtGOs01/gagB62BlastOutUNI.tsv	GO:1903966	3	5534	10	3099283	168.0131731116733	1.5996834532846703e-06	0.0024555141007919687
/work/LAS/jernigan-lab/Ben/ProjectHIV/ProtGOs01/gagB62BlastOutUNI.tsv	GO:0020002	16	5534	2048	3099283	4.375343049783159	1.6935261980352583e-06	0.0025995627139841215
/work/LAS/jernigan-lab/Ben/ProjectHIV/ProtGOs01/gagB62BlastOutUNI.tsv	GO:0046549	4	5534	43	3099283	52.09710794160412	1.696162881255737e-06	0.002603610022727556
/work/LAS/jernigan-lab/Ben/ProjectHIV/ProtGOs01/gagB62BlastOutUNI.tsv	GO:0044826	6	5534	192	3099283	17.501372199132636	1.8614930322397214e-06	0.0028573918044879723
/work/LAS/jernigan-lab/Ben/ProjectHIV/ProtGOs01/gagB62BlastOutUNI.tsv	GO:0045785	6	5534	194	3099283	17.320945681615804	1.9727144547074316e-06	0.0030281166879759075
/work/LAS/jernigan-lab/Ben/ProjectHIV/ProtGOs01/gagB62BlastOutUNI.tsv	GO:0021819	4	5534	45	3099283	49.78168092197727	2.0091038987543886e-06	0.0030839744845879867
/work/LAS/jernigan-lab/Ben/ProjectHIV/ProtGOs01/gagB62BlastOutUNI.tsv	GO:0039645	6	5534	195	3099283	17.232120319145977	2.030322819143683e-06	0.0031165455273855537
/work/LAS/jernigan-lab/Ben/ProjectHIV/ProtGOs01/gagB62BlastOutUNI.tsv	GO:0008168	13	5534	1373	3099283	5.302673586918555	2.044672221903909e-06	0.0031385718606225005
/work/LAS/jernigan-lab/Ben/ProjectHIV/ProtGOs01/gagB62BlastOutUNI.tsv	GO:2001223	4	5534	47	3099283	47.66331152104207	2.3629240052327024e-06	0.003627088348032198
/work/LAS/jernigan-lab/Ben/ProjectHIV/ProtGOs01/gagB62BlastOutUNI.tsv	GO:0005758	11	5534	976	3099283	6.311970301326524	2.4428977279149233e-06	0.003749848012349407
/work/LAS/jernigan-lab/Ben/ProjectHIV/ProtGOs01/gagB62BlastOutUNI.tsv	GO:0075713	6	5534	203	3099283	16.553021981445646	2.5424118769519315e-06	0.003902602231121215
/work/LAS/jernigan-lab/Ben/ProjectHIV/ProtGOs01/gagB62BlastOutUNI.tsv	GO:0006612	7	5534	319	3099283	12.289364804406615	2.5438213057716443e-06	0.003904765704359474
/work/LAS/jernigan-lab/Ben/ProjectHIV/ProtGOs01/gagB62BlastOutUNI.tsv	GO:0003964	7	5534	326	3099283	12.025482738054325	2.9238648569016103e-06	0.004488132555343972
/work/LAS/jernigan-lab/Ben/ProjectHIV/ProtGOs01/gagB62BlastOutUNI.tsv	GO:0001582	3	5534	13	3099283	129.24090239359484	3.119705907043799e-06	0.004788748567312232
/work/LAS/jernigan-lab/Ben/ProjectHIV/ProtGOs01/gagB62BlastOutUNI.tsv	GO:0039545	6	5534	216	3099283	15.556775288117898	3.595505005963164e-06	0.005519100184153457
/work/LAS/jernigan-lab/Ben/ProjectHIV/ProtGOs01/gagB62BlastOutUNI.tsv	GO:0009734	7	5534	338	3099283	11.5985425225021	3.68528665324824e-06	0.0056569150127360485
/work/LAS/jernigan-lab/Ben/ProjectHIV/ProtGOs01/gagB62BlastOutUNI.tsv	GO:0098882	3	5534	15	3099283	112.00878207444886	4.533717497954183e-06	0.006959256359359671
/work/LAS/jernigan-lab/Ben/ProjectHIV/ProtGOs01/gagB62BlastOutUNI.tsv	GO:0070528	4	5534	60	3099283	37.336260691482956	5.897617683708926e-06	0.009052843144493202
/work/LAS/jernigan-lab/Ben/ProjectHIV/ProtGOs01/gagB62BlastOutUNI.tsv	GO:0018990	3	5534	17	3099283	98.8312783009843	6.316958600298884e-06	0.009696531451458787
/work/LAS/jernigan-lab/Ben/ProjectHIV/ProtGOs01/gagB62BlastOutUNI.tsv	GO:0055085	14	5534	1771	3099283	4.42722458792288	6.43259313965704e-06	0.009874030469373556
/work/LAS/jernigan-lab/Ben/ProjectHIV/ProtGOs01/gagB62BlastOutUNI.tsv	GO:0048788	3	5534	18	3099283	93.34065172870739	7.359941008827982e-06	0.011297509448550952
/work/LAS/jernigan-lab/Ben/ProjectHIV/ProtGOs01/gagB62BlastOutUNI.tsv	GO:0005927	3	5534	19	3099283	88.42798584824911	8.51065504954278e-06	0.01306385550104817
/work/LAS/jernigan-lab/Ben/ProjectHIV/ProtGOs01/gagB62BlastOutUNI.tsv	GO:0035075	3	5534	19	3099283	88.42798584824911	8.51065504954278e-06	0.01306385550104817
/work/LAS/jernigan-lab/Ben/ProjectHIV/ProtGOs01/gagB62BlastOutUNI.tsv	GO:0035881	3	5534	20	3099283	84.00658655583665	9.774182622112131e-06	0.015003370324942122
/work/LAS/jernigan-lab/Ben/ProjectHIV/ProtGOs01/gagB62BlastOutUNI.tsv	GO:0005789	29	5534	6434	3099283	2.524288685233927	1.0984090967602676e-05	0.016860579635270108
/work/LAS/jernigan-lab/Ben/ProjectHIV/ProtGOs01/gagB62BlastOutUNI.tsv	GO:0003678	11	5534	1157	3099283	5.324531559286679	1.1723539533396778e-05	0.017995633183764053
/work/LAS/jernigan-lab/Ben/ProjectHIV/ProtGOs01/gagB62BlastOutUNI.tsv	GO:0004930	15	5534	2135	3099283	3.9347347332944564	1.2052133382339064e-05	0.018500024741890463
/work/LAS/jernigan-lab/Ben/ProjectHIV/ProtGOs01/gagB62BlastOutUNI.tsv	GO:0050917	3	5534	23	3099283	73.04920570072751	1.429204649608454e-05	0.021938291371489768
/work/LAS/jernigan-lab/Ben/ProjectHIV/ProtGOs01/gagB62BlastOutUNI.tsv	GO:0052595	3	5534	23	3099283	73.04920570072751	1.429204649608454e-05	0.021938291371489768
/work/LAS/jernigan-lab/Ben/ProjectHIV/ProtGOs01/gagB62BlastOutUNI.tsv	GO:0052596	3	5534	23	3099283	73.04920570072751	1.429204649608454e-05	0.021938291371489768
/work/LAS/jernigan-lab/Ben/ProjectHIV/ProtGOs01/gagB62BlastOutUNI.tsv	GO:0052593	3	5534	23	3099283	73.04920570072751	1.429204649608454e-05	0.021938291371489768
/work/LAS/jernigan-lab/Ben/ProjectHIV/ProtGOs01/gagB62BlastOutUNI.tsv	GO:0052594	3	5534	23	3099283	73.04920570072751	1.429204649608454e-05	0.021938291371489768
/work/LAS/jernigan-lab/Ben/ProjectHIV/ProtGOs01/gagB62BlastOutUNI.tsv	GO:1990257	2	5534	2	3099283	560.0439103722443	1.9026517844134714e-05	0.029205704890746784
/work/LAS/jernigan-lab/Ben/ProjectHIV/ProtGOs01/gagB62BlastOutUNI.tsv	GO:0060746	2	5534	2	3099283	560.0439103722443	1.9026517844134714e-05	0.029205704890746784
/work/LAS/jernigan-lab/Ben/ProjectHIV/ProtGOs01/gagB62BlastOutUNI.tsv	GO:0008502	3	5534	29	3099283	57.93557693505976	2.704721339044191e-05	0.04151747255432833
/work/LAS/jernigan-lab/Ben/ProjectHIV/ProtGOs01/gagB62BlastOutUNI.tsv	GO:0015074	7	5534	474	3099283	8.270690659505718	3.111586574450828e-05	0.04776285391782021