/work/LAS/jernigan-lab/Ben/ProjectHIV/ProtGOs01/gagB62BlastOutUNI.tsv	GO:0019058	62	35745	182	3099283	29.536989881010022	3.10583732133177e-63	1.9718961153135408e-59
/work/LAS/jernigan-lab/Ben/ProjectHIV/ProtGOs01/gagB62BlastOutUNI.tsv	GO:0045127	37	35745	77	3099283	41.66361329256839	7.041406743615481e-43	4.470589141521469e-39
/work/LAS/jernigan-lab/Ben/ProjectHIV/ProtGOs01/gagB62BlastOutUNI.tsv	GO:0003968	71	35745	1027	3099283	5.994236002801952	9.510306178500116e-31	6.0380933927297236e-27
/work/LAS/jernigan-lab/Ben/ProjectHIV/ProtGOs01/gagB62BlastOutUNI.tsv	GO:0004045	59	35745	790	3099283	6.475463400209996	1.9105268356903153e-27	1.2129934879797812e-23
/work/LAS/jernigan-lab/Ben/ProjectHIV/ProtGOs01/gagB62BlastOutUNI.tsv	GO:0004601	54	35745	686	3099283	6.825203060062224	2.8498927862645325e-26	1.8093969299993518e-22
/work/LAS/jernigan-lab/Ben/ProjectHIV/ProtGOs01/gagB62BlastOutUNI.tsv	GO:0007017	47	35745	518	3099283	7.867088412073724	1.7573329774851558e-25	1.1157307074053253e-21
/work/LAS/jernigan-lab/Ben/ProjectHIV/ProtGOs01/gagB62BlastOutUNI.tsv	GO:0005200	52	35745	688	3099283	6.553311895955525	1.3028419114016133e-24	8.271743295488843e-21
/work/LAS/jernigan-lab/Ben/ProjectHIV/ProtGOs01/gagB62BlastOutUNI.tsv	GO:0006044	40	35745	380	3099283	9.126879725541297	4.2511655826075795e-24	2.699065028397552e-20
/work/LAS/jernigan-lab/Ben/ProjectHIV/ProtGOs01/gagB62BlastOutUNI.tsv	GO:0016020	218	35745	8665	3099283	2.1813927191686124	4.764176612570081e-24	3.0247757313207445e-20
/work/LAS/jernigan-lab/Ben/ProjectHIV/ProtGOs01/gagB62BlastOutUNI.tsv	GO:0019012	81	35745	1825	3099283	3.848292574687139	7.14728525925844e-23	4.537811411103183e-19
/work/LAS/jernigan-lab/Ben/ProjectHIV/ProtGOs01/gagB62BlastOutUNI.tsv	GO:0047442	17	35745	24	3099283	61.41629481978831	1.0919131969141962e-22	6.932556887208232e-19
/work/LAS/jernigan-lab/Ben/ProjectHIV/ProtGOs01/gagB62BlastOutUNI.tsv	GO:0004508	17	35745	24	3099283	61.41629481978831	1.0919131969141962e-22	6.932556887208232e-19
/work/LAS/jernigan-lab/Ben/ProjectHIV/ProtGOs01/gagB62BlastOutUNI.tsv	GO:0020002	85	35745	2048	3099283	3.5986110245969716	3.827641695313217e-22	2.4301697123543613e-18
/work/LAS/jernigan-lab/Ben/ProjectHIV/ProtGOs01/gagB62BlastOutUNI.tsv	GO:0042744	55	35745	894	3099283	5.334222210956742	5.426714928301391e-22	3.445421307978553e-18
/work/LAS/jernigan-lab/Ben/ProjectHIV/ProtGOs01/gagB62BlastOutUNI.tsv	GO:0031177	43	35745	546	3099283	6.828443897222748	2.8655152150885414e-21	1.819315610059715e-17
/work/LAS/jernigan-lab/Ben/ProjectHIV/ProtGOs01/gagB62BlastOutUNI.tsv	GO:0003678	60	35745	1157	3099283	4.49638845597108	2.145321664966488e-20	1.3620647250872233e-16
/work/LAS/jernigan-lab/Ben/ProjectHIV/ProtGOs01/gagB62BlastOutUNI.tsv	GO:0009254	42	35745	594	3099283	6.130681835843397	3.263599108931627e-19	2.07205907426069e-15
/work/LAS/jernigan-lab/Ben/ProjectHIV/ProtGOs01/gagB62BlastOutUNI.tsv	GO:0032982	21	35745	98	3099283	18.5797194412805	6.26943385096211e-19	3.9804635519758435e-15
/work/LAS/jernigan-lab/Ben/ProjectHIV/ProtGOs01/gagB62BlastOutUNI.tsv	GO:0009505	25	35745	185	3099283	11.71694018819491	5.782546854266662e-18	3.671338997773904e-14
/work/LAS/jernigan-lab/Ben/ProjectHIV/ProtGOs01/gagB62BlastOutUNI.tsv	GO:0030430	91	35745	2716	3099283	2.905076407485439	7.558607045131956e-18	4.798959612954279e-14
/work/LAS/jernigan-lab/Ben/ProjectHIV/ProtGOs01/gagB62BlastOutUNI.tsv	GO:0042446	19	35745	84	3099283	19.611926076907192	1.196784563718178e-17	7.598385195046712e-14
/work/LAS/jernigan-lab/Ben/ProjectHIV/ProtGOs01/gagB62BlastOutUNI.tsv	GO:0004984	42	35745	667	3099283	5.459707661905514	1.603280142593171e-17	1.0179225625324043e-13
/work/LAS/jernigan-lab/Ben/ProjectHIV/ProtGOs01/gagB62BlastOutUNI.tsv	GO:0007608	33	35745	406	3099283	7.0474797880719136	4.50944006274829e-17	2.8630434958388896e-13
/work/LAS/jernigan-lab/Ben/ProjectHIV/ProtGOs01/gagB62BlastOutUNI.tsv	GO:0005874	77	35745	2141	3099283	3.118315048684474	6.351742631120741e-17	4.0327213964985587e-13
/work/LAS/jernigan-lab/Ben/ProjectHIV/ProtGOs01/gagB62BlastOutUNI.tsv	GO:0005549	30	35745	336	3099283	7.741549767200208	1.1168527501998582e-16	7.0908981110189e-13
/work/LAS/jernigan-lab/Ben/ProjectHIV/ProtGOs01/gagB62BlastOutUNI.tsv	GO:0004197	46	35745	885	3099283	4.506719141312483	4.646837756319016e-16	2.9502772914869434e-12
/work/LAS/jernigan-lab/Ben/ProjectHIV/ProtGOs01/gagB62BlastOutUNI.tsv	GO:0042448	16	35745	62	3099283	22.375576101327052	7.2178549770391745e-16	4.582616124922172e-12
/work/LAS/jernigan-lab/Ben/ProjectHIV/ProtGOs01/gagB62BlastOutUNI.tsv	GO:0039694	47	35745	935	3099283	4.3584511202718605	7.412409937093233e-16	4.706139069060493e-12
/work/LAS/jernigan-lab/Ben/ProjectHIV/ProtGOs01/gagB62BlastOutUNI.tsv	GO:0044220	25	35745	241	3099283	8.994331679734682	1.5918641988858793e-15	1.0106745798726449e-11
/work/LAS/jernigan-lab/Ben/ProjectHIV/ProtGOs01/gagB62BlastOutUNI.tsv	GO:0006704	15	35745	53	3099283	24.53925209225726	1.8025633939642537e-15	1.1444474988279046e-11
/work/LAS/jernigan-lab/Ben/ProjectHIV/ProtGOs01/gagB62BlastOutUNI.tsv	GO:0039648	19	35745	121	3099283	13.614890830249621	4.4564699139548836e-15	2.8294127483699554e-11
/work/LAS/jernigan-lab/Ben/ProjectHIV/ProtGOs01/gagB62BlastOutUNI.tsv	GO:0039579	15	35745	70	3099283	18.5797194412805	6.089634449466207e-14	3.866308911966095e-10
/work/LAS/jernigan-lab/Ben/ProjectHIV/ProtGOs01/gagB62BlastOutUNI.tsv	GO:0008174	18	35745	133	3099283	11.734559647124525	2.2824982668328454e-13	1.4491581496121735e-09
/work/LAS/jernigan-lab/Ben/ProjectHIV/ProtGOs01/gagB62BlastOutUNI.tsv	GO:0051015	47	35745	1111	3099283	3.6680034180505756	2.86047588748274e-13	1.8161161409627916e-09
/work/LAS/jernigan-lab/Ben/ProjectHIV/ProtGOs01/gagB62BlastOutUNI.tsv	GO:0019082	19	35745	170	3099283	9.690598767412967	1.1054284839069665e-12	7.01836544432533e-09
/work/LAS/jernigan-lab/Ben/ProjectHIV/ProtGOs01/gagB62BlastOutUNI.tsv	GO:0003724	62	35745	1900	3099283	2.8293327149178022	3.091567834730764e-12	1.962836418270562e-08
/work/LAS/jernigan-lab/Ben/ProjectHIV/ProtGOs01/gagB62BlastOutUNI.tsv	GO:0008712	18	35745	158	3099283	9.877825525744063	3.2065036571775098e-12	2.035809171942001e-08
/work/LAS/jernigan-lab/Ben/ProjectHIV/ProtGOs01/gagB62BlastOutUNI.tsv	GO:0020037	138	35745	6337	3099283	1.8881709515835003	1.645921748502421e-11	1.044995718124187e-07
/work/LAS/jernigan-lab/Ben/ProjectHIV/ProtGOs01/gagB62BlastOutUNI.tsv	GO:0030016	18	35745	183	3099283	8.52839580911236	3.0000251525493105e-11	1.9047159693535572e-07
/work/LAS/jernigan-lab/Ben/ProjectHIV/ProtGOs01/gagB62BlastOutUNI.tsv	GO:0006979	60	35745	1946	3099283	2.6733409268029495	5.825603518011261e-11	3.69867567358535e-07
/work/LAS/jernigan-lab/Ben/ProjectHIV/ProtGOs01/gagB62BlastOutUNI.tsv	GO:0052915	17	35745	166	3099283	8.879464311294695	5.881462610633246e-11	3.734140611491048e-07
/work/LAS/jernigan-lab/Ben/ProjectHIV/ProtGOs01/gagB62BlastOutUNI.tsv	GO:0004161	13	35745	80	3099283	14.089620576304378	6.121837530440554e-11	3.8867546480767076e-07
/work/LAS/jernigan-lab/Ben/ProjectHIV/ProtGOs01/gagB62BlastOutUNI.tsv	GO:0008202	18	35745	192	3099283	8.128627255560218	6.199653207806829e-11	3.936159821636556e-07
/work/LAS/jernigan-lab/Ben/ProjectHIV/ProtGOs01/gagB62BlastOutUNI.tsv	GO:0070551	7	35745	7	3099283	86.70535739264233	8.020971525199695e-11	5.092514821349287e-07
/work/LAS/jernigan-lab/Ben/ProjectHIV/ProtGOs01/gagB62BlastOutUNI.tsv	GO:0005516	46	35745	1305	3099283	3.0562807969820285	1.6842065009546135e-10	1.069302707456084e-06
/work/LAS/jernigan-lab/Ben/ProjectHIV/ProtGOs01/gagB62BlastOutUNI.tsv	GO:0016459	22	35745	326	3099283	5.851281787233531	1.898392330219809e-10	1.2052892904565567e-06
/work/LAS/jernigan-lab/Ben/ProjectHIV/ProtGOs01/gagB62BlastOutUNI.tsv	GO:0070578	10	35745	40	3099283	21.67633934816058	2.519557628423185e-10	1.59966713828588e-06
/work/LAS/jernigan-lab/Ben/ProjectHIV/ProtGOs01/gagB62BlastOutUNI.tsv	GO:0004337	13	35745	91	3099283	12.386479627520332	2.5678225934960216e-10	1.630310564610624e-06
/work/LAS/jernigan-lab/Ben/ProjectHIV/ProtGOs01/gagB62BlastOutUNI.tsv	GO:0007064	15	35745	135	3099283	9.63392859918248	2.742596642765129e-10	1.7412746084915804e-06
/work/LAS/jernigan-lab/Ben/ProjectHIV/ProtGOs01/gagB62BlastOutUNI.tsv	GO:0006351	125	35745	5833	3099283	1.8580781200206224	4.809020005491215e-10	3.053246801486372e-06
/work/LAS/jernigan-lab/Ben/ProjectHIV/ProtGOs01/gagB62BlastOutUNI.tsv	GO:0006428	28	35745	581	3099283	4.178571440609269	1.0688001280553292e-09	6.7858120130232855e-06
/work/LAS/jernigan-lab/Ben/ProjectHIV/ProtGOs01/gagB62BlastOutUNI.tsv	GO:0004822	28	35745	583	3099283	4.164236718686081	1.1485447274362784e-09	7.292110474492931e-06
/work/LAS/jernigan-lab/Ben/ProjectHIV/ProtGOs01/gagB62BlastOutUNI.tsv	GO:1902287	9	35745	34	3099283	22.951418133346497	1.2955247015680666e-09	8.225286330255655e-06
/work/LAS/jernigan-lab/Ben/ProjectHIV/ProtGOs01/gagB62BlastOutUNI.tsv	GO:0008324	23	35745	403	3099283	4.94844471471656	1.582498982467814e-09	1.0047286039688152e-05
/work/LAS/jernigan-lab/Ben/ProjectHIV/ProtGOs01/gagB62BlastOutUNI.tsv	GO:0002161	65	35745	2398	3099283	2.350228619900647	1.6746733803520406e-09	1.0632501291855105e-05
/work/LAS/jernigan-lab/Ben/ProjectHIV/ProtGOs01/gagB62BlastOutUNI.tsv	GO:0017156	13	35745	108	3099283	10.436755982447687	1.720569729722905e-09	1.0923897214010723e-05
/work/LAS/jernigan-lab/Ben/ProjectHIV/ProtGOs01/gagB62BlastOutUNI.tsv	GO:1901165	8	35745	23	3099283	30.158385180049507	1.7848372633682098e-09	1.1331931785124763e-05
/work/LAS/jernigan-lab/Ben/ProjectHIV/ProtGOs01/gagB62BlastOutUNI.tsv	GO:0009506	33	35745	813	3099283	3.5194056506238582	2.3072102268413793e-09	1.4648477730215917e-05
/work/LAS/jernigan-lab/Ben/ProjectHIV/ProtGOs01/gagB62BlastOutUNI.tsv	GO:0004315	32	35745	770	3099283	3.603339528005915	2.3306545264165755e-09	1.4797325588218838e-05
/work/LAS/jernigan-lab/Ben/ProjectHIV/ProtGOs01/gagB62BlastOutUNI.tsv	GO:0033644	35	35745	902	3099283	3.3643985684506448	2.341099287574511e-09	1.486363937681057e-05
/work/LAS/jernigan-lab/Ben/ProjectHIV/ProtGOs01/gagB62BlastOutUNI.tsv	GO:0035005	8	35745	24	3099283	28.901785797547443	2.3557305051964332e-09	1.4956532977492154e-05
/work/LAS/jernigan-lab/Ben/ProjectHIV/ProtGOs01/gagB62BlastOutUNI.tsv	GO:0097657	6	35745	7	3099283	74.318877765122	3.5218346494940114e-09	2.236012818963748e-05
/work/LAS/jernigan-lab/Ben/ProjectHIV/ProtGOs01/gagB62BlastOutUNI.tsv	GO:2000810	9	35745	39	3099283	20.008928629071306	3.659911964768094e-09	2.323678106431263e-05
/work/LAS/jernigan-lab/Ben/ProjectHIV/ProtGOs01/gagB62BlastOutUNI.tsv	GO:0010634	14	35745	144	3099283	8.42968752428467	5.1905270785993285e-09	3.295465642202714e-05
/work/LAS/jernigan-lab/Ben/ProjectHIV/ProtGOs01/gagB62BlastOutUNI.tsv	GO:0035279	7	35745	16	3099283	37.93359385928102	5.235938815215877e-09	3.3242975537805604e-05
/work/LAS/jernigan-lab/Ben/ProjectHIV/ProtGOs01/gagB62BlastOutUNI.tsv	GO:0045920	9	35745	41	3099283	19.03288333009222	5.356359286559046e-09	3.400752511036338e-05
/work/LAS/jernigan-lab/Ben/ProjectHIV/ProtGOs01/gagB62BlastOutUNI.tsv	GO:0031054	11	35745	77	3099283	12.386479627520332	6.057600858649905e-09	3.8459707851568246e-05
/work/LAS/jernigan-lab/Ben/ProjectHIV/ProtGOs01/gagB62BlastOutUNI.tsv	GO:0016442	11	35745	78	3099283	12.227678606654687	6.840048384288923e-09	4.342746719185037e-05
/work/LAS/jernigan-lab/Ben/ProjectHIV/ProtGOs01/gagB62BlastOutUNI.tsv	GO:0045329	8	35745	29	3099283	23.91871928072892	8.218787118029403e-09	5.2181079412368676e-05
/work/LAS/jernigan-lab/Ben/ProjectHIV/ProtGOs01/gagB62BlastOutUNI.tsv	GO:0002063	10	35745	62	3099283	13.984735063329408	1.0468180550348941e-08	6.646247831416543e-05
/work/LAS/jernigan-lab/Ben/ProjectHIV/ProtGOs01/gagB62BlastOutUNI.tsv	GO:0004585	22	35745	411	3099283	4.641162682817837	1.0564145259006189e-08	6.70717582494303e-05
/work/LAS/jernigan-lab/Ben/ProjectHIV/ProtGOs01/gagB62BlastOutUNI.tsv	GO:0033031	7	35745	19	3099283	31.94407903939454	1.3633705505245492e-08	8.656039625280363e-05
/work/LAS/jernigan-lab/Ben/ProjectHIV/ProtGOs01/gagB62BlastOutUNI.tsv	GO:1902396	7	35745	19	3099283	31.94407903939454	1.3633705505245492e-08	8.656039625280363e-05
/work/LAS/jernigan-lab/Ben/ProjectHIV/ProtGOs01/gagB62BlastOutUNI.tsv	GO:0035278	9	35745	47	3099283	16.603153543271937	1.5228864089088063e-08	9.668805810162012e-05
/work/LAS/jernigan-lab/Ben/ProjectHIV/ProtGOs01/gagB62BlastOutUNI.tsv	GO:0035727	8	35745	32	3099283	21.67633934816058	1.5880356351945265e-08	0.00010082438247850049
/work/LAS/jernigan-lab/Ben/ProjectHIV/ProtGOs01/gagB62BlastOutUNI.tsv	GO:0071364	14	35745	163	3099283	7.4470859110244945	2.2203977272002123e-08	0.00014097305169994147
/work/LAS/jernigan-lab/Ben/ProjectHIV/ProtGOs01/gagB62BlastOutUNI.tsv	GO:0005432	7	35745	21	3099283	28.901785797547443	2.4054880642799007e-08	0.0001527244372011309
/work/LAS/jernigan-lab/Ben/ProjectHIV/ProtGOs01/gagB62BlastOutUNI.tsv	GO:0036092	8	35745	35	3099283	19.818367404032532	2.9045816893551833e-08	0.00018441189145716058
/work/LAS/jernigan-lab/Ben/ProjectHIV/ProtGOs01/gagB62BlastOutUNI.tsv	GO:0003273	6	35745	12	3099283	43.35267869632116	3.6277134159410764e-08	0.00023032352477809896
/work/LAS/jernigan-lab/Ben/ProjectHIV/ProtGOs01/gagB62BlastOutUNI.tsv	GO:0052742	9	35745	54	3099283	14.450892898773722	4.427834087433431e-08	0.00028112318621114854
/work/LAS/jernigan-lab/Ben/ProjectHIV/ProtGOs01/gagB62BlastOutUNI.tsv	GO:0004360	14	35745	175	3099283	6.936428591411386	5.068871459793089e-08	0.0003218226489822632
/work/LAS/jernigan-lab/Ben/ProjectHIV/ProtGOs01/gagB62BlastOutUNI.tsv	GO:0098708	7	35745	24	3099283	25.28906257285401	5.184454184462566e-08	0.0003291609961715283
/work/LAS/jernigan-lab/Ben/ProjectHIV/ProtGOs01/gagB62BlastOutUNI.tsv	GO:0046854	17	35745	273	3099283	5.39923470943194	6.233472960189814e-08	0.00039576319824245125
/work/LAS/jernigan-lab/Ben/ProjectHIV/ProtGOs01/gagB62BlastOutUNI.tsv	GO:0032300	24	35745	554	3099283	3.756188767912303	1.0469077807892694e-07	0.0006646817500231071
/work/LAS/jernigan-lab/Ben/ProjectHIV/ProtGOs01/gagB62BlastOutUNI.tsv	GO:0039595	9	35745	61	3099283	12.79259371366854	1.1324109470166786e-07	0.0007189677102608893
/work/LAS/jernigan-lab/Ben/ProjectHIV/ProtGOs01/gagB62BlastOutUNI.tsv	GO:0071526	12	35745	132	3099283	7.882305217512939	1.2473508114917263e-07	0.000791943030216097
/work/LAS/jernigan-lab/Ben/ProjectHIV/ProtGOs01/gagB62BlastOutUNI.tsv	GO:0002116	7	35745	28	3099283	21.67633934816058	1.2738839119742677e-07	0.0008087888957124626
/work/LAS/jernigan-lab/Ben/ProjectHIV/ProtGOs01/gagB62BlastOutUNI.tsv	GO:0016874	23	35745	519	3099283	3.8424339499629547	1.300650205218191e-07	0.0008257828152930295
/work/LAS/jernigan-lab/Ben/ProjectHIV/ProtGOs01/gagB62BlastOutUNI.tsv	GO:0050380	26	35745	649	3099283	3.47355823144638	1.3634705233948728e-07	0.0008656674353034047
/work/LAS/jernigan-lab/Ben/ProjectHIV/ProtGOs01/gagB62BlastOutUNI.tsv	GO:0052812	6	35745	16	3099283	32.51450902224087	1.402038396928086e-07	0.0008901541782096418
/work/LAS/jernigan-lab/Ben/ProjectHIV/ProtGOs01/gagB62BlastOutUNI.tsv	GO:0046934	6	35745	16	3099283	32.51450902224087	1.402038396928086e-07	0.0008901541782096418
/work/LAS/jernigan-lab/Ben/ProjectHIV/ProtGOs01/gagB62BlastOutUNI.tsv	GO:0098609	23	35745	522	3099283	3.8203509962275355	1.4331895004456658e-07	0.0009099320138329532
/work/LAS/jernigan-lab/Ben/ProjectHIV/ProtGOs01/gagB62BlastOutUNI.tsv	GO:0016303	8	35745	45	3099283	15.41428575869197	1.6042183413285594e-07	0.0010185182249095024
/work/LAS/jernigan-lab/Ben/ProjectHIV/ProtGOs01/gagB62BlastOutUNI.tsv	GO:0000278	28	35745	746	3099283	3.2543565777399266	1.6548775417608384e-07	0.0010506817512639564
/work/LAS/jernigan-lab/Ben/ProjectHIV/ProtGOs01/gagB62BlastOutUNI.tsv	GO:0000149	20	35745	406	3099283	4.271199871558736	1.7074285162370088e-07	0.0010840463649588769
/work/LAS/jernigan-lab/Ben/ProjectHIV/ProtGOs01/gagB62BlastOutUNI.tsv	GO:0004311	11	35745	111	3099283	8.592422804676266	1.862830560535748e-07	0.0011827111228841464
/work/LAS/jernigan-lab/Ben/ProjectHIV/ProtGOs01/gagB62BlastOutUNI.tsv	GO:0017154	9	35745	68	3099283	11.475709066673248	2.61467991817737e-07	0.001660060280050812
/work/LAS/jernigan-lab/Ben/ProjectHIV/ProtGOs01/gagB62BlastOutUNI.tsv	GO:0032452	9	35745	68	3099283	11.475709066673248	2.61467991817737e-07	0.001660060280050812
/work/LAS/jernigan-lab/Ben/ProjectHIV/ProtGOs01/gagB62BlastOutUNI.tsv	GO:0039644	11	35745	118	3099283	8.082702807788692	3.283231132667463e-07	0.0020845234461305726
/work/LAS/jernigan-lab/Ben/ProjectHIV/ProtGOs01/gagB62BlastOutUNI.tsv	GO:0035924	10	35745	94	3099283	9.223974190706631	3.659243000061192e-07	0.002323253380738851
/work/LAS/jernigan-lab/Ben/ProjectHIV/ProtGOs01/gagB62BlastOutUNI.tsv	GO:0034647	7	35745	34	3099283	17.851102992602833	4.0114468875445083e-07	0.002546867628902008
/work/LAS/jernigan-lab/Ben/ProjectHIV/ProtGOs01/gagB62BlastOutUNI.tsv	GO:0051103	13	35745	179	3099283	6.297037129074583	4.2329474529173073e-07	0.0026874983378571984
/work/LAS/jernigan-lab/Ben/ProjectHIV/ProtGOs01/gagB62BlastOutUNI.tsv	GO:0008422	16	35745	280	3099283	4.954591851008133	4.4585300140627387e-07	0.0028307207059284326
/work/LAS/jernigan-lab/Ben/ProjectHIV/ProtGOs01/gagB62BlastOutUNI.tsv	GO:0019900	19	35745	394	3099283	4.181222818426915	4.647704626836063e-07	0.0029508276675782163
/work/LAS/jernigan-lab/Ben/ProjectHIV/ProtGOs01/gagB62BlastOutUNI.tsv	GO:0007162	12	35745	152	3099283	6.845159794155974	5.108636597507219e-07	0.003243473375757333
/work/LAS/jernigan-lab/Ben/ProjectHIV/ProtGOs01/gagB62BlastOutUNI.tsv	GO:0004674	82	35745	3841	3099283	1.8510386113503439	5.288760134525704e-07	0.003357833809410369
/work/LAS/jernigan-lab/Ben/ProjectHIV/ProtGOs01/gagB62BlastOutUNI.tsv	GO:0090557	7	35745	37	3099283	16.403716263472873	6.636033260333204e-07	0.004213217516985551
/work/LAS/jernigan-lab/Ben/ProjectHIV/ProtGOs01/gagB62BlastOutUNI.tsv	GO:0000785	24	35745	619	3099283	3.361758606499864	7.007477608945451e-07	0.004449047533919467
/work/LAS/jernigan-lab/Ben/ProjectHIV/ProtGOs01/gagB62BlastOutUNI.tsv	GO:0005796	12	35745	157	3099283	6.627161074596866	7.038960377972978e-07	0.004469035943975044
/work/LAS/jernigan-lab/Ben/ProjectHIV/ProtGOs01/gagB62BlastOutUNI.tsv	GO:0005911	25	35745	669	3099283	3.240110515420117	7.907259394923774e-07	0.005020318989837104
/work/LAS/jernigan-lab/Ben/ProjectHIV/ProtGOs01/gagB62BlastOutUNI.tsv	GO:0004930	53	35745	2135	3099283	2.1524046565855004	8.312199288465893e-07	0.005277415328246995
/work/LAS/jernigan-lab/Ben/ProjectHIV/ProtGOs01/gagB62BlastOutUNI.tsv	GO:0004843	25	35745	672	3099283	3.22564573633342	8.541368141862414e-07	0.005422914633268446
/work/LAS/jernigan-lab/Ben/ProjectHIV/ProtGOs01/gagB62BlastOutUNI.tsv	GO:0003910	13	35745	193	3099283	5.840257233701297	9.387014684702451e-07	0.005959815623317586
/work/LAS/jernigan-lab/Ben/ProjectHIV/ProtGOs01/gagB62BlastOutUNI.tsv	GO:0032790	12	35745	163	3099283	6.383216495163852	1.0189319780120222e-06	0.006469199128398329
/work/LAS/jernigan-lab/Ben/ProjectHIV/ProtGOs01/gagB62BlastOutUNI.tsv	GO:0055056	6	35745	24	3099283	21.67633934816058	1.0317606223470344e-06	0.006550648191281322
/work/LAS/jernigan-lab/Ben/ProjectHIV/ProtGOs01/gagB62BlastOutUNI.tsv	GO:0051748	4	35745	4	3099283	86.70535739264233	1.1407812540344212e-06	0.00724282018186454
/work/LAS/jernigan-lab/Ben/ProjectHIV/ProtGOs01/gagB62BlastOutUNI.tsv	GO:0035921	4	35745	4	3099283	86.70535739264233	1.1407812540344212e-06	0.00724282018186454
/work/LAS/jernigan-lab/Ben/ProjectHIV/ProtGOs01/gagB62BlastOutUNI.tsv	GO:0033384	8	35745	60	3099283	11.560714319018977	1.1495335233926018e-06	0.007298388340019629
/work/LAS/jernigan-lab/Ben/ProjectHIV/ProtGOs01/gagB62BlastOutUNI.tsv	GO:0048791	8	35745	60	3099283	11.560714319018977	1.1495335233926018e-06	0.007298388340019629
/work/LAS/jernigan-lab/Ben/ProjectHIV/ProtGOs01/gagB62BlastOutUNI.tsv	GO:0043015	10	35745	108	3099283	8.028273832652067	1.1824193396346217e-06	0.007507180387340213
/work/LAS/jernigan-lab/Ben/ProjectHIV/ProtGOs01/gagB62BlastOutUNI.tsv	GO:0097171	18	35745	381	3099283	4.096316097290189	1.2126580527951032e-06	0.0076991659771961105
/work/LAS/jernigan-lab/Ben/ProjectHIV/ProtGOs01/gagB62BlastOutUNI.tsv	GO:0033300	6	35745	25	3099283	20.80928577423416	1.2669404795297616e-06	0.008043805104534457
/work/LAS/jernigan-lab/Ben/ProjectHIV/ProtGOs01/gagB62BlastOutUNI.tsv	GO:0050140	11	35745	137	3099283	6.961744024226756	1.293947579951461e-06	0.008215273185111826
/work/LAS/jernigan-lab/Ben/ProjectHIV/ProtGOs01/gagB62BlastOutUNI.tsv	GO:0035189	5	35745	13	3099283	33.34821438178551	1.4591819699204784e-06	0.009264346327025117
/work/LAS/jernigan-lab/Ben/ProjectHIV/ProtGOs01/gagB62BlastOutUNI.tsv	GO:0030424	46	35745	1793	3099283	2.2244542331631605	1.5039966868176165e-06	0.009548874964605047
/work/LAS/jernigan-lab/Ben/ProjectHIV/ProtGOs01/gagB62BlastOutUNI.tsv	GO:0039520	15	35745	272	3099283	4.781545444447187	1.5285909875823829e-06	0.00970502418016055
/work/LAS/jernigan-lab/Ben/ProjectHIV/ProtGOs01/gagB62BlastOutUNI.tsv	GO:0008156	9	35745	86	3099283	9.073816471323035	1.5841429039680732e-06	0.010057723297293297
/work/LAS/jernigan-lab/Ben/ProjectHIV/ProtGOs01/gagB62BlastOutUNI.tsv	GO:0045337	8	35745	63	3099283	11.010204113351406	1.6050900264766478e-06	0.010190716578100237
/work/LAS/jernigan-lab/Ben/ProjectHIV/ProtGOs01/gagB62BlastOutUNI.tsv	GO:0036038	8	35745	64	3099283	10.83816967408029	1.7875764759008682e-06	0.011349323045494611
/work/LAS/jernigan-lab/Ben/ProjectHIV/ProtGOs01/gagB62BlastOutUNI.tsv	GO:0032959	5	35745	14	3099283	30.966199068800833	1.9615671457973508e-06	0.01245398980866738
/work/LAS/jernigan-lab/Ben/ProjectHIV/ProtGOs01/gagB62BlastOutUNI.tsv	GO:0030204	5	35745	14	3099283	30.966199068800833	1.9615671457973508e-06	0.01245398980866738
/work/LAS/jernigan-lab/Ben/ProjectHIV/ProtGOs01/gagB62BlastOutUNI.tsv	GO:0003252	4	35745	5	3099283	69.36428591411386	2.0347024747367506e-06	0.01291832601210363
/work/LAS/jernigan-lab/Ben/ProjectHIV/ProtGOs01/gagB62BlastOutUNI.tsv	GO:0003727	15	35745	285	3099283	4.5634398627706485	2.6311987444956536e-06	0.016705480828802906
/work/LAS/jernigan-lab/Ben/ProjectHIV/ProtGOs01/gagB62BlastOutUNI.tsv	GO:0045955	6	35745	29	3099283	17.939039460546688	2.68599689241941e-06	0.017053394269970833
/work/LAS/jernigan-lab/Ben/ProjectHIV/ProtGOs01/gagB62BlastOutUNI.tsv	GO:0000226	25	35745	726	3099283	2.9857216733003558	3.1682560168786005e-06	0.020115257451162234
/work/LAS/jernigan-lab/Ben/ProjectHIV/ProtGOs01/gagB62BlastOutUNI.tsv	GO:0007156	20	35745	496	3099283	3.496183765832352	3.243278705646124e-06	0.02059157650214724
/work/LAS/jernigan-lab/Ben/ProjectHIV/ProtGOs01/gagB62BlastOutUNI.tsv	GO:0001653	8	35745	70	3099283	9.909183702016266	3.29595172514826e-06	0.020925997502966302
/work/LAS/jernigan-lab/Ben/ProjectHIV/ProtGOs01/gagB62BlastOutUNI.tsv	GO:0009729	4	35745	6	3099283	57.80357159509489	3.3602937213482303e-06	0.021334504836839914
/work/LAS/jernigan-lab/Ben/ProjectHIV/ProtGOs01/gagB62BlastOutUNI.tsv	GO:0102483	13	35745	219	3099283	5.146893361207079	3.5001871389967334e-06	0.02222268814549026
/work/LAS/jernigan-lab/Ben/ProjectHIV/ProtGOs01/gagB62BlastOutUNI.tsv	GO:1901137	10	35745	123	3099283	7.049216048182303	3.5075294710800753e-06	0.0222693046118874
/work/LAS/jernigan-lab/Ben/ProjectHIV/ProtGOs01/gagB62BlastOutUNI.tsv	GO:0048015	13	35745	220	3099283	5.123498391383411	3.668299430014698e-06	0.023290033081163317
/work/LAS/jernigan-lab/Ben/ProjectHIV/ProtGOs01/gagB62BlastOutUNI.tsv	GO:0005096	34	35745	1181	3099283	2.496174556604436	3.835905726993439e-06	0.024354165460681344
/work/LAS/jernigan-lab/Ben/ProjectHIV/ProtGOs01/gagB62BlastOutUNI.tsv	GO:0006590	8	35745	72	3099283	9.63392859918248	3.993392826944044e-06	0.025354051058267737
/work/LAS/jernigan-lab/Ben/ProjectHIV/ProtGOs01/gagB62BlastOutUNI.tsv	GO:0007186	46	35745	1869	3099283	2.134000235452941	4.386878219732146e-06	0.027852289817079393
/work/LAS/jernigan-lab/Ben/ProjectHIV/ProtGOs01/gagB62BlastOutUNI.tsv	GO:0019762	6	35745	32	3099283	16.257254511120436	4.436533977957853e-06	0.028167554226054412
/work/LAS/jernigan-lab/Ben/ProjectHIV/ProtGOs01/gagB62BlastOutUNI.tsv	GO:0030956	25	35745	743	3099283	2.9174077184603746	4.65265846816645e-06	0.029539728614388788
/work/LAS/jernigan-lab/Ben/ProjectHIV/ProtGOs01/gagB62BlastOutUNI.tsv	GO:0008417	9	35745	100	3099283	7.80348216533781	4.982460519305315e-06	0.031633641837069446
/work/LAS/jernigan-lab/Ben/ProjectHIV/ProtGOs01/gagB62BlastOutUNI.tsv	GO:0016324	41	35745	1572	3099283	2.2613992704187886	5.0422534329376626e-06	0.032013267045721217
/work/LAS/jernigan-lab/Ben/ProjectHIV/ProtGOs01/gagB62BlastOutUNI.tsv	GO:0035197	7	35745	52	3099283	11.671875033624929	5.088262733584593e-06	0.03230538009552858
/work/LAS/jernigan-lab/Ben/ProjectHIV/ProtGOs01/gagB62BlastOutUNI.tsv	GO:1905060	4	35745	7	3099283	49.54591851008133	5.232400976493872e-06	0.03322051379975959
/work/LAS/jernigan-lab/Ben/ProjectHIV/ProtGOs01/gagB62BlastOutUNI.tsv	GO:0008336	4	35745	7	3099283	49.54591851008133	5.232400976493872e-06	0.03322051379975959
/work/LAS/jernigan-lab/Ben/ProjectHIV/ProtGOs01/gagB62BlastOutUNI.tsv	GO:0050104	4	35745	7	3099283	49.54591851008133	5.232400976493872e-06	0.03322051379975959
/work/LAS/jernigan-lab/Ben/ProjectHIV/ProtGOs01/gagB62BlastOutUNI.tsv	GO:0097059	4	35745	7	3099283	49.54591851008133	5.232400976493872e-06	0.03322051379975959
/work/LAS/jernigan-lab/Ben/ProjectHIV/ProtGOs01/gagB62BlastOutUNI.tsv	GO:0042543	4	35745	7	3099283	49.54591851008133	5.232400976493872e-06	0.03322051379975959
/work/LAS/jernigan-lab/Ben/ProjectHIV/ProtGOs01/gagB62BlastOutUNI.tsv	GO:0005942	8	35745	75	3099283	9.248571455215181	5.271817871071046e-06	0.03347077166343007
/work/LAS/jernigan-lab/Ben/ProjectHIV/ProtGOs01/gagB62BlastOutUNI.tsv	GO:0007417	19	35745	475	3099283	3.468214295705693	6.277347795397638e-06	0.0398548811529796
/work/LAS/jernigan-lab/Ben/ProjectHIV/ProtGOs01/gagB62BlastOutUNI.tsv	GO:0002026	8	35745	77	3099283	9.008348820014787	6.303701980181735e-06	0.04002220387217383
/work/LAS/jernigan-lab/Ben/ProjectHIV/ProtGOs01/gagB62BlastOutUNI.tsv	GO:0008940	11	35745	167	3099283	5.711131325263866	7.706957082654264e-06	0.04893147051777193
/work/LAS/jernigan-lab/Ben/ProjectHIV/ProtGOs01/gagB62BlastOutUNI.tsv	GO:0007164	4	35745	8	3099283	43.35267869632116	7.777194451806943e-06	0.04937740757452228
/work/LAS/jernigan-lab/Ben/ProjectHIV/ProtGOs01/gagB62BlastOutUNI.tsv	GO:0010957	4	35745	8	3099283	43.35267869632116	7.777194451806943e-06	0.04937740757452228
/work/LAS/jernigan-lab/Ben/ProjectHIV/ProtGOs01/gagB62BlastOutUNI.tsv	GO:0090624	4	35745	8	3099283	43.35267869632116	7.777194451806943e-06	0.04937740757452228
/work/LAS/jernigan-lab/Ben/ProjectHIV/ProtGOs01/gagB62BlastOutUNI.tsv	GO:0030120	4	35745	8	3099283	43.35267869632116	7.777194451806943e-06	0.04937740757452228
/work/LAS/jernigan-lab/Ben/ProjectHIV/ProtGOs01/gagB62BlastOutUNI.tsv	GO:0004897	4	35745	8	3099283	43.35267869632116	7.777194451806943e-06	0.04937740757452228
/work/LAS/jernigan-lab/Ben/ProjectHIV/ProtGOs01/gagB62BlastOutUNI.tsv	GO:0099180	4	35745	8	3099283	43.35267869632116	7.777194451806943e-06	0.04937740757452228