/work/LAS/jernigan-lab/Ben/ProjectHIV/ProtGOs01/gagB62BlastOutUNI.tsv	GO:0039592	49	579	162	3099283	1619.0629544339965	4.466820306565806e-134	6.253548429192128e-133
/work/LAS/jernigan-lab/Ben/ProjectHIV/ProtGOs01/gagB62BlastOutUNI.tsv	GO:0075732	56	579	636	3099283	471.3175177328076	3.1590782812555496e-125	4.4227095937577695e-124
/work/LAS/jernigan-lab/Ben/ProjectHIV/ProtGOs01/gagB62BlastOutUNI.tsv	GO:0019012	63	579	1825	3099283	184.78229256867058	1.0676378173970275e-115	1.4946929443558385e-114
/work/LAS/jernigan-lab/Ben/ProjectHIV/ProtGOs01/gagB62BlastOutUNI.tsv	GO:0019051	37	579	47	3099283	4213.922426781318	3.316189478156805e-114	4.642665269419527e-113
/work/LAS/jernigan-lab/Ben/ProjectHIV/ProtGOs01/gagB62BlastOutUNI.tsv	GO:0046718	56	579	1280	3099283	234.18589162348877	8.475239908397999e-109	1.1865335871757199e-107
/work/LAS/jernigan-lab/Ben/ProjectHIV/ProtGOs01/gagB62BlastOutUNI.tsv	GO:0043655	37	579	77	3099283	2572.13446829509	4.5073745186868264e-108	6.310324326161557e-107
/work/LAS/jernigan-lab/Ben/ProjectHIV/ProtGOs01/gagB62BlastOutUNI.tsv	GO:0042025	63	579	3656	3099283	92.23951967664766	4.363777289819922e-97	6.109288205747891e-96
/work/LAS/jernigan-lab/Ben/ProjectHIV/ProtGOs01/gagB62BlastOutUNI.tsv	GO:0051260	37	579	579	3099283	342.0627876661864	1.2691998086624292e-78	1.7768797321274008e-77
/work/LAS/jernigan-lab/Ben/ProjectHIV/ProtGOs01/gagB62BlastOutUNI.tsv	GO:0006811	37	579	1199	3099283	165.18294750518928	3.05009170356932e-67	4.270128384997048e-66
/work/LAS/jernigan-lab/Ben/ProjectHIV/ProtGOs01/gagB62BlastOutUNI.tsv	GO:0007049	56	579	8943	3099283	33.51872316650628	1.2064268473600638e-62	1.6889975863040892e-61
/work/LAS/jernigan-lab/Ben/ProjectHIV/ProtGOs01/gagB62BlastOutUNI.tsv	GO:0006351	37	579	5833	3099283	33.95411521665043	2.073792626359918e-42	2.9033096769038855e-41
/work/LAS/jernigan-lab/Ben/ProjectHIV/ProtGOs01/gagB62BlastOutUNI.tsv	GO:0006355	37	579	7425	3099283	26.67398707861575	1.1213626913996539e-38	1.5699077679595155e-37
/work/LAS/jernigan-lab/Ben/ProjectHIV/ProtGOs01/gagB62BlastOutUNI.tsv	GO:0039503	7	579	174	3099283	215.34334861930003	9.079466260203696e-15	1.2711252764285174e-13
/work/LAS/jernigan-lab/Ben/ProjectHIV/ProtGOs01/gagB62BlastOutUNI.tsv	GO:0019058	7	579	182	3099283	205.87770692174837	1.233535480788786e-14	1.7269496731043006e-13