/work/LAS/jernigan-lab/Ben/ProjectHIV/ProtGOs01/gagB62BlastOutUNI.tsv	GO:0039592	49	5931	162	3099283	158.0572332856658	1.5926176081012087e-85	2.892193576311795e-82
/work/LAS/jernigan-lab/Ben/ProjectHIV/ProtGOs01/gagB62BlastOutUNI.tsv	GO:0019051	37	5931	47	3099283	411.3743188511858	2.4008124518046573e-77	4.359875412477258e-74
/work/LAS/jernigan-lab/Ben/ProjectHIV/ProtGOs01/gagB62BlastOutUNI.tsv	GO:0019012	79	5931	1825	3099283	22.62025688107298	2.2160621951289117e-75	4.0243689463541034e-72
/work/LAS/jernigan-lab/Ben/ProjectHIV/ProtGOs01/gagB62BlastOutUNI.tsv	GO:0075732	57	5931	636	3099283	46.83289988961103	7.963860722385867e-72	1.4462371071852736e-68
/work/LAS/jernigan-lab/Ben/ProjectHIV/ProtGOs01/gagB62BlastOutUNI.tsv	GO:0043655	37	5931	77	3099283	251.09861020786667	3.1028585479654215e-71	5.634791123105206e-68
/work/LAS/jernigan-lab/Ben/ProjectHIV/ProtGOs01/gagB62BlastOutUNI.tsv	GO:0046718	63	5931	1280	3099283	25.71958104135053	8.417210691086026e-64	1.5285654615012221e-60
/work/LAS/jernigan-lab/Ben/ProjectHIV/ProtGOs01/gagB62BlastOutUNI.tsv	GO:0042025	87	5931	3656	3099283	12.435016779396317	6.2389587884124885e-62	1.1329949159757078e-58
/work/LAS/jernigan-lab/Ben/ProjectHIV/ProtGOs01/gagB62BlastOutUNI.tsv	GO:0051260	38	5931	579	3099283	34.295595083238474	1.173001993469361e-43	2.13017162014036e-40
/work/LAS/jernigan-lab/Ben/ProjectHIV/ProtGOs01/gagB62BlastOutUNI.tsv	GO:0006811	39	5931	1199	3099283	16.99725281099618	1.2158312147448973e-33	2.2079494859767335e-30
/work/LAS/jernigan-lab/Ben/ProjectHIV/ProtGOs01/gagB62BlastOutUNI.tsv	GO:0039503	20	5931	174	3099283	60.063973240154496	2.676673450353011e-28	4.860838985841068e-25
/work/LAS/jernigan-lab/Ben/ProjectHIV/ProtGOs01/gagB62BlastOutUNI.tsv	GO:0019058	20	5931	182	3099283	57.42379859223562	6.170003439240672e-28	1.120472624566106e-24
/work/LAS/jernigan-lab/Ben/ProjectHIV/ProtGOs01/gagB62BlastOutUNI.tsv	GO:0046429	22	5931	442	3099283	26.00960289177731	1.746563003851432e-23	3.1717584149942004e-20
/work/LAS/jernigan-lab/Ben/ProjectHIV/ProtGOs01/gagB62BlastOutUNI.tsv	GO:0007049	64	5931	8943	3099283	3.7396422117989516	4.64845156631914e-18	8.441588044435558e-15
/work/LAS/jernigan-lab/Ben/ProjectHIV/ProtGOs01/gagB62BlastOutUNI.tsv	GO:0006351	50	5931	5833	3099283	4.479312250894429	1.8975542874358947e-17	3.445958585983585e-14
/work/LAS/jernigan-lab/Ben/ProjectHIV/ProtGOs01/gagB62BlastOutUNI.tsv	GO:0042754	8	5931	36	3099283	116.12368159763203	2.970760021407998e-14	5.394900198876924e-11
/work/LAS/jernigan-lab/Ben/ProjectHIV/ProtGOs01/gagB62BlastOutUNI.tsv	GO:0008241	7	5931	20	3099283	182.89479851627044	8.001722426870524e-14	1.4531127927196872e-10
/work/LAS/jernigan-lab/Ben/ProjectHIV/ProtGOs01/gagB62BlastOutUNI.tsv	GO:2000323	7	5931	28	3099283	130.63914179733604	5.978628695215121e-13	1.085718971051066e-09
/work/LAS/jernigan-lab/Ben/ProjectHIV/ProtGOs01/gagB62BlastOutUNI.tsv	GO:0071424	17	5931	843	3099283	10.537914166333156	2.4761433664049346e-12	4.496676353391361e-09
/work/LAS/jernigan-lab/Ben/ProjectHIV/ProtGOs01/gagB62BlastOutUNI.tsv	GO:0004096	14	5931	520	3099283	14.068830655097726	5.1243603002033135e-12	9.305838305169218e-09
/work/LAS/jernigan-lab/Ben/ProjectHIV/ProtGOs01/gagB62BlastOutUNI.tsv	GO:2000850	5	5931	5	3099283	522.5565671893442	6.371126067489652e-12	1.1569964938561207e-08
/work/LAS/jernigan-lab/Ben/ProjectHIV/ProtGOs01/gagB62BlastOutUNI.tsv	GO:0016114	31	5931	3690	3099283	4.390041621373894	3.1520197157749407e-11	5.7240678038472924e-08
/work/LAS/jernigan-lab/Ben/ProjectHIV/ProtGOs01/gagB62BlastOutUNI.tsv	GO:0043153	9	5931	150	3099283	31.353394031360647	3.742620289727208e-11	6.796598446144609e-08
/work/LAS/jernigan-lab/Ben/ProjectHIV/ProtGOs01/gagB62BlastOutUNI.tsv	GO:0009416	12	5931	406	3099283	15.445021690325442	5.909843443723183e-11	1.0732275693801301e-07
/work/LAS/jernigan-lab/Ben/ProjectHIV/ProtGOs01/gagB62BlastOutUNI.tsv	GO:0001618	8	5931	149	3099283	28.05672843969633	1.0566588601955366e-09	1.9188924901150944e-06
/work/LAS/jernigan-lab/Ben/ProjectHIV/ProtGOs01/gagB62BlastOutUNI.tsv	GO:0009881	9	5931	232	3099283	20.271590968552143	1.4861917713513468e-09	2.698924256774046e-06
/work/LAS/jernigan-lab/Ben/ProjectHIV/ProtGOs01/gagB62BlastOutUNI.tsv	GO:0006355	42	5931	7425	3099283	2.955875531576088	2.062417775589435e-09	3.7453506804704137e-06
/work/LAS/jernigan-lab/Ben/ProjectHIV/ProtGOs01/gagB62BlastOutUNI.tsv	GO:0003968	15	5931	1027	3099283	7.632277028081949	3.4162458661646634e-09	6.203902492955029e-06
/work/LAS/jernigan-lab/Ben/ProjectHIV/ProtGOs01/gagB62BlastOutUNI.tsv	GO:0004180	7	5931	111	3099283	32.95401775067936	4.080124840870981e-09	7.409506711021701e-06
/work/LAS/jernigan-lab/Ben/ProjectHIV/ProtGOs01/gagB62BlastOutUNI.tsv	GO:0035014	5	5931	26	3099283	100.49164753641233	4.1543641004312214e-09	7.544325206383098e-06
/work/LAS/jernigan-lab/Ben/ProjectHIV/ProtGOs01/gagB62BlastOutUNI.tsv	GO:0042744	14	5931	894	3099283	8.183212461578096	4.780181775667958e-09	8.680810104613013e-06
/work/LAS/jernigan-lab/Ben/ProjectHIV/ProtGOs01/gagB62BlastOutUNI.tsv	GO:0045721	7	5931	115	3099283	31.8077910463079	5.149286184635258e-09	9.35110371129763e-06
/work/LAS/jernigan-lab/Ben/ProjectHIV/ProtGOs01/gagB62BlastOutUNI.tsv	GO:0043551	5	5931	28	3099283	93.31367271238288	5.78446716301073e-09	1.0504592368027487e-05
/work/LAS/jernigan-lab/Ben/ProjectHIV/ProtGOs01/gagB62BlastOutUNI.tsv	GO:0070475	18	5931	1612	3099283	5.834998889211039	5.987632296891076e-09	1.0873540251154194e-05
/work/LAS/jernigan-lab/Ben/ProjectHIV/ProtGOs01/gagB62BlastOutUNI.tsv	GO:0018685	5	5931	29	3099283	90.09595986023174	6.7709976891229314e-09	1.2296131803447243e-05
/work/LAS/jernigan-lab/Ben/ProjectHIV/ProtGOs01/gagB62BlastOutUNI.tsv	GO:0005506	48	5931	9690	3099283	2.58851550310511	9.618998905051838e-09	1.7468102011574138e-05
/work/LAS/jernigan-lab/Ben/ProjectHIV/ProtGOs01/gagB62BlastOutUNI.tsv	GO:0019288	23	5931	2774	3099283	4.332660795008982	1.2650123483602442e-08	2.2972624246222035e-05
/work/LAS/jernigan-lab/Ben/ProjectHIV/ProtGOs01/gagB62BlastOutUNI.tsv	GO:0050140	7	5931	137	3099283	26.69997058631685	1.627900180788255e-08	2.956266728311471e-05
/work/LAS/jernigan-lab/Ben/ProjectHIV/ProtGOs01/gagB62BlastOutUNI.tsv	GO:0032922	9	5931	317	3099283	14.83599086657444	2.0269822096427926e-08	3.680999692711311e-05
/work/LAS/jernigan-lab/Ben/ProjectHIV/ProtGOs01/gagB62BlastOutUNI.tsv	GO:0033762	5	5931	38	3099283	68.75744305122949	2.3090323221684567e-08	4.1932026970579176e-05
/work/LAS/jernigan-lab/Ben/ProjectHIV/ProtGOs01/gagB62BlastOutUNI.tsv	GO:0045727	14	5931	1064	3099283	6.875744305122949	3.971426054000427e-08	7.212109714064775e-05
/work/LAS/jernigan-lab/Ben/ProjectHIV/ProtGOs01/gagB62BlastOutUNI.tsv	GO:0007623	11	5931	594	3099283	9.676973466469336	4.01286620990043e-08	7.287365037179181e-05
/work/LAS/jernigan-lab/Ben/ProjectHIV/ProtGOs01/gagB62BlastOutUNI.tsv	GO:0031313	5	5931	45	3099283	58.061840798816014	5.026069115318765e-08	9.127341513418878e-05
/work/LAS/jernigan-lab/Ben/ProjectHIV/ProtGOs01/gagB62BlastOutUNI.tsv	GO:0008940	7	5931	167	3099283	21.903568684583288	5.976314251654397e-08	0.00010852986681004386
/work/LAS/jernigan-lab/Ben/ProjectHIV/ProtGOs01/gagB62BlastOutUNI.tsv	GO:0039660	9	5931	391	3099283	12.028156278015594	1.1492736866772338e-07	0.00020870810150058565
/work/LAS/jernigan-lab/Ben/ProjectHIV/ProtGOs01/gagB62BlastOutUNI.tsv	GO:0045022	6	5931	114	3099283	27.502977220491797	1.4767781435034643e-07	0.0002681829108602291
/work/LAS/jernigan-lab/Ben/ProjectHIV/ProtGOs01/gagB62BlastOutUNI.tsv	GO:0046338	4	5931	21	3099283	99.53458422654174	1.6331180260412838e-07	0.0002965742335290971
/work/LAS/jernigan-lab/Ben/ProjectHIV/ProtGOs01/gagB62BlastOutUNI.tsv	GO:0030151	8	5931	295	3099283	14.171025550897468	1.7344172376635192e-07	0.0003149701703596951
/work/LAS/jernigan-lab/Ben/ProjectHIV/ProtGOs01/gagB62BlastOutUNI.tsv	GO:0004657	4	5931	27	3099283	77.41578773175469	4.0250639042413804e-07	0.0007309516050102347
/work/LAS/jernigan-lab/Ben/ProjectHIV/ProtGOs01/gagB62BlastOutUNI.tsv	GO:0042752	8	5931	335	3099283	12.478962798551501	4.419425090794933e-07	0.0008025675964883598
/work/LAS/jernigan-lab/Ben/ProjectHIV/ProtGOs01/gagB62BlastOutUNI.tsv	GO:0006979	17	5931	1946	3099283	4.564985427656141	4.639665322672853e-07	0.0008425632225973901
/work/LAS/jernigan-lab/Ben/ProjectHIV/ProtGOs01/gagB62BlastOutUNI.tsv	GO:0039694	12	5931	935	3099283	6.706608348954149	4.6705021342217834e-07	0.0008481631875746758
/work/LAS/jernigan-lab/Ben/ProjectHIV/ProtGOs01/gagB62BlastOutUNI.tsv	GO:0005665	6	5931	143	3099283	21.925450371580872	5.292302123093893e-07	0.000961082065553851
/work/LAS/jernigan-lab/Ben/ProjectHIV/ProtGOs01/gagB62BlastOutUNI.tsv	GO:1905737	3	5931	6	3099283	261.2782835946721	5.80884505284013e-07	0.0010548862615957677
/work/LAS/jernigan-lab/Ben/ProjectHIV/ProtGOs01/gagB62BlastOutUNI.tsv	GO:0016411	3	5931	6	3099283	261.2782835946721	5.80884505284013e-07	0.0010548862615957677
/work/LAS/jernigan-lab/Ben/ProjectHIV/ProtGOs01/gagB62BlastOutUNI.tsv	GO:0006975	4	5931	31	3099283	67.42665383088311	6.657188730046433e-07	0.0012089454733764324
/work/LAS/jernigan-lab/Ben/ProjectHIV/ProtGOs01/gagB62BlastOutUNI.tsv	GO:0014823	7	5931	244	3099283	14.99137692756315	7.096423823638968e-07	0.0012887105663728366
/work/LAS/jernigan-lab/Ben/ProjectHIV/ProtGOs01/gagB62BlastOutUNI.tsv	GO:0102553	10	5931	646	3099283	8.08911094720347	8.085473166430177e-07	0.0014683219270237202
/work/LAS/jernigan-lab/Ben/ProjectHIV/ProtGOs01/gagB62BlastOutUNI.tsv	GO:0016992	10	5931	646	3099283	8.08911094720347	8.085473166430177e-07	0.0014683219270237202
/work/LAS/jernigan-lab/Ben/ProjectHIV/ProtGOs01/gagB62BlastOutUNI.tsv	GO:0102552	10	5931	646	3099283	8.08911094720347	8.085473166430177e-07	0.0014683219270237202
/work/LAS/jernigan-lab/Ben/ProjectHIV/ProtGOs01/gagB62BlastOutUNI.tsv	GO:0051957	3	5931	7	3099283	223.9528145097189	8.286461464530509e-07	0.0015048214019587405
/work/LAS/jernigan-lab/Ben/ProjectHIV/ProtGOs01/gagB62BlastOutUNI.tsv	GO:0051539	50	5931	11984	3099283	2.180225997952871	9.627148430013164e-07	0.0017482901548903904
/work/LAS/jernigan-lab/Ben/ProjectHIV/ProtGOs01/gagB62BlastOutUNI.tsv	GO:0039702	7	5931	256	3099283	14.28865613408363	9.683491928199713e-07	0.0017585221341610679
/work/LAS/jernigan-lab/Ben/ProjectHIV/ProtGOs01/gagB62BlastOutUNI.tsv	GO:0019902	6	5931	165	3099283	19.002056988703423	1.1821513177650925e-06	0.0021467867930614077
/work/LAS/jernigan-lab/Ben/ProjectHIV/ProtGOs01/gagB62BlastOutUNI.tsv	GO:0047499	4	5931	37	3099283	56.492601858307474	1.275829430661889e-06	0.0023169062460819904
/work/LAS/jernigan-lab/Ben/ProjectHIV/ProtGOs01/gagB62BlastOutUNI.tsv	GO:0035257	5	5931	93	3099283	28.094439096201295	1.4926271139224586e-06	0.0027106108388831847
/work/LAS/jernigan-lab/Ben/ProjectHIV/ProtGOs01/gagB62BlastOutUNI.tsv	GO:0004483	5	5931	93	3099283	28.094439096201295	1.4926271139224586e-06	0.0027106108388831847
/work/LAS/jernigan-lab/Ben/ProjectHIV/ProtGOs01/gagB62BlastOutUNI.tsv	GO:0003051	3	5931	9	3099283	174.18552239644805	1.5148354321679343e-06	0.0027509411448169685
/work/LAS/jernigan-lab/Ben/ProjectHIV/ProtGOs01/gagB62BlastOutUNI.tsv	GO:0001735	3	5931	9	3099283	174.18552239644805	1.5148354321679343e-06	0.0027509411448169685
/work/LAS/jernigan-lab/Ben/ProjectHIV/ProtGOs01/gagB62BlastOutUNI.tsv	GO:0030328	3	5931	9	3099283	174.18552239644805	1.5148354321679343e-06	0.0027509411448169685
/work/LAS/jernigan-lab/Ben/ProjectHIV/ProtGOs01/gagB62BlastOutUNI.tsv	GO:0030327	3	5931	9	3099283	174.18552239644805	1.5148354321679343e-06	0.0027509411448169685
/work/LAS/jernigan-lab/Ben/ProjectHIV/ProtGOs01/gagB62BlastOutUNI.tsv	GO:0039564	5	5931	117	3099283	22.33147723031385	4.38578291006944e-06	0.007964581764686103
/work/LAS/jernigan-lab/Ben/ProjectHIV/ProtGOs01/gagB62BlastOutUNI.tsv	GO:2000001	4	5931	52	3099283	40.19665901456493	4.522505915398948e-06	0.00821287074236449
/work/LAS/jernigan-lab/Ben/ProjectHIV/ProtGOs01/gagB62BlastOutUNI.tsv	GO:0042555	5	5931	118	3099283	22.142227423277294	4.564377101177769e-06	0.008288908815738828
/work/LAS/jernigan-lab/Ben/ProjectHIV/ProtGOs01/gagB62BlastOutUNI.tsv	GO:0032266	7	5931	334	3099283	10.951784342291644	5.338308191359955e-06	0.009694367675509678
/work/LAS/jernigan-lab/Ben/ProjectHIV/ProtGOs01/gagB62BlastOutUNI.tsv	GO:0034638	4	5931	60	3099283	34.83710447928961	7.72863067200226e-06	0.014035193300356104
/work/LAS/jernigan-lab/Ben/ProjectHIV/ProtGOs01/gagB62BlastOutUNI.tsv	GO:0015827	3	5931	17	3099283	92.21586479811955	7.7601416343688e-06	0.01409241720801374
/work/LAS/jernigan-lab/Ben/ProjectHIV/ProtGOs01/gagB62BlastOutUNI.tsv	GO:0004399	6	5931	233	3099283	13.456392288137616	8.091392988764216e-06	0.014693969667595815
/work/LAS/jernigan-lab/Ben/ProjectHIV/ProtGOs01/gagB62BlastOutUNI.tsv	GO:0003842	4	5931	63	3099283	33.17819474218058	9.280821793617965e-06	0.016853972377210227
/work/LAS/jernigan-lab/Ben/ProjectHIV/ProtGOs01/gagB62BlastOutUNI.tsv	GO:0045744	4	5931	64	3099283	32.65978544933401	9.845854431206685e-06	0.01788007164707134
/work/LAS/jernigan-lab/Ben/ProjectHIV/ProtGOs01/gagB62BlastOutUNI.tsv	GO:0031902	9	5931	686	3099283	6.855698403358742	1.0422913694438187e-05	0.018928011269099747
/work/LAS/jernigan-lab/Ben/ProjectHIV/ProtGOs01/gagB62BlastOutUNI.tsv	GO:0071354	4	5931	65	3099283	32.157327211651946	1.0435835610511523e-05	0.018951477468688926
/work/LAS/jernigan-lab/Ben/ProjectHIV/ProtGOs01/gagB62BlastOutUNI.tsv	GO:0016416	4	5931	65	3099283	32.157327211651946	1.0435835610511523e-05	0.018951477468688926
/work/LAS/jernigan-lab/Ben/ProjectHIV/ProtGOs01/gagB62BlastOutUNI.tsv	GO:1903779	4	5931	68	3099283	30.738621599373182	1.2362405188789066e-05	0.02245012782284094
/work/LAS/jernigan-lab/Ben/ProjectHIV/ProtGOs01/gagB62BlastOutUNI.tsv	GO:0006561	4	5931	68	3099283	30.738621599373182	1.2362405188789066e-05	0.02245012782284094
/work/LAS/jernigan-lab/Ben/ProjectHIV/ProtGOs01/gagB62BlastOutUNI.tsv	GO:0042593	8	5931	546	3099283	7.656506478964749	1.4804110911062133e-05	0.026884265414488833
/work/LAS/jernigan-lab/Ben/ProjectHIV/ProtGOs01/gagB62BlastOutUNI.tsv	GO:1903598	3	5931	22	3099283	71.25771370763783	1.554473584448529e-05	0.028229240293585284
/work/LAS/jernigan-lab/Ben/ProjectHIV/ProtGOs01/gagB62BlastOutUNI.tsv	GO:0019028	9	5931	732	3099283	6.424875826098494	1.7216380619231153e-05	0.031264947204523774
/work/LAS/jernigan-lab/Ben/ProjectHIV/ProtGOs01/gagB62BlastOutUNI.tsv	GO:0043546	7	5931	403	3099283	9.076664938772726	1.747821745219718e-05	0.03174044289319008
/work/LAS/jernigan-lab/Ben/ProjectHIV/ProtGOs01/gagB62BlastOutUNI.tsv	GO:0003081	3	5931	24	3099283	65.31957089866802	1.9712335873631198e-05	0.035797601946514254
/work/LAS/jernigan-lab/Ben/ProjectHIV/ProtGOs01/gagB62BlastOutUNI.tsv	GO:0010133	4	5931	82	3099283	25.49056425313874	2.4979245982299683e-05	0.045362310703856226
/work/LAS/jernigan-lab/Ben/ProjectHIV/ProtGOs01/gagB62BlastOutUNI.tsv	GO:0070008	3	5931	27	3099283	58.061840798816014	2.7244181794903064e-05	0.049475434139543965