/work/LAS/jernigan-lab/Ben/ProjectHIV/ProtGOs01/gagB62BlastOutUNI.tsv	GO:0042609	34	4827	76	3099283	287.24287178480694	9.496453989044631e-68	1.4985404394712428e-64
/work/LAS/jernigan-lab/Ben/ProjectHIV/ProtGOs01/gagB62BlastOutUNI.tsv	GO:0032801	34	4827	90	3099283	242.5606472849481	1.118773531379612e-65	1.7654246325170277e-62
/work/LAS/jernigan-lab/Ben/ProjectHIV/ProtGOs01/gagB62BlastOutUNI.tsv	GO:0039587	31	4827	61	3099283	326.29903853664666	2.645108699562605e-63	4.1739815279097906e-60
/work/LAS/jernigan-lab/Ben/ProjectHIV/ProtGOs01/gagB62BlastOutUNI.tsv	GO:0032977	45	4827	465	3099283	62.13602919064135	2.01769328393618e-62	3.183920002051292e-59
/work/LAS/jernigan-lab/Ben/ProjectHIV/ProtGOs01/gagB62BlastOutUNI.tsv	GO:0005261	35	4827	205	3099283	109.62210027942417	6.201517180795541e-57	9.785994111295363e-54
/work/LAS/jernigan-lab/Ben/ProjectHIV/ProtGOs01/gagB62BlastOutUNI.tsv	GO:0019076	34	4827	252	3099283	86.62880260176718	3.672083982812374e-52	5.794548524877926e-49
/work/LAS/jernigan-lab/Ben/ProjectHIV/ProtGOs01/gagB62BlastOutUNI.tsv	GO:0016021	271	4827	66739	3099283	2.607195099469965	7.782076378775686e-41	1.2280116525708033e-37
/work/LAS/jernigan-lab/Ben/ProjectHIV/ProtGOs01/gagB62BlastOutUNI.tsv	GO:0033644	34	4827	902	3099283	24.20228187987287	1.845769854654003e-34	2.9126248306440167e-31
/work/LAS/jernigan-lab/Ben/ProjectHIV/ProtGOs01/gagB62BlastOutUNI.tsv	GO:0039502	31	4827	731	3099283	27.22878433753139	4.6121136698873695e-33	7.277915371082269e-30
/work/LAS/jernigan-lab/Ben/ProjectHIV/ProtGOs01/gagB62BlastOutUNI.tsv	GO:0015031	60	4827	5372	3099283	7.171321313886381	1.2436720992909957e-30	1.962514572681191e-27
/work/LAS/jernigan-lab/Ben/ProjectHIV/ProtGOs01/gagB62BlastOutUNI.tsv	GO:0006423	27	4827	737	3099283	23.522323126443606	2.152052757057365e-27	3.395939250636522e-24
/work/LAS/jernigan-lab/Ben/ProjectHIV/ProtGOs01/gagB62BlastOutUNI.tsv	GO:0004817	27	4827	741	3099283	23.395347023196948	2.4690591586553064e-27	3.896175352358074e-24
/work/LAS/jernigan-lab/Ben/ProjectHIV/ProtGOs01/gagB62BlastOutUNI.tsv	GO:0005886	200	4827	59842	3099283	2.145891854004302	2.9575066789779278e-21	4.66694553942717e-18
/work/LAS/jernigan-lab/Ben/ProjectHIV/ProtGOs01/gagB62BlastOutUNI.tsv	GO:0019427	15	4827	200	3099283	48.15542262274705	2.5873437220997143e-20	4.082828393473349e-17
/work/LAS/jernigan-lab/Ben/ProjectHIV/ProtGOs01/gagB62BlastOutUNI.tsv	GO:0003987	15	4827	211	3099283	45.64495035331474	5.517212616309421e-20	8.706161508536267e-17
/work/LAS/jernigan-lab/Ben/ProjectHIV/ProtGOs01/gagB62BlastOutUNI.tsv	GO:0015079	16	4827	390	3099283	26.341427759451378	1.3095940799187434e-17	2.066539458111777e-14
/work/LAS/jernigan-lab/Ben/ProjectHIV/ProtGOs01/gagB62BlastOutUNI.tsv	GO:0016208	15	4827	399	3099283	24.138056452504784	4.577094607927277e-16	7.222655291309243e-13
/work/LAS/jernigan-lab/Ben/ProjectHIV/ProtGOs01/gagB62BlastOutUNI.tsv	GO:0007156	15	4827	496	3099283	19.417509122075423	9.812268605173342e-15	1.5483759858963534e-11
/work/LAS/jernigan-lab/Ben/ProjectHIV/ProtGOs01/gagB62BlastOutUNI.tsv	GO:0008661	15	4827	522	3099283	18.450353495305382	2.009079145637641e-14	3.170326891816197e-11
/work/LAS/jernigan-lab/Ben/ProjectHIV/ProtGOs01/gagB62BlastOutUNI.tsv	GO:0052865	15	4827	524	3099283	18.379932298758415	2.1196682490426856e-14	3.344836496989358e-11
/work/LAS/jernigan-lab/Ben/ProjectHIV/ProtGOs01/gagB62BlastOutUNI.tsv	GO:0034332	9	4827	107	3099283	54.006081446071455	3.521244705869048e-13	5.556524145861358e-10
/work/LAS/jernigan-lab/Ben/ProjectHIV/ProtGOs01/gagB62BlastOutUNI.tsv	GO:0016342	9	4827	109	3099283	53.015144171831615	4.1180987509267227e-13	6.498359828962368e-10
/work/LAS/jernigan-lab/Ben/ProjectHIV/ProtGOs01/gagB62BlastOutUNI.tsv	GO:0098742	9	4827	123	3099283	46.980900119753215	1.1458607277832246e-12	1.8081682284419283e-09
/work/LAS/jernigan-lab/Ben/ProjectHIV/ProtGOs01/gagB62BlastOutUNI.tsv	GO:0016339	9	4827	130	3099283	44.4511593440742	1.832600684665317e-12	2.8918438804018705e-09
/work/LAS/jernigan-lab/Ben/ProjectHIV/ProtGOs01/gagB62BlastOutUNI.tsv	GO:0007043	9	4827	138	3099283	41.87428054151917	3.0429840392071044e-12	4.801828813868811e-09
/work/LAS/jernigan-lab/Ben/ProjectHIV/ProtGOs01/gagB62BlastOutUNI.tsv	GO:0045296	12	4827	469	3099283	16.428289167674897	2.8871710673499254e-11	4.555955944278182e-08
/work/LAS/jernigan-lab/Ben/ProjectHIV/ProtGOs01/gagB62BlastOutUNI.tsv	GO:0004925	5	4827	12	3099283	267.53012568192804	5.556911030169885e-11	8.768805605608078e-08
/work/LAS/jernigan-lab/Ben/ProjectHIV/ProtGOs01/gagB62BlastOutUNI.tsv	GO:0030976	15	4827	1123	3099283	8.576210618476766	7.260032041276696e-10	1.1456330561134625e-06
/work/LAS/jernigan-lab/Ben/ProjectHIV/ProtGOs01/gagB62BlastOutUNI.tsv	GO:0005912	11	4827	549	3099283	12.864836644814027	2.2966666620902214e-09	3.6241399927783695e-06
/work/LAS/jernigan-lab/Ben/ProjectHIV/ProtGOs01/gagB62BlastOutUNI.tsv	GO:0033573	5	4827	31	3099283	103.56004865106893	3.303015091894941e-09	5.2121578150102176e-06
/work/LAS/jernigan-lab/Ben/ProjectHIV/ProtGOs01/gagB62BlastOutUNI.tsv	GO:0007196	4	4827	13	3099283	197.56070819588533	1.3721537559706577e-08	2.165258626921698e-05
/work/LAS/jernigan-lab/Ben/ProjectHIV/ProtGOs01/gagB62BlastOutUNI.tsv	GO:0035435	6	4827	131	3099283	29.407891678013463	9.800912170436079e-08	0.0001546583940494813
/work/LAS/jernigan-lab/Ben/ProjectHIV/ProtGOs01/gagB62BlastOutUNI.tsv	GO:0005315	9	4827	532	3099283	10.862125403627154	2.6103856661365806e-07	0.00041191885811635244
/work/LAS/jernigan-lab/Ben/ProjectHIV/ProtGOs01/gagB62BlastOutUNI.tsv	GO:0001642	3	4827	13	3099283	148.170531146914	2.0766183389095554e-06	0.0032769037387992785
/work/LAS/jernigan-lab/Ben/ProjectHIV/ProtGOs01/gagB62BlastOutUNI.tsv	GO:0004185	6	4827	230	3099283	16.74971221660767	2.3532227577643304e-06	0.0037133855117521134
/work/LAS/jernigan-lab/Ben/ProjectHIV/ProtGOs01/gagB62BlastOutUNI.tsv	GO:0042843	4	4827	59	3099283	43.5303255346866	3.2432504151539255e-06	0.005117849155112895
/work/LAS/jernigan-lab/Ben/ProjectHIV/ProtGOs01/gagB62BlastOutUNI.tsv	GO:0004923	3	4827	17	3099283	113.30687675940482	4.207720875301689e-06	0.0066397835412260655
/work/LAS/jernigan-lab/Ben/ProjectHIV/ProtGOs01/gagB62BlastOutUNI.tsv	GO:0033862	8	4827	573	3099283	8.964360232274029	4.7971247660275155e-06	0.007569862880791419
/work/LAS/jernigan-lab/Ben/ProjectHIV/ProtGOs01/gagB62BlastOutUNI.tsv	GO:0000902	11	4827	1244	3099283	5.6774881977515275	6.4963720242852065e-06	0.010251275054322056
/work/LAS/jernigan-lab/Ben/ProjectHIV/ProtGOs01/gagB62BlastOutUNI.tsv	GO:0004896	5	4827	169	3099283	18.99622194191205	9.192817978130082e-06	0.01450626676948927
/work/LAS/jernigan-lab/Ben/ProjectHIV/ProtGOs01/gagB62BlastOutUNI.tsv	GO:0070291	3	4827	23	3099283	83.74856108303834	9.529645364317977e-06	0.015037780384893768
/work/LAS/jernigan-lab/Ben/ProjectHIV/ProtGOs01/gagB62BlastOutUNI.tsv	GO:0038165	3	4827	23	3099283	83.74856108303834	9.529645364317977e-06	0.015037780384893768
/work/LAS/jernigan-lab/Ben/ProjectHIV/ProtGOs01/gagB62BlastOutUNI.tsv	GO:0008066	4	4827	79	3099283	32.509989956284926	9.75999947978168e-06	0.01540127917909549
/work/LAS/jernigan-lab/Ben/ProjectHIV/ProtGOs01/gagB62BlastOutUNI.tsv	GO:0002097	5	4827	173	3099283	18.557002937474778	1.025964586080554e-05	0.01618972116835114
/work/LAS/jernigan-lab/Ben/ProjectHIV/ProtGOs01/gagB62BlastOutUNI.tsv	GO:0004808	5	4827	180	3099283	17.835341712128535	1.2356895612824444e-05	0.019499181277036974
/work/LAS/jernigan-lab/Ben/ProjectHIV/ProtGOs01/gagB62BlastOutUNI.tsv	GO:0021793	2	4827	2	3099283	642.0723016366273	1.4487707442112493e-05	0.022861602343653514
/work/LAS/jernigan-lab/Ben/ProjectHIV/ProtGOs01/gagB62BlastOutUNI.tsv	GO:0050923	2	4827	2	3099283	642.0723016366273	1.4487707442112493e-05	0.022861602343653514
/work/LAS/jernigan-lab/Ben/ProjectHIV/ProtGOs01/gagB62BlastOutUNI.tsv	GO:0086070	2	4827	2	3099283	642.0723016366273	1.4487707442112493e-05	0.022861602343653514
/work/LAS/jernigan-lab/Ben/ProjectHIV/ProtGOs01/gagB62BlastOutUNI.tsv	GO:1901021	2	4827	2	3099283	642.0723016366273	1.4487707442112493e-05	0.022861602343653514
/work/LAS/jernigan-lab/Ben/ProjectHIV/ProtGOs01/gagB62BlastOutUNI.tsv	GO:0086066	2	4827	2	3099283	642.0723016366273	1.4487707442112493e-05	0.022861602343653514
/work/LAS/jernigan-lab/Ben/ProjectHIV/ProtGOs01/gagB62BlastOutUNI.tsv	GO:0016645	5	4827	188	3099283	17.07639100097413	1.514771009380177e-05	0.02390308652801919
/work/LAS/jernigan-lab/Ben/ProjectHIV/ProtGOs01/gagB62BlastOutUNI.tsv	GO:0009228	15	4827	2512	3099283	3.83403046359451	1.6154264466636228e-05	0.025491429328351967
/work/LAS/jernigan-lab/Ben/ProjectHIV/ProtGOs01/gagB62BlastOutUNI.tsv	GO:0002116	3	4827	28	3099283	68.79346088963864	1.637954917706705e-05	0.025846928601411804
/work/LAS/jernigan-lab/Ben/ProjectHIV/ProtGOs01/gagB62BlastOutUNI.tsv	GO:0005127	3	4827	29	3099283	66.42127258309938	1.8052935027447784e-05	0.028487531473312604
/work/LAS/jernigan-lab/Ben/ProjectHIV/ProtGOs01/gagB62BlastOutUNI.tsv	GO:0035838	3	4827	29	3099283	66.42127258309938	1.8052935027447784e-05	0.028487531473312604
/work/LAS/jernigan-lab/Ben/ProjectHIV/ProtGOs01/gagB62BlastOutUNI.tsv	GO:0030155	5	4827	199	3099283	16.13246989036752	1.9759996468417476e-05	0.03118127442716278
/work/LAS/jernigan-lab/Ben/ProjectHIV/ProtGOs01/gagB62BlastOutUNI.tsv	GO:0004842	10	4827	1153	3099283	5.568710335096507	1.9809530730756448e-05	0.03125943949313367
/work/LAS/jernigan-lab/Ben/ProjectHIV/ProtGOs01/gagB62BlastOutUNI.tsv	GO:0005887	37	4827	10709	3099283	2.2183840844668232	2.0848518583099024e-05	0.03289896232413026
/work/LAS/jernigan-lab/Ben/ProjectHIV/ProtGOs01/gagB62BlastOutUNI.tsv	GO:0051992	8	4827	716	3099283	7.173992197057288	2.3154367525423346e-05	0.03653759195511804
/work/LAS/jernigan-lab/Ben/ProjectHIV/ProtGOs01/gagB62BlastOutUNI.tsv	GO:0043114	3	4827	33	3099283	58.37020923969339	2.5866657934173315e-05	0.04081758622012549
/work/LAS/jernigan-lab/Ben/ProjectHIV/ProtGOs01/gagB62BlastOutUNI.tsv	GO:0004813	8	4827	729	3099283	7.046060923310039	2.6244996878341747e-05	0.04141460507402328
/work/LAS/jernigan-lab/Ben/ProjectHIV/ProtGOs01/gagB62BlastOutUNI.tsv	GO:0006419	8	4827	729	3099283	7.046060923310039	2.6244996878341747e-05	0.04141460507402328
/work/LAS/jernigan-lab/Ben/ProjectHIV/ProtGOs01/gagB62BlastOutUNI.tsv	GO:1902287	3	4827	34	3099283	56.65343837970241	2.8116238600186077e-05	0.04436742451109363
/work/LAS/jernigan-lab/Ben/ProjectHIV/ProtGOs01/gagB62BlastOutUNI.tsv	GO:0008963	8	4827	745	3099283	6.894736124957071	3.051585712675669e-05	0.04815402254602206