/work/LAS/jernigan-lab/Ben/ProjectHIV/ProtGOs001/envelopeB62BlastOutUNI.tsv	GO:0019062	472	178560	1284	3099283	6.380489991234828	5.294716233962462e-186	7.263821201373101e-182
/work/LAS/jernigan-lab/Ben/ProjectHIV/ProtGOs001/envelopeB62BlastOutUNI.tsv	GO:0039654	317	178560	668	3099283	8.236825332869207	2.8316757011427735e-150	3.884775894397771e-146
/work/LAS/jernigan-lab/Ben/ProjectHIV/ProtGOs001/envelopeB62BlastOutUNI.tsv	GO:0019031	450	178560	1535	3099283	5.088399377429862	9.004152381109802e-147	1.2352796651644537e-142
/work/LAS/jernigan-lab/Ben/ProjectHIV/ProtGOs001/envelopeB62BlastOutUNI.tsv	GO:0055036	539	178560	2272	3099283	4.117726477804439	6.226666058560224e-142	8.542363165738771e-138
/work/LAS/jernigan-lab/Ben/ProjectHIV/ProtGOs001/envelopeB62BlastOutUNI.tsv	GO:0003968	356	178560	1027	3099283	6.016675806102613	1.6984086125629607e-134	2.330046775575126e-130
/work/LAS/jernigan-lab/Ben/ProjectHIV/ProtGOs001/envelopeB62BlastOutUNI.tsv	GO:0039694	337	178560	935	3099283	6.255979930950875	2.0488388675875419e-131	2.8108020424433485e-127
/work/LAS/jernigan-lab/Ben/ProjectHIV/ProtGOs001/envelopeB62BlastOutUNI.tsv	GO:0020002	468	178560	2048	3099283	3.9663675615864413	1.6022335402727853e-118	2.198104193900234e-114
/work/LAS/jernigan-lab/Ben/ProjectHIV/ProtGOs001/envelopeB62BlastOutUNI.tsv	GO:0075512	232	178560	463	3099283	8.697291990834282	2.3120982768589276e-114	3.171967626022763e-110
/work/LAS/jernigan-lab/Ben/ProjectHIV/ProtGOs001/envelopeB62BlastOutUNI.tsv	GO:0039520	174	178560	272	3099283	11.103436190504427	4.827259593897656e-99	6.622517436868194e-95
/work/LAS/jernigan-lab/Ben/ProjectHIV/ProtGOs001/envelopeB62BlastOutUNI.tsv	GO:0019064	243	178560	686	3099283	6.148358956197686	4.6946956036812274e-94	6.440652898690276e-90
/work/LAS/jernigan-lab/Ben/ProjectHIV/ProtGOs001/envelopeB62BlastOutUNI.tsv	GO:0004197	252	178560	885	3099283	4.942359440495717	6.205677975875845e-81	8.513569615104072e-77
/work/LAS/jernigan-lab/Ben/ProjectHIV/ProtGOs001/envelopeB62BlastOutUNI.tsv	GO:0044220	145	178560	241	3099283	10.443065849990333	3.383384344088459e-80	4.641664981654957e-76
/work/LAS/jernigan-lab/Ben/ProjectHIV/ProtGOs001/envelopeB62BlastOutUNI.tsv	GO:0004160	198	178560	581	3099283	5.91515480123258	1.100983641415817e-74	1.5104394576583592e-70
/work/LAS/jernigan-lab/Ben/ProjectHIV/ProtGOs001/envelopeB62BlastOutUNI.tsv	GO:0031177	183	178560	546	3099283	5.817488103854031	2.9795497037071675e-68	4.087644238515863e-64
/work/LAS/jernigan-lab/Ben/ProjectHIV/ProtGOs001/envelopeB62BlastOutUNI.tsv	GO:0019082	115	178560	170	3099283	11.741564707200084	5.428211848052821e-68	7.446963834343666e-64
/work/LAS/jernigan-lab/Ben/ProjectHIV/ProtGOs001/envelopeB62BlastOutUNI.tsv	GO:0003724	344	178560	1900	3099283	3.1425478447462742	1.3041258892705407e-65	1.789130307490255e-61
/work/LAS/jernigan-lab/Ben/ProjectHIV/ProtGOs001/envelopeB62BlastOutUNI.tsv	GO:0005198	490	178560	3406	3099283	2.497057213893046	3.80986982956032e-64	5.226760419173802e-60
/work/LAS/jernigan-lab/Ben/ProjectHIV/ProtGOs001/envelopeB62BlastOutUNI.tsv	GO:0042286	190	178560	675	3099283	4.885700998938006	7.457887429840195e-61	1.0231475764997763e-56
/work/LAS/jernigan-lab/Ben/ProjectHIV/ProtGOs001/envelopeB62BlastOutUNI.tsv	GO:0044175	116	178560	224	3099283	8.988495963741679	2.7644767858864956e-59	3.7925857025576834e-55
/work/LAS/jernigan-lab/Ben/ProjectHIV/ProtGOs001/envelopeB62BlastOutUNI.tsv	GO:0006351	651	178560	5833	3099283	1.9371625700040003	1.1810935542705397e-48	1.6203422471037535e-44
/work/LAS/jernigan-lab/Ben/ProjectHIV/ProtGOs001/envelopeB62BlastOutUNI.tsv	GO:0006419	175	178560	729	3099283	4.166655335351614	4.794677322099985e-48	6.577817818188969e-44
/work/LAS/jernigan-lab/Ben/ProjectHIV/ProtGOs001/envelopeB62BlastOutUNI.tsv	GO:0004813	175	178560	729	3099283	4.166655335351614	4.794677322099985e-48	6.577817818188969e-44
/work/LAS/jernigan-lab/Ben/ProjectHIV/ProtGOs001/envelopeB62BlastOutUNI.tsv	GO:0075509	100	178560	228	3099283	7.612761251807835	2.6252728623892713e-46	3.6016118399118414e-42
/work/LAS/jernigan-lab/Ben/ProjectHIV/ProtGOs001/envelopeB62BlastOutUNI.tsv	GO:0042025	459	178560	3656	3099283	2.1791320856788663	5.0996644029277936e-46	6.99622959437664e-42
/work/LAS/jernigan-lab/Ben/ProjectHIV/ProtGOs001/envelopeB62BlastOutUNI.tsv	GO:0006428	151	178560	581	3099283	4.511052398919796	3.3655436593986164e-45	4.617189346328962e-41
/work/LAS/jernigan-lab/Ben/ProjectHIV/ProtGOs001/envelopeB62BlastOutUNI.tsv	GO:0004822	151	178560	583	3099283	4.495577090518699	4.7752806022932e-45	6.551207458286041e-41
/work/LAS/jernigan-lab/Ben/ProjectHIV/ProtGOs001/envelopeB62BlastOutUNI.tsv	GO:0075526	99	178560	233	3099283	7.3749033036826805	6.63477517833733e-45	9.102248067160982e-41
/work/LAS/jernigan-lab/Ben/ProjectHIV/ProtGOs001/envelopeB62BlastOutUNI.tsv	GO:0016324	256	178560	1572	3099283	2.8266008189918557	3.0312144302957224e-42	4.1585230769227016e-38
/work/LAS/jernigan-lab/Ben/ProjectHIV/ProtGOs001/envelopeB62BlastOutUNI.tsv	GO:0002161	334	178560	2398	3099283	2.417543765002795	8.482643341093882e-42	1.1637338399646697e-37
/work/LAS/jernigan-lab/Ben/ProjectHIV/ProtGOs001/envelopeB62BlastOutUNI.tsv	GO:0016020	833	178560	8665	3099283	1.6686048101423558	1.7190541240808493e-39	2.3583703528265172e-35
/work/LAS/jernigan-lab/Ben/ProjectHIV/ProtGOs001/envelopeB62BlastOutUNI.tsv	GO:0018144	81	178560	176	3099283	7.988208795362903	4.9778914735740675e-39	6.829169312596263e-35
/work/LAS/jernigan-lab/Ben/ProjectHIV/ProtGOs001/envelopeB62BlastOutUNI.tsv	GO:0044167	119	178560	428	3099283	4.825921455234817	2.2516679401251722e-38	3.0890632470577238e-34
/work/LAS/jernigan-lab/Ben/ProjectHIV/ProtGOs001/envelopeB62BlastOutUNI.tsv	GO:0008483	204	178560	1189	3099283	2.9780046370402524	8.036419667821197e-37	1.10251641422839e-32
/work/LAS/jernigan-lab/Ben/ProjectHIV/ProtGOs001/envelopeB62BlastOutUNI.tsv	GO:0005516	214	178560	1305	3099283	2.8462976781471867	4.915698894752612e-36	6.743847313711109e-32
/work/LAS/jernigan-lab/Ben/ProjectHIV/ProtGOs001/envelopeB62BlastOutUNI.tsv	GO:0039523	103	178560	341	3099283	5.242759097872586	5.363518639284172e-36	7.358211221233955e-32
/work/LAS/jernigan-lab/Ben/ProjectHIV/ProtGOs001/envelopeB62BlastOutUNI.tsv	GO:1903908	49	178560	50	3099283	17.009953741039425	3.875192583610015e-35	5.31637670545458e-31
/work/LAS/jernigan-lab/Ben/ProjectHIV/ProtGOs001/envelopeB62BlastOutUNI.tsv	GO:1903905	50	178560	55	3099283	15.779177867383513	8.900575068540466e-35	1.2210698936530665e-30
/work/LAS/jernigan-lab/Ben/ProjectHIV/ProtGOs001/envelopeB62BlastOutUNI.tsv	GO:0039648	65	178560	121	3099283	9.32405964890844	1.0510877237284661e-34	1.4419872481830826e-30
/work/LAS/jernigan-lab/Ben/ProjectHIV/ProtGOs001/envelopeB62BlastOutUNI.tsv	GO:0007155	290	178560	2143	3099283	2.3488370227229773	1.3114049033518253e-34	1.7991163869083692e-30
/work/LAS/jernigan-lab/Ben/ProjectHIV/ProtGOs001/envelopeB62BlastOutUNI.tsv	GO:0019079	92	178560	287	3099283	5.563947038951956	5.523934638876924e-34	7.578285931075252e-30
/work/LAS/jernigan-lab/Ben/ProjectHIV/ProtGOs001/envelopeB62BlastOutUNI.tsv	GO:0039502	148	178560	731	3099283	3.5141589012449193	8.516885744824012e-34	1.1684315553324062e-29
/work/LAS/jernigan-lab/Ben/ProjectHIV/ProtGOs001/envelopeB62BlastOutUNI.tsv	GO:0051015	188	178560	1111	3099283	2.9371142961070302	2.0907517926738512e-33	2.8683023843692566e-29
/work/LAS/jernigan-lab/Ben/ProjectHIV/ProtGOs001/envelopeB62BlastOutUNI.tsv	GO:0004482	84	178560	244	3099283	5.975393585845231	5.435712218746325e-33	7.457253592898084e-29
/work/LAS/jernigan-lab/Ben/ProjectHIV/ProtGOs001/envelopeB62BlastOutUNI.tsv	GO:1903911	50	178560	63	3099283	13.775472741366558	7.584667222752922e-33	1.0405404962894734e-28
/work/LAS/jernigan-lab/Ben/ProjectHIV/ProtGOs001/envelopeB62BlastOutUNI.tsv	GO:0043025	259	178560	1870	3099283	2.404004157442547	1.7048635589861583e-32	2.3389023165731107e-28
/work/LAS/jernigan-lab/Ben/ProjectHIV/ProtGOs001/envelopeB62BlastOutUNI.tsv	GO:0046789	104	178560	390	3099283	4.628558841099164	1.764620431876328e-32	2.4208827704911345e-28
/work/LAS/jernigan-lab/Ben/ProjectHIV/ProtGOs001/envelopeB62BlastOutUNI.tsv	GO:0009099	211	178560	1382	3099283	2.6500341411141197	9.107298797781394e-32	1.2494303220676294e-27
/work/LAS/jernigan-lab/Ben/ProjectHIV/ProtGOs001/envelopeB62BlastOutUNI.tsv	GO:0003678	186	178560	1157	3099283	2.7903368985883032	1.3920325371820362e-30	1.9097294377600355e-26
/work/LAS/jernigan-lab/Ben/ProjectHIV/ProtGOs001/envelopeB62BlastOutUNI.tsv	GO:0009097	220	178560	1511	3099283	2.527174747787432	1.7405095685612845e-30	2.3878050771092264e-26
/work/LAS/jernigan-lab/Ben/ProjectHIV/ProtGOs001/envelopeB62BlastOutUNI.tsv	GO:0090527	50	178560	77	3099283	11.270841333845366	6.492772336188666e-30	8.90743436801723e-26
/work/LAS/jernigan-lab/Ben/ProjectHIV/ProtGOs001/envelopeB62BlastOutUNI.tsv	GO:0016874	115	178560	519	3099283	3.845984586173438	1.446868992342751e-29	1.98495957059502e-25
/work/LAS/jernigan-lab/Ben/ProjectHIV/ProtGOs001/envelopeB62BlastOutUNI.tsv	GO:0039579	48	178560	70	3099283	11.902008448540707	1.4870964176169273e-29	2.0401475753286625e-25
/work/LAS/jernigan-lab/Ben/ProjectHIV/ProtGOs001/envelopeB62BlastOutUNI.tsv	GO:0039563	63	178560	146	3099283	7.489705658970394	1.6911680980299055e-29	2.3201135136872272e-25
/work/LAS/jernigan-lab/Ben/ProjectHIV/ProtGOs001/envelopeB62BlastOutUNI.tsv	GO:0008569	48	178560	72	3099283	11.571397102747909	3.723225405184189e-29	5.107892933372189e-25
/work/LAS/jernigan-lab/Ben/ProjectHIV/ProtGOs001/envelopeB62BlastOutUNI.tsv	GO:0007156	111	178560	496	3099283	3.8843500354990463	6.52331615340871e-29	8.94933743086141e-25
/work/LAS/jernigan-lab/Ben/ProjectHIV/ProtGOs001/envelopeB62BlastOutUNI.tsv	GO:0042626	159	178560	933	3099283	2.9579616388053336	7.936643024308931e-29	1.0888280565049422e-24
/work/LAS/jernigan-lab/Ben/ProjectHIV/ProtGOs001/envelopeB62BlastOutUNI.tsv	GO:0005216	113	178560	515	3099283	3.8084501143995544	9.066768335805466e-29	1.2438699479891518e-24
/work/LAS/jernigan-lab/Ben/ProjectHIV/ProtGOs001/envelopeB62BlastOutUNI.tsv	GO:0032982	53	178560	98	3099283	9.38700071090264	1.0360153228532646e-28	1.4213094214223938e-24
/work/LAS/jernigan-lab/Ben/ProjectHIV/ProtGOs001/envelopeB62BlastOutUNI.tsv	GO:0044173	44	178560	59	3099283	12.94427472510783	2.6449871823557e-28	3.628657915473785e-24
/work/LAS/jernigan-lab/Ben/ProjectHIV/ProtGOs001/envelopeB62BlastOutUNI.tsv	GO:0004483	51	178560	93	3099283	9.51840729419586	6.660876284686877e-28	9.138056174961926e-24
/work/LAS/jernigan-lab/Ben/ProjectHIV/ProtGOs001/envelopeB62BlastOutUNI.tsv	GO:0044385	93	178560	367	3099283	4.398392086739328	7.709603725937251e-28	1.0576805351613315e-23
/work/LAS/jernigan-lab/Ben/ProjectHIV/ProtGOs001/envelopeB62BlastOutUNI.tsv	GO:0043235	136	178560	742	3099283	3.181354459515598	1.590496635225612e-27	2.182002333866017e-23
/work/LAS/jernigan-lab/Ben/ProjectHIV/ProtGOs001/envelopeB62BlastOutUNI.tsv	GO:0046761	99	178560	427	3099283	4.024244659854952	5.6269808503812816e-27	7.71965502863808e-23
/work/LAS/jernigan-lab/Ben/ProjectHIV/ProtGOs001/envelopeB62BlastOutUNI.tsv	GO:0004315	135	178560	770	3099283	3.043127160138249	9.539846863330608e-26	1.308771591180326e-21
/work/LAS/jernigan-lab/Ben/ProjectHIV/ProtGOs001/envelopeB62BlastOutUNI.tsv	GO:0039707	94	178560	406	3099283	4.018637910067624	1.1542286202101786e-25	1.583486244066344e-21
/work/LAS/jernigan-lab/Ben/ProjectHIV/ProtGOs001/envelopeB62BlastOutUNI.tsv	GO:0004843	124	178560	672	3099283	3.2027974123677247	1.779638448064684e-25	2.4414859868999403e-21
/work/LAS/jernigan-lab/Ben/ProjectHIV/ProtGOs001/envelopeB62BlastOutUNI.tsv	GO:0044162	53	178560	123	3099283	7.479073737141941	4.683689199412322e-25	6.425553212673765e-21
/work/LAS/jernigan-lab/Ben/ProjectHIV/ProtGOs001/envelopeB62BlastOutUNI.tsv	GO:0046813	44	178560	76	3099283	10.048844852386342	5.191466613827409e-25	7.122173047509823e-21
/work/LAS/jernigan-lab/Ben/ProjectHIV/ProtGOs001/envelopeB62BlastOutUNI.tsv	GO:0039547	40	178560	58	3099283	11.970410795946114	5.845310046473008e-25	8.01918085275632e-21
/work/LAS/jernigan-lab/Ben/ProjectHIV/ProtGOs001/envelopeB62BlastOutUNI.tsv	GO:0044186	36	178560	44	3099283	14.201260080645161	2.110114086468947e-24	2.894865515226748e-20
/work/LAS/jernigan-lab/Ben/ProjectHIV/ProtGOs001/envelopeB62BlastOutUNI.tsv	GO:0039595	40	178560	61	3099283	11.381702068276631	2.2983747425046228e-24	3.153140309242092e-20
/work/LAS/jernigan-lab/Ben/ProjectHIV/ProtGOs001/envelopeB62BlastOutUNI.tsv	GO:0039564	51	178560	117	3099283	7.565913490258248	2.372000285563529e-24	3.254147191764606e-20
/work/LAS/jernigan-lab/Ben/ProjectHIV/ProtGOs001/envelopeB62BlastOutUNI.tsv	GO:0005509	465	178560	4777	3099283	1.689564471251134	9.591338580351945e-24	1.3158357398384833e-19
/work/LAS/jernigan-lab/Ben/ProjectHIV/ProtGOs001/envelopeB62BlastOutUNI.tsv	GO:0039657	66	178560	218	3099283	5.254900519137812	9.902011671690961e-24	1.358456981239283e-19
/work/LAS/jernigan-lab/Ben/ProjectHIV/ProtGOs001/envelopeB62BlastOutUNI.tsv	GO:0039690	40	178560	65	3099283	10.681289633305763	1.3049339063187721e-23	1.7902388260787235e-19
/work/LAS/jernigan-lab/Ben/ProjectHIV/ProtGOs001/envelopeB62BlastOutUNI.tsv	GO:0000146	56	178560	154	3099283	6.311671146953405	1.7345112127688183e-23	2.3795759327975416e-19
/work/LAS/jernigan-lab/Ben/ProjectHIV/ProtGOs001/envelopeB62BlastOutUNI.tsv	GO:0016459	80	178560	326	3099283	4.259409976471623	1.9295907417518954e-23	2.647205538609425e-19
/work/LAS/jernigan-lab/Ben/ProjectHIV/ProtGOs001/envelopeB62BlastOutUNI.tsv	GO:0007411	128	178560	754	3099283	2.9465626574636588	1.994279751019624e-23	2.7359523904238223e-19
/work/LAS/jernigan-lab/Ben/ProjectHIV/ProtGOs001/envelopeB62BlastOutUNI.tsv	GO:0039522	39	178560	63	3099283	10.744868738265916	3.960758712025362e-23	5.433764877027594e-19
/work/LAS/jernigan-lab/Ben/ProjectHIV/ProtGOs001/envelopeB62BlastOutUNI.tsv	GO:0044191	35	178560	47	3099283	12.925496763707772	8.103762770309838e-23	1.1117552144588068e-18
/work/LAS/jernigan-lab/Ben/ProjectHIV/ProtGOs001/envelopeB62BlastOutUNI.tsv	GO:0007018	92	178560	438	3099283	3.645782648810985	1.2849079572663048e-22	1.7627652265736433e-18
/work/LAS/jernigan-lab/Ben/ProjectHIV/ProtGOs001/envelopeB62BlastOutUNI.tsv	GO:0030424	222	178560	1793	3099283	2.149065942674319	1.5489242359193485e-22	2.1249691592577544e-18
/work/LAS/jernigan-lab/Ben/ProjectHIV/ProtGOs001/envelopeB62BlastOutUNI.tsv	GO:0004714	75	178560	300	3099283	4.339273913530466	1.734136514262773e-22	2.3790618839170982e-18
/work/LAS/jernigan-lab/Ben/ProjectHIV/ProtGOs001/envelopeB62BlastOutUNI.tsv	GO:0039618	43	178560	87	3099283	8.57879440376138	1.9939377292877607e-22	2.735483170809879e-18
/work/LAS/jernigan-lab/Ben/ProjectHIV/ProtGOs001/envelopeB62BlastOutUNI.tsv	GO:0005604	83	178560	368	3099283	3.9147797263372683	3.057077714956472e-22	4.194004917148784e-18
/work/LAS/jernigan-lab/Ben/ProjectHIV/ProtGOs001/envelopeB62BlastOutUNI.tsv	GO:1904322	44	178560	94	3099283	8.12459796575917	3.4840281471650625e-22	4.7797382150957494e-18
/work/LAS/jernigan-lab/Ben/ProjectHIV/ProtGOs001/envelopeB62BlastOutUNI.tsv	GO:0009986	362	178560	3529	3099283	1.7804671654270656	3.579468341040672e-22	4.9106726170736975e-18
/work/LAS/jernigan-lab/Ben/ProjectHIV/ProtGOs001/envelopeB62BlastOutUNI.tsv	GO:0098978	159	178560	1106	3099283	2.495278669986778	4.703907758124899e-22	6.4532910533715485e-18
/work/LAS/jernigan-lab/Ben/ProjectHIV/ProtGOs001/envelopeB62BlastOutUNI.tsv	GO:0044694	35	178560	51	3099283	11.91173231165226	5.541857543982416e-22	7.602874364589476e-18
/work/LAS/jernigan-lab/Ben/ProjectHIV/ProtGOs001/envelopeB62BlastOutUNI.tsv	GO:0035556	223	178560	1826	3099283	2.1197329303774235	5.8399490734659755e-22	8.011826133887972e-18
/work/LAS/jernigan-lab/Ben/ProjectHIV/ProtGOs001/envelopeB62BlastOutUNI.tsv	GO:0035596	113	178560	643	3099283	3.0503138552344797	6.5845675462781685e-22	9.03336821673902e-18
/work/LAS/jernigan-lab/Ben/ProjectHIV/ProtGOs001/envelopeB62BlastOutUNI.tsv	GO:0004553	107	178560	591	3099283	3.1424860152132648	1.1126058878773056e-21	1.5263840175788756e-17
/work/LAS/jernigan-lab/Ben/ProjectHIV/ProtGOs001/envelopeB62BlastOutUNI.tsv	GO:0009888	50	178560	134	3099283	6.476528229149949	1.5433094441786265e-21	2.1172662264686578e-17
/work/LAS/jernigan-lab/Ben/ProjectHIV/ProtGOs001/envelopeB62BlastOutUNI.tsv	GO:0015106	42	178560	90	3099283	8.099977971923536	3.2876002674010976e-21	4.510258806847566e-17
/work/LAS/jernigan-lab/Ben/ProjectHIV/ProtGOs001/envelopeB62BlastOutUNI.tsv	GO:0004386	133	178560	856	3099283	2.6968384602782804	4.210604931805248e-21	5.77652890594362e-17
/work/LAS/jernigan-lab/Ben/ProjectHIV/ProtGOs001/envelopeB62BlastOutUNI.tsv	GO:0016323	142	178560	955	3099283	2.580845636529115	5.962131676367931e-21	8.179448446809165e-17
/work/LAS/jernigan-lab/Ben/ProjectHIV/ProtGOs001/envelopeB62BlastOutUNI.tsv	GO:0003887	167	178560	1225	3099283	2.366232632031307	8.145706966699323e-21	1.1175095387614802e-16
/work/LAS/jernigan-lab/Ben/ProjectHIV/ProtGOs001/envelopeB62BlastOutUNI.tsv	GO:0039611	34	178560	53	3099283	11.134740608304591	1.0108230607569821e-20	1.386748157052504e-16
/work/LAS/jernigan-lab/Ben/ProjectHIV/ProtGOs001/envelopeB62BlastOutUNI.tsv	GO:0030245	88	178560	439	3099283	3.479326691486843	1.4466846746810004e-20	1.9847067051948645e-16
/work/LAS/jernigan-lab/Ben/ProjectHIV/ProtGOs001/envelopeB62BlastOutUNI.tsv	GO:0030425	234	178560	2010	3099283	2.0206768074947843	1.68600088703584e-20	2.3130246169244687e-16
/work/LAS/jernigan-lab/Ben/ProjectHIV/ProtGOs001/envelopeB62BlastOutUNI.tsv	GO:0030983	168	178560	1247	3099283	2.3384058299057524	1.8044568846608443e-20	2.4755344000662123e-16
/work/LAS/jernigan-lab/Ben/ProjectHIV/ProtGOs001/envelopeB62BlastOutUNI.tsv	GO:0043335	95	178560	512	3099283	3.2205548576983927	4.580262486266966e-20	6.283662104909651e-16
/work/LAS/jernigan-lab/Ben/ProjectHIV/ProtGOs001/envelopeB62BlastOutUNI.tsv	GO:0031012	145	178560	1036	3099283	2.429323233443697	2.4782632820235437e-19	3.3999293966080998e-15
/work/LAS/jernigan-lab/Ben/ProjectHIV/ProtGOs001/envelopeB62BlastOutUNI.tsv	GO:0016887	676	178560	8028	3099283	1.4615591258328824	2.6355524186239977e-19	3.615714363110262e-15
/work/LAS/jernigan-lab/Ben/ProjectHIV/ProtGOs001/envelopeB62BlastOutUNI.tsv	GO:0034765	94	178560	520	3099283	3.1376288297835675	3.2384823676977803e-19	4.442873960244584e-15
/work/LAS/jernigan-lab/Ben/ProjectHIV/ProtGOs001/envelopeB62BlastOutUNI.tsv	GO:0006298	187	178560	1519	3099283	2.136785310941928	6.242000929590298e-19	8.56340107530493e-15
/work/LAS/jernigan-lab/Ben/ProjectHIV/ProtGOs001/envelopeB62BlastOutUNI.tsv	GO:0043005	203	178560	1715	3099283	2.054513363140955	7.758989900780362e-19	1.0644558244880579e-14
/work/LAS/jernigan-lab/Ben/ProjectHIV/ProtGOs001/envelopeB62BlastOutUNI.tsv	GO:0008765	48	178560	147	3099283	5.667623070733669	8.462056452337878e-19	1.1609095246962334e-14
/work/LAS/jernigan-lab/Ben/ProjectHIV/ProtGOs001/envelopeB62BlastOutUNI.tsv	GO:0015108	41	178560	103	3099283	6.909135163291228	9.326674489510988e-19	1.2795264732160124e-14
/work/LAS/jernigan-lab/Ben/ProjectHIV/ProtGOs001/envelopeB62BlastOutUNI.tsv	GO:0043197	110	178560	689	3099283	2.771089291659514	1.2315184165719448e-18	1.6895201156950512e-14
/work/LAS/jernigan-lab/Ben/ProjectHIV/ProtGOs001/envelopeB62BlastOutUNI.tsv	GO:0005260	29	178560	42	3099283	11.984661284988906	1.5870397864172483e-18	2.1772598829858228e-14
/work/LAS/jernigan-lab/Ben/ProjectHIV/ProtGOs001/envelopeB62BlastOutUNI.tsv	GO:0030286	47	178560	145	3099283	5.6260930740946735	2.4546186684199423e-18	3.367491351205319e-14
/work/LAS/jernigan-lab/Ben/ProjectHIV/ProtGOs001/envelopeB62BlastOutUNI.tsv	GO:0033674	66	178560	289	3099283	3.9639041978271385	2.8939817078983177e-18	3.970253505065702e-14
/work/LAS/jernigan-lab/Ben/ProjectHIV/ProtGOs001/envelopeB62BlastOutUNI.tsv	GO:0098609	92	178560	522	3099283	3.0591049811862288	3.1703286262285477e-18	4.3493738423229444e-14
/work/LAS/jernigan-lab/Ben/ProjectHIV/ProtGOs001/envelopeB62BlastOutUNI.tsv	GO:0009925	56	178560	216	3099283	4.499987762179742	8.303446285753724e-18	1.1391497959425534e-13
/work/LAS/jernigan-lab/Ben/ProjectHIV/ProtGOs001/envelopeB62BlastOutUNI.tsv	GO:0045505	38	178560	95	3099283	6.942838261648745	1.4814823149382696e-17	2.032445587863812e-13
/work/LAS/jernigan-lab/Ben/ProjectHIV/ProtGOs001/envelopeB62BlastOutUNI.tsv	GO:0004133	33	178560	67	3099283	8.549017262477934	1.5381020127868576e-17	2.11012215134229e-13
/work/LAS/jernigan-lab/Ben/ProjectHIV/ProtGOs001/envelopeB62BlastOutUNI.tsv	GO:0003964	69	178560	326	3099283	3.673741104706775	1.5616846490082913e-17	2.1424751699744748e-13
/work/LAS/jernigan-lab/Ben/ProjectHIV/ProtGOs001/envelopeB62BlastOutUNI.tsv	GO:0008233	157	178560	1233	3099283	2.2101086923739923	2.275252003367022e-17	3.121418223419217e-13
/work/LAS/jernigan-lab/Ben/ProjectHIV/ProtGOs001/envelopeB62BlastOutUNI.tsv	GO:0007169	85	178560	474	3099283	3.11255934725814	2.3418168706528695e-17	3.2127385648486715e-13
/work/LAS/jernigan-lab/Ben/ProjectHIV/ProtGOs001/envelopeB62BlastOutUNI.tsv	GO:0019087	30	178560	53	3099283	9.82477112497464	2.4195048254694805e-17	3.31931867006158e-13
/work/LAS/jernigan-lab/Ben/ProjectHIV/ProtGOs001/envelopeB62BlastOutUNI.tsv	GO:0051454	30	178560	54	3099283	9.64283091895659	3.565898520244221e-17	4.892056179923047e-13
/work/LAS/jernigan-lab/Ben/ProjectHIV/ProtGOs001/envelopeB62BlastOutUNI.tsv	GO:0046718	160	178560	1280	3099283	2.169636956765233	5.2168940881869435e-17	7.157056999583668e-13
/work/LAS/jernigan-lab/Ben/ProjectHIV/ProtGOs001/envelopeB62BlastOutUNI.tsv	GO:0044877	200	178560	1758	3099283	1.9746411438136364	6.243563503270943e-17	8.565544770137407e-13
/work/LAS/jernigan-lab/Ben/ProjectHIV/ProtGOs001/envelopeB62BlastOutUNI.tsv	GO:0008017	169	178560	1390	3099283	2.1103231406810035	8.173904317141985e-17	1.1213779332687089e-12
/work/LAS/jernigan-lab/Ben/ProjectHIV/ProtGOs001/envelopeB62BlastOutUNI.tsv	GO:0030506	34	178560	78	3099283	7.565913490258248	9.221436085286918e-17	1.2650888165405123e-12
/work/LAS/jernigan-lab/Ben/ProjectHIV/ProtGOs001/envelopeB62BlastOutUNI.tsv	GO:0039545	54	178560	216	3099283	4.339273913530466	1.1803872147127137e-16	1.6193732198643719e-12
/work/LAS/jernigan-lab/Ben/ProjectHIV/ProtGOs001/envelopeB62BlastOutUNI.tsv	GO:0019869	32	178560	68	3099283	8.168045013704406	1.3028922017514108e-16	1.7874378115827606e-12
/work/LAS/jernigan-lab/Ben/ProjectHIV/ProtGOs001/envelopeB62BlastOutUNI.tsv	GO:0051959	36	178560	91	3099283	6.866543335696561	1.3608371819359977e-16	1.866932529897995e-12
/work/LAS/jernigan-lab/Ben/ProjectHIV/ProtGOs001/envelopeB62BlastOutUNI.tsv	GO:0005887	841	178560	10709	3099283	1.3630887519951898	1.3819923430387842e-16	1.895955295414908e-12
/work/LAS/jernigan-lab/Ben/ProjectHIV/ProtGOs001/envelopeB62BlastOutUNI.tsv	GO:0030683	61	178560	275	3099283	3.850119399641577	1.687260679198269e-16	2.314752925792105e-12
/work/LAS/jernigan-lab/Ben/ProjectHIV/ProtGOs001/envelopeB62BlastOutUNI.tsv	GO:0050891	37	178560	99	3099283	6.4869953454798885	2.274290463086173e-16	3.1200990863079207e-12
/work/LAS/jernigan-lab/Ben/ProjectHIV/ProtGOs001/envelopeB62BlastOutUNI.tsv	GO:0004088	82	178560	467	3099283	3.047712727276216	2.3986441123414617e-16	3.2906998577212512e-12
/work/LAS/jernigan-lab/Ben/ProjectHIV/ProtGOs001/envelopeB62BlastOutUNI.tsv	GO:0035377	29	178560	55	3099283	9.151923163082436	3.3951095236479525e-16	4.657750755492626e-12
/work/LAS/jernigan-lab/Ben/ProjectHIV/ProtGOs001/envelopeB62BlastOutUNI.tsv	GO:0062023	119	178560	850	3099283	2.429993391577061	4.3990337319273425e-16	6.0350343768311215e-12
/work/LAS/jernigan-lab/Ben/ProjectHIV/ProtGOs001/envelopeB62BlastOutUNI.tsv	GO:0039574	25	178560	38	3099283	11.419141877711752	8.075182892427347e-16	1.1078343410121077e-11
/work/LAS/jernigan-lab/Ben/ProjectHIV/ProtGOs001/envelopeB62BlastOutUNI.tsv	GO:0060081	33	178560	80	3099283	7.159801957325269	9.273528013867854e-16	1.2722353082225309e-11
/work/LAS/jernigan-lab/Ben/ProjectHIV/ProtGOs001/envelopeB62BlastOutUNI.tsv	GO:0005938	134	178560	1032	3099283	2.2537314124538077	1.1184284139247437e-15	1.534371941063356e-11
/work/LAS/jernigan-lab/Ben/ProjectHIV/ProtGOs001/envelopeB62BlastOutUNI.tsv	GO:0030898	43	178560	150	3099283	4.9757007541816005	2.5164047362301094e-15	3.4522556576340873e-11
/work/LAS/jernigan-lab/Ben/ProjectHIV/ProtGOs001/envelopeB62BlastOutUNI.tsv	GO:0002223	43	178560	151	3099283	4.9427490935578815	3.0617605098647543e-15	4.2004292434834566e-11
/work/LAS/jernigan-lab/Ben/ProjectHIV/ProtGOs001/envelopeB62BlastOutUNI.tsv	GO:0005794	460	178560	5328	3099283	1.498548048216227	3.3452148950430963e-15	4.589300314509624e-11
/work/LAS/jernigan-lab/Ben/ProjectHIV/ProtGOs001/envelopeB62BlastOutUNI.tsv	GO:0031410	172	178560	1497	3099283	1.994268839351343	3.896595313311669e-15	5.345739110332279e-11
/work/LAS/jernigan-lab/Ben/ProjectHIV/ProtGOs001/envelopeB62BlastOutUNI.tsv	GO:0004519	174	178560	1538	3099283	1.9636766214676231	9.128713698696217e-15	1.252368232324134e-10
/work/LAS/jernigan-lab/Ben/ProjectHIV/ProtGOs001/envelopeB62BlastOutUNI.tsv	GO:0015701	36	178560	108	3099283	5.7856985513739545	1.0182351833988126e-14	1.396916848104831e-10
/work/LAS/jernigan-lab/Ben/ProjectHIV/ProtGOs001/envelopeB62BlastOutUNI.tsv	GO:1902476	53	178560	237	3099283	3.88154459775721	1.1365807068138944e-14	1.5592750716779818e-10
/work/LAS/jernigan-lab/Ben/ProjectHIV/ProtGOs001/envelopeB62BlastOutUNI.tsv	GO:0016477	120	178560	912	3099283	2.2838283755423503	1.4700977756854885e-14	2.0168271384629216e-10
/work/LAS/jernigan-lab/Ben/ProjectHIV/ProtGOs001/envelopeB62BlastOutUNI.tsv	GO:0044172	44	178560	170	3099283	4.492424757537424	2.5867956659840208e-14	3.548824974163478e-10
/work/LAS/jernigan-lab/Ben/ProjectHIV/ProtGOs001/envelopeB62BlastOutUNI.tsv	GO:0006782	257	178560	2617	3099283	1.7045370970994722	2.748772166964168e-14	3.771040535858142e-10
/work/LAS/jernigan-lab/Ben/ProjectHIV/ProtGOs001/envelopeB62BlastOutUNI.tsv	GO:0008692	48	178560	202	3099283	4.12445837325668	2.8310051313413136e-14	3.883855939687148e-10
/work/LAS/jernigan-lab/Ben/ProjectHIV/ProtGOs001/envelopeB62BlastOutUNI.tsv	GO:0005096	142	178560	1181	3099283	2.0869666239503	4.141039940050692e-14	5.681092693755545e-10
/work/LAS/jernigan-lab/Ben/ProjectHIV/ProtGOs001/envelopeB62BlastOutUNI.tsv	GO:0005912	85	178560	549	3099283	2.687346321676427	5.2662999630668264e-14	7.224836919331379e-10
/work/LAS/jernigan-lab/Ben/ProjectHIV/ProtGOs001/envelopeB62BlastOutUNI.tsv	GO:0004823	105	178560	764	3099283	2.385464716862298	6.386615773076507e-14	8.761798179083661e-10
/work/LAS/jernigan-lab/Ben/ProjectHIV/ProtGOs001/envelopeB62BlastOutUNI.tsv	GO:0006429	105	178560	764	3099283	2.385464716862298	6.386615773076507e-14	8.761798179083661e-10
/work/LAS/jernigan-lab/Ben/ProjectHIV/ProtGOs001/envelopeB62BlastOutUNI.tsv	GO:0015074	77	178560	474	3099283	2.8196125851632563	1.0662882222307143e-13	1.462840812078317e-09
/work/LAS/jernigan-lab/Ben/ProjectHIV/ProtGOs001/envelopeB62BlastOutUNI.tsv	GO:0035725	57	178560	289	3099283	3.423371807214347	1.195636879344144e-13	1.6402942347722311e-09
/work/LAS/jernigan-lab/Ben/ProjectHIV/ProtGOs001/envelopeB62BlastOutUNI.tsv	GO:0042383	75	178560	460	3099283	2.829961247954652	1.1975316022893416e-13	1.6428936051807478e-09
/work/LAS/jernigan-lab/Ben/ProjectHIV/ProtGOs001/envelopeB62BlastOutUNI.tsv	GO:0019028	101	178560	732	3099283	2.394899810199875	1.2395064380849747e-13	1.7004788824087767e-09
/work/LAS/jernigan-lab/Ben/ProjectHIV/ProtGOs001/envelopeB62BlastOutUNI.tsv	GO:0050839	52	178560	246	3099283	3.6689795691639713	1.353396840340321e-13	1.8567251252628864e-09
/work/LAS/jernigan-lab/Ben/ProjectHIV/ProtGOs001/envelopeB62BlastOutUNI.tsv	GO:0005085	79	178560	503	3099283	2.726064725001247	1.6056668644954035e-13	2.202814371401244e-09
/work/LAS/jernigan-lab/Ben/ProjectHIV/ProtGOs001/envelopeB62BlastOutUNI.tsv	GO:0003857	55	178560	274	3099283	3.4840885437105933	1.7104327755457647e-13	2.3465427247712346e-09
/work/LAS/jernigan-lab/Ben/ProjectHIV/ProtGOs001/envelopeB62BlastOutUNI.tsv	GO:0042813	27	178560	63	3099283	7.438755280337942	1.7494481917582226e-13	2.4000679742731057e-09
/work/LAS/jernigan-lab/Ben/ProjectHIV/ProtGOs001/envelopeB62BlastOutUNI.tsv	GO:0070679	26	178560	58	3099283	7.7807670173649734	2.14429931883612e-13	2.9417642355112732e-09
/work/LAS/jernigan-lab/Ben/ProjectHIV/ProtGOs001/envelopeB62BlastOutUNI.tsv	GO:0030016	44	178560	183	3099283	4.173290758368099	2.288359340873755e-13	3.1394001797447045e-09
/work/LAS/jernigan-lab/Ben/ProjectHIV/ProtGOs001/envelopeB62BlastOutUNI.tsv	GO:0015079	67	178560	390	3099283	2.9818600226311918	2.842542011469956e-13	3.899683385535633e-09
/work/LAS/jernigan-lab/Ben/ProjectHIV/ProtGOs001/envelopeB62BlastOutUNI.tsv	GO:0005319	37	178560	131	3099283	4.902385795439	3.0515218166025247e-13	4.186382780197004e-09
/work/LAS/jernigan-lab/Ben/ProjectHIV/ProtGOs001/envelopeB62BlastOutUNI.tsv	GO:0017038	135	178560	1130	3099283	2.073635321510134	3.0702857034520094e-13	4.2121249565658115e-09
/work/LAS/jernigan-lab/Ben/ProjectHIV/ProtGOs001/envelopeB62BlastOutUNI.tsv	GO:0045211	100	178560	737	3099283	2.3551011742363452	4.4233494796445606e-13	6.068393151124373e-09
/work/LAS/jernigan-lab/Ben/ProjectHIV/ProtGOs001/envelopeB62BlastOutUNI.tsv	GO:0004300	57	178560	301	3099283	3.2868918680563	5.153545886369771e-13	7.0701496015106885e-09
/work/LAS/jernigan-lab/Ben/ProjectHIV/ProtGOs001/envelopeB62BlastOutUNI.tsv	GO:0039548	36	178560	127	3099283	4.9201216027432055	5.778970627155383e-13	7.92816980339447e-09
/work/LAS/jernigan-lab/Ben/ProjectHIV/ProtGOs001/envelopeB62BlastOutUNI.tsv	GO:0003727	55	178560	285	3099283	3.3496149507954476	6.746094307588975e-13	9.254966780581315e-09
/work/LAS/jernigan-lab/Ben/ProjectHIV/ProtGOs001/envelopeB62BlastOutUNI.tsv	GO:0000943	31	178560	93	3099283	5.7856985513739545	6.901631671827072e-13	9.46834849057956e-09
/work/LAS/jernigan-lab/Ben/ProjectHIV/ProtGOs001/envelopeB62BlastOutUNI.tsv	GO:0045296	74	178560	469	3099283	2.7386462226119783	7.76413891192178e-13	1.065162217326549e-08
/work/LAS/jernigan-lab/Ben/ProjectHIV/ProtGOs001/envelopeB62BlastOutUNI.tsv	GO:0005044	40	178560	159	3099283	4.366564944433173	8.028917893239528e-13	1.1014872457735308e-08
/work/LAS/jernigan-lab/Ben/ProjectHIV/ProtGOs001/envelopeB62BlastOutUNI.tsv	GO:0006515	61	178560	345	3099283	3.068935753337489	1.0843464665446914e-12	1.487614917452662e-08
/work/LAS/jernigan-lab/Ben/ProjectHIV/ProtGOs001/envelopeB62BlastOutUNI.tsv	GO:0000724	106	178560	818	3099283	2.24920799429941	1.2931531937466267e-12	1.7740768665009973e-08
/work/LAS/jernigan-lab/Ben/ProjectHIV/ProtGOs001/envelopeB62BlastOutUNI.tsv	GO:0098982	46	178560	211	3099283	3.7840113748322546	1.3061108341358371e-12	1.791853453350955e-08
/work/LAS/jernigan-lab/Ben/ProjectHIV/ProtGOs001/envelopeB62BlastOutUNI.tsv	GO:0005905	53	178560	274	3099283	3.3573944148483896	1.608408859356118e-12	2.2065761141506585e-08
/work/LAS/jernigan-lab/Ben/ProjectHIV/ProtGOs001/envelopeB62BlastOutUNI.tsv	GO:0039644	34	178560	118	3099283	5.001197052882571	1.7012882684128352e-12	2.3339973754355685e-08
/work/LAS/jernigan-lab/Ben/ProjectHIV/ProtGOs001/envelopeB62BlastOutUNI.tsv	GO:0005891	30	178560	91	3099283	5.722119446413801	2.023700001678993e-12	2.7763140323034103e-08
/work/LAS/jernigan-lab/Ben/ProjectHIV/ProtGOs001/envelopeB62BlastOutUNI.tsv	GO:0070588	55	178560	295	3099283	3.2360686812769575	2.2132926895432816e-12	3.036416240784428e-08
/work/LAS/jernigan-lab/Ben/ProjectHIV/ProtGOs001/envelopeB62BlastOutUNI.tsv	GO:0006816	67	178560	411	3099283	2.8295022112558756	2.309662377828174e-12	3.168625816142472e-08
/work/LAS/jernigan-lab/Ben/ProjectHIV/ProtGOs001/envelopeB62BlastOutUNI.tsv	GO:0030018	75	178560	490	3099283	2.6566983144064076	2.4688561521583e-12	3.387023755145971e-08
/work/LAS/jernigan-lab/Ben/ProjectHIV/ProtGOs001/envelopeB62BlastOutUNI.tsv	GO:0001764	69	178560	431	3099283	2.7787461720055884	2.976701861952178e-12	4.083737284412193e-08
/work/LAS/jernigan-lab/Ben/ProjectHIV/ProtGOs001/envelopeB62BlastOutUNI.tsv	GO:0038023	100	178560	768	3099283	2.260038496630451	3.94846743086445e-12	5.416902468402939e-08
/work/LAS/jernigan-lab/Ben/ProjectHIV/ProtGOs001/envelopeB62BlastOutUNI.tsv	GO:0102483	46	178560	219	3099283	3.645782648810985	3.974158283368109e-12	5.452147748952709e-08
/work/LAS/jernigan-lab/Ben/ProjectHIV/ProtGOs001/envelopeB62BlastOutUNI.tsv	GO:0005980	35	178560	130	3099283	4.673064214571271	4.120621645730446e-12	5.6530808357775993e-08
/work/LAS/jernigan-lab/Ben/ProjectHIV/ProtGOs001/envelopeB62BlastOutUNI.tsv	GO:0003725	83	178560	585	3099283	2.462630665456606	5.003098317611115e-12	6.863750581930689e-08
/work/LAS/jernigan-lab/Ben/ProjectHIV/ProtGOs001/envelopeB62BlastOutUNI.tsv	GO:0032197	31	178560	102	3099283	5.2751957380174295	5.0490578706708124e-12	6.926802492773288e-08
/work/LAS/jernigan-lab/Ben/ProjectHIV/ProtGOs001/envelopeB62BlastOutUNI.tsv	GO:0033644	111	178560	902	3099283	2.1359618820482558	5.925873207554455e-12	8.129705453443957e-08
/work/LAS/jernigan-lab/Ben/ProjectHIV/ProtGOs001/envelopeB62BlastOutUNI.tsv	GO:0009380	125	178560	1066	3099283	2.0353067136634455	6.849605449043425e-12	9.396973715542675e-08
/work/LAS/jernigan-lab/Ben/ProjectHIV/ProtGOs001/envelopeB62BlastOutUNI.tsv	GO:0008174	35	178560	133	3099283	4.567656751084701	7.095709703784769e-12	9.734604142622324e-08
/work/LAS/jernigan-lab/Ben/ProjectHIV/ProtGOs001/envelopeB62BlastOutUNI.tsv	GO:0006635	92	178560	687	3099283	2.324385444220104	7.097761336322241e-12	9.737418777300482e-08
/work/LAS/jernigan-lab/Ben/ProjectHIV/ProtGOs001/envelopeB62BlastOutUNI.tsv	GO:0004591	32	178560	111	3099283	5.00384739578288	7.429254689956724e-12	1.0192194509151629e-07
/work/LAS/jernigan-lab/Ben/ProjectHIV/ProtGOs001/envelopeB62BlastOutUNI.tsv	GO:0034446	40	178560	174	3099283	3.9901369319820374	8.932371249701925e-12	1.225432011746607e-07
/work/LAS/jernigan-lab/Ben/ProjectHIV/ProtGOs001/envelopeB62BlastOutUNI.tsv	GO:0009381	124	178560	1058	3099283	2.034290984036967	8.982448775913266e-12	1.232302147567541e-07
/work/LAS/jernigan-lab/Ben/ProjectHIV/ProtGOs001/envelopeB62BlastOutUNI.tsv	GO:0052796	45	178560	217	3099283	3.5993977162925526	9.78126534981412e-12	1.3418917933409992e-07
/work/LAS/jernigan-lab/Ben/ProjectHIV/ProtGOs001/envelopeB62BlastOutUNI.tsv	GO:0052795	45	178560	217	3099283	3.5993977162925526	9.78126534981412e-12	1.3418917933409992e-07
/work/LAS/jernigan-lab/Ben/ProjectHIV/ProtGOs001/envelopeB62BlastOutUNI.tsv	GO:0052794	45	178560	217	3099283	3.5993977162925526	9.78126534981412e-12	1.3418917933409992e-07
/work/LAS/jernigan-lab/Ben/ProjectHIV/ProtGOs001/envelopeB62BlastOutUNI.tsv	GO:0019013	106	178560	855	3099283	2.1518738471776815	1.1879578658400497e-11	1.6297593961459642e-07
/work/LAS/jernigan-lab/Ben/ProjectHIV/ProtGOs001/envelopeB62BlastOutUNI.tsv	GO:0007165	267	178560	2923	3099283	1.5854753813378508	1.197370721165115e-11	1.6426728923664212e-07
/work/LAS/jernigan-lab/Ben/ProjectHIV/ProtGOs001/envelopeB62BlastOutUNI.tsv	GO:0005220	15	178560	16	3099283	16.272277175739248	1.436949182346899e-11	1.9713505832617108e-07
/work/LAS/jernigan-lab/Ben/ProjectHIV/ProtGOs001/envelopeB62BlastOutUNI.tsv	GO:0006936	50	178560	265	3099283	3.27492370832488	1.4613684027816716e-11	2.0048513117761753e-07
/work/LAS/jernigan-lab/Ben/ProjectHIV/ProtGOs001/envelopeB62BlastOutUNI.tsv	GO:0042122	16	178560	20	3099283	13.88567652329749	1.537843385403817e-11	2.1097673404354968e-07
/work/LAS/jernigan-lab/Ben/ProjectHIV/ProtGOs001/envelopeB62BlastOutUNI.tsv	GO:0030198	83	178560	602	3099283	2.3930879390234465	1.8496699723018257e-11	2.537562235000875e-07
/work/LAS/jernigan-lab/Ben/ProjectHIV/ProtGOs001/envelopeB62BlastOutUNI.tsv	GO:0005859	20	178560	39	3099283	8.90107469442147	1.8646315216821407e-11	2.5580879845957286e-07
/work/LAS/jernigan-lab/Ben/ProjectHIV/ProtGOs001/envelopeB62BlastOutUNI.tsv	GO:0003777	57	178560	334	3099283	2.9621390786974438	1.968761528668958e-11	2.7009439411809435e-07
/work/LAS/jernigan-lab/Ben/ProjectHIV/ProtGOs001/envelopeB62BlastOutUNI.tsv	GO:0004888	85	178560	621	3099283	2.3757699365545224	1.9827000580626704e-11	2.7200662096561775e-07
/work/LAS/jernigan-lab/Ben/ProjectHIV/ProtGOs001/envelopeB62BlastOutUNI.tsv	GO:0005911	89	178560	669	3099283	2.3090904532389325	2.0741095546957063e-11	2.8454708980870393e-07
/work/LAS/jernigan-lab/Ben/ProjectHIV/ProtGOs001/envelopeB62BlastOutUNI.tsv	GO:0000139	313	178560	3581	3099283	1.5171100083049829	2.1359647430516074e-11	2.9303300309925004e-07
/work/LAS/jernigan-lab/Ben/ProjectHIV/ProtGOs001/envelopeB62BlastOutUNI.tsv	GO:0005874	207	178560	2141	3099283	1.6781498367133236	3.245676733497304e-11	4.4527439106849517e-07
/work/LAS/jernigan-lab/Ben/ProjectHIV/ProtGOs001/envelopeB62BlastOutUNI.tsv	GO:0005245	37	178560	158	3099283	4.064636324066512	3.319662927289686e-11	4.55424556994872e-07
/work/LAS/jernigan-lab/Ben/ProjectHIV/ProtGOs001/envelopeB62BlastOutUNI.tsv	GO:0034707	54	178560	310	3099283	3.023494081685744	3.3244758539974095e-11	4.560848424099046e-07
/work/LAS/jernigan-lab/Ben/ProjectHIV/ProtGOs001/envelopeB62BlastOutUNI.tsv	GO:0005930	63	178560	397	3099283	2.754400569797676	3.37681315657622e-11	4.6326499695069157e-07
/work/LAS/jernigan-lab/Ben/ProjectHIV/ProtGOs001/envelopeB62BlastOutUNI.tsv	GO:0004643	70	178560	471	3099283	2.579610819083929	3.4005305176303923e-11	4.665187817137135e-07
/work/LAS/jernigan-lab/Ben/ProjectHIV/ProtGOs001/envelopeB62BlastOutUNI.tsv	GO:0033650	43	178560	209	3099283	3.5710770963025844	3.44889852784764e-11	4.7315438903541774e-07
/work/LAS/jernigan-lab/Ben/ProjectHIV/ProtGOs001/envelopeB62BlastOutUNI.tsv	GO:0004252	310	178560	3553	3099283	1.5144102597179223	3.597619629930465e-11	4.935574370301605e-07
/work/LAS/jernigan-lab/Ben/ProjectHIV/ProtGOs001/envelopeB62BlastOutUNI.tsv	GO:0004383	28	178560	92	3099283	5.28259432951535	5.1199454056047674e-11	7.024053101949181e-07
/work/LAS/jernigan-lab/Ben/ProjectHIV/ProtGOs001/envelopeB62BlastOutUNI.tsv	GO:0071320	46	178560	241	3099283	3.312972614479692	6.599552198732968e-11	9.053925661441759e-07
/work/LAS/jernigan-lab/Ben/ProjectHIV/ProtGOs001/envelopeB62BlastOutUNI.tsv	GO:0039689	31	178560	116	3099283	4.638534183429119	7.820260589976539e-11	1.0728615503388814e-06
/work/LAS/jernigan-lab/Ben/ProjectHIV/ProtGOs001/envelopeB62BlastOutUNI.tsv	GO:0030976	126	178560	1123	3099283	1.9474568587883836	8.186978139522772e-11	1.123171530961129e-06
/work/LAS/jernigan-lab/Ben/ProjectHIV/ProtGOs001/envelopeB62BlastOutUNI.tsv	GO:0043087	50	178560	282	3099283	3.077499229454231	1.0016671434792941e-10	1.3741871541392436e-06
/work/LAS/jernigan-lab/Ben/ProjectHIV/ProtGOs001/envelopeB62BlastOutUNI.tsv	GO:0004375	75	178560	538	3099283	2.419669468511412	1.0250744896908867e-10	1.4062996924069275e-06
/work/LAS/jernigan-lab/Ben/ProjectHIV/ProtGOs001/envelopeB62BlastOutUNI.tsv	GO:0099061	35	178560	149	3099283	4.07717012009574	1.0301122517820247e-10	1.4132109982197597e-06
/work/LAS/jernigan-lab/Ben/ProjectHIV/ProtGOs001/envelopeB62BlastOutUNI.tsv	GO:0007189	74	178560	527	3099283	2.4372392379601857	1.0978434040287861e-10	1.5061313659870916e-06
/work/LAS/jernigan-lab/Ben/ProjectHIV/ProtGOs001/envelopeB62BlastOutUNI.tsv	GO:0030426	81	178560	605	3099283	2.3238425586510263	1.175119994367228e-10	1.6121471202724e-06
/work/LAS/jernigan-lab/Ben/ProjectHIV/ProtGOs001/envelopeB62BlastOutUNI.tsv	GO:0008519	33	178560	135	3099283	4.2428456043409	1.433961158580171e-10	1.9672513134561367e-06
/work/LAS/jernigan-lab/Ben/ProjectHIV/ProtGOs001/envelopeB62BlastOutUNI.tsv	GO:0007160	52	178560	305	3099283	2.9592425377519245	1.4857122196723895e-10	2.038248594168551e-06
/work/LAS/jernigan-lab/Ben/ProjectHIV/ProtGOs001/envelopeB62BlastOutUNI.tsv	GO:0007605	72	178560	506	3099283	2.469784361851332	1.5421976302054896e-10	2.115740928878911e-06
/work/LAS/jernigan-lab/Ben/ProjectHIV/ProtGOs001/envelopeB62BlastOutUNI.tsv	GO:0045177	59	178560	373	3099283	2.7454923420728954	1.570834151267203e-10	2.1550273721234757e-06
/work/LAS/jernigan-lab/Ben/ProjectHIV/ProtGOs001/envelopeB62BlastOutUNI.tsv	GO:0102752	51	178560	296	3099283	2.9905806701358615	1.599004927217799e-10	2.1936748596500984e-06
/work/LAS/jernigan-lab/Ben/ProjectHIV/ProtGOs001/envelopeB62BlastOutUNI.tsv	GO:0003844	51	178560	296	3099283	2.9905806701358615	1.599004927217799e-10	2.1936748596500984e-06
/work/LAS/jernigan-lab/Ben/ProjectHIV/ProtGOs001/envelopeB62BlastOutUNI.tsv	GO:0007162	35	178560	152	3099283	3.9966996571991134	1.6375247828423609e-10	2.246520249581435e-06
/work/LAS/jernigan-lab/Ben/ProjectHIV/ProtGOs001/envelopeB62BlastOutUNI.tsv	GO:0003937	70	178560	491	3099283	2.4745350219725673	1.7314457057852526e-10	2.375370363766788e-06
/work/LAS/jernigan-lab/Ben/ProjectHIV/ProtGOs001/envelopeB62BlastOutUNI.tsv	GO:0030165	58	178560	362	3099283	2.780971126903503	1.7664032115046172e-10	2.4233285658631845e-06
/work/LAS/jernigan-lab/Ben/ProjectHIV/ProtGOs001/envelopeB62BlastOutUNI.tsv	GO:0007009	27	178560	91	3099283	5.149907501772421	1.802457173722757e-10	2.4727909966302503e-06
/work/LAS/jernigan-lab/Ben/ProjectHIV/ProtGOs001/envelopeB62BlastOutUNI.tsv	GO:0051209	30	178560	114	3099283	4.567656751084701	2.1413987511580018e-10	2.937784946713663e-06
/work/LAS/jernigan-lab/Ben/ProjectHIV/ProtGOs001/envelopeB62BlastOutUNI.tsv	GO:0031901	82	178560	626	3099283	2.2736131687507872	2.390437029043464e-10	3.2794405601447283e-06
/work/LAS/jernigan-lab/Ben/ProjectHIV/ProtGOs001/envelopeB62BlastOutUNI.tsv	GO:0045135	16	178560	26	3099283	10.681289633305763	2.5587862688994575e-10	3.5103988823031656e-06
/work/LAS/jernigan-lab/Ben/ProjectHIV/ProtGOs001/envelopeB62BlastOutUNI.tsv	GO:0007097	30	178560	115	3099283	4.5279379967274425	2.558815767216121e-10	3.5104393510437963e-06
/work/LAS/jernigan-lab/Ben/ProjectHIV/ProtGOs001/envelopeB62BlastOutUNI.tsv	GO:0008305	25	178560	79	3099283	5.492751789279071	2.733669497629736e-10	3.7503211837982347e-06
/work/LAS/jernigan-lab/Ben/ProjectHIV/ProtGOs001/envelopeB62BlastOutUNI.tsv	GO:0048240	32	178560	131	3099283	4.239901228487784	2.7381370589589716e-10	3.756450231185813e-06
/work/LAS/jernigan-lab/Ben/ProjectHIV/ProtGOs001/envelopeB62BlastOutUNI.tsv	GO:0030335	101	178560	848	3099283	2.0672955908800805	2.804146683924706e-10	3.847008835676305e-06
/work/LAS/jernigan-lab/Ben/ProjectHIV/ProtGOs001/envelopeB62BlastOutUNI.tsv	GO:0007507	105	178560	900	3099283	2.024994492980884	3.6814653071358516e-10	5.050602254859674e-06
/work/LAS/jernigan-lab/Ben/ProjectHIV/ProtGOs001/envelopeB62BlastOutUNI.tsv	GO:0047134	32	178560	133	3099283	4.176143315277441	3.789824365505846e-10	5.19926004703747e-06
/work/LAS/jernigan-lab/Ben/ProjectHIV/ProtGOs001/envelopeB62BlastOutUNI.tsv	GO:0009887	64	178560	437	3099283	2.542000278864529	3.7991307171732643e-10	5.212027430890001e-06
/work/LAS/jernigan-lab/Ben/ProjectHIV/ProtGOs001/envelopeB62BlastOutUNI.tsv	GO:0008234	90	178560	726	3099283	2.1517060728250246	3.886720441405705e-10	5.3321917735644865e-06
/work/LAS/jernigan-lab/Ben/ProjectHIV/ProtGOs001/envelopeB62BlastOutUNI.tsv	GO:0016485	58	178560	375	3099283	2.6845641278375147	4.1124884758529926e-10	5.641922940022721e-06
/work/LAS/jernigan-lab/Ben/ProjectHIV/ProtGOs001/envelopeB62BlastOutUNI.tsv	GO:0043169	51	178560	306	3099283	2.8928492756869773	4.4291066846865155e-10	6.07629146072143e-06
/work/LAS/jernigan-lab/Ben/ProjectHIV/ProtGOs001/envelopeB62BlastOutUNI.tsv	GO:0001681	20	178560	49	3099283	7.0845288384170875	4.5434236102191503e-10	6.233122850859652e-06
/work/LAS/jernigan-lab/Ben/ProjectHIV/ProtGOs001/envelopeB62BlastOutUNI.tsv	GO:0007157	36	178560	169	3099283	3.6973694884519945	5.715048005392115e-10	7.840474358597442e-06
/work/LAS/jernigan-lab/Ben/ProjectHIV/ProtGOs001/envelopeB62BlastOutUNI.tsv	GO:0008422	48	178560	280	3099283	2.975502112135177	6.235192253197192e-10	8.554060252161228e-06
/work/LAS/jernigan-lab/Ben/ProjectHIV/ProtGOs001/envelopeB62BlastOutUNI.tsv	GO:0005261	40	178560	205	3099283	3.3867503715359732	6.292360174742635e-10	8.63248892372942e-06
/work/LAS/jernigan-lab/Ben/ProjectHIV/ProtGOs001/envelopeB62BlastOutUNI.tsv	GO:0019901	182	178560	1892	3099283	1.6696571929440693	6.384698008739956e-10	8.759167198190347e-06
/work/LAS/jernigan-lab/Ben/ProjectHIV/ProtGOs001/envelopeB62BlastOutUNI.tsv	GO:0015278	18	178560	39	3099283	8.010967224979321	7.063171298717324e-10	9.689964704710298e-06
/work/LAS/jernigan-lab/Ben/ProjectHIV/ProtGOs001/envelopeB62BlastOutUNI.tsv	GO:0007612	41	178560	216	3099283	3.2946338973101685	7.925002327692309e-10	1.0872310693361079e-05
/work/LAS/jernigan-lab/Ben/ProjectHIV/ProtGOs001/envelopeB62BlastOutUNI.tsv	GO:0003911	102	178560	876	3099283	2.0210316857539157	8.135731072990073e-10	1.116140945903508e-05
/work/LAS/jernigan-lab/Ben/ProjectHIV/ProtGOs001/envelopeB62BlastOutUNI.tsv	GO:0009376	100	178560	857	3099283	2.025332048322271	8.877191976443696e-10	1.2178619672483107e-05
/work/LAS/jernigan-lab/Ben/ProjectHIV/ProtGOs001/envelopeB62BlastOutUNI.tsv	GO:0005769	125	178560	1164	3099283	1.863949275571506	8.93558030667936e-10	1.2258722622733414e-05
/work/LAS/jernigan-lab/Ben/ProjectHIV/ProtGOs001/envelopeB62BlastOutUNI.tsv	GO:0006171	28	178560	107	3099283	4.542043722573946	9.345662392233361e-10	1.282131423590495e-05
/work/LAS/jernigan-lab/Ben/ProjectHIV/ProtGOs001/envelopeB62BlastOutUNI.tsv	GO:0060072	12	178560	12	3099283	17.357095654121864	9.957633367078936e-10	1.3660877216295593e-05
/work/LAS/jernigan-lab/Ben/ProjectHIV/ProtGOs001/envelopeB62BlastOutUNI.tsv	GO:0007399	119	178560	1090	3099283	1.894948975083029	1.168401964713114e-09	1.6029306553899214e-05
/work/LAS/jernigan-lab/Ben/ProjectHIV/ProtGOs001/envelopeB62BlastOutUNI.tsv	GO:0005768	168	178560	1729	3099283	1.6865194157851204	1.4101719012945777e-09	1.9346148313860312e-05
/work/LAS/jernigan-lab/Ben/ProjectHIV/ProtGOs001/envelopeB62BlastOutUNI.tsv	GO:0019228	28	178560	110	3099283	4.418169802867384	1.5802744150352247e-09	2.167978469986825e-05
/work/LAS/jernigan-lab/Ben/ProjectHIV/ProtGOs001/envelopeB62BlastOutUNI.tsv	GO:0005201	46	178560	272	3099283	2.935391176800021	2.0310522278356697e-09	2.786400551367755e-05
/work/LAS/jernigan-lab/Ben/ProjectHIV/ProtGOs001/envelopeB62BlastOutUNI.tsv	GO:0046929	17	178560	37	3099283	7.9748817870289646	2.203804872175161e-09	3.0233999041371033e-05
/work/LAS/jernigan-lab/Ben/ProjectHIV/ProtGOs001/envelopeB62BlastOutUNI.tsv	GO:0050982	18	178560	43	3099283	7.265760971492873	2.419815864043998e-09	3.319745383881961e-05
/work/LAS/jernigan-lab/Ben/ProjectHIV/ProtGOs001/envelopeB62BlastOutUNI.tsv	GO:0008559	36	178560	180	3099283	3.4714191308243727	2.4731106889276587e-09	3.392860554139855e-05
/work/LAS/jernigan-lab/Ben/ProjectHIV/ProtGOs001/envelopeB62BlastOutUNI.tsv	GO:0001701	81	178560	652	3099283	2.156326300588759	2.6775392234613e-09	3.6733160606665576e-05
/work/LAS/jernigan-lab/Ben/ProjectHIV/ProtGOs001/envelopeB62BlastOutUNI.tsv	GO:0030430	239	178560	2716	3099283	1.5273732920968797	2.850462941553199e-09	3.9105501095168336e-05
/work/LAS/jernigan-lab/Ben/ProjectHIV/ProtGOs001/envelopeB62BlastOutUNI.tsv	GO:0018108	40	178560	218	3099283	3.1847881934168556	2.9482708813588873e-09	4.044732822136257e-05
/work/LAS/jernigan-lab/Ben/ProjectHIV/ProtGOs001/envelopeB62BlastOutUNI.tsv	GO:0006623	42	178560	237	3099283	3.07594100199628	2.984260210213974e-09	4.0941065823925507e-05
/work/LAS/jernigan-lab/Ben/ProjectHIV/ProtGOs001/envelopeB62BlastOutUNI.tsv	GO:0045437	21	178560	63	3099283	5.7856985513739545	3.311667977622391e-09	4.5432772985001583e-05
/work/LAS/jernigan-lab/Ben/ProjectHIV/ProtGOs001/envelopeB62BlastOutUNI.tsv	GO:0001653	22	178560	70	3099283	5.455087205581157	3.4842195074972367e-09	4.780000742335459e-05
/work/LAS/jernigan-lab/Ben/ProjectHIV/ProtGOs001/envelopeB62BlastOutUNI.tsv	GO:0004512	16	178560	33	3099283	8.415561529271207	3.5673266959151295e-09	4.894015494125966e-05
/work/LAS/jernigan-lab/Ben/ProjectHIV/ProtGOs001/envelopeB62BlastOutUNI.tsv	GO:0006873	19	178560	51	3099283	6.466368969182655	4.15167032735068e-09	5.695676522092398e-05
/work/LAS/jernigan-lab/Ben/ProjectHIV/ProtGOs001/envelopeB62BlastOutUNI.tsv	GO:0014069	110	178560	1007	3099283	1.8960084627144043	4.518033000411876e-09	6.198289473265052e-05
/work/LAS/jernigan-lab/Ben/ProjectHIV/ProtGOs001/envelopeB62BlastOutUNI.tsv	GO:0050808	39	178560	214	3099283	3.1632090210782837	5.425382925028721e-09	7.443082834846903e-05
/work/LAS/jernigan-lab/Ben/ProjectHIV/ProtGOs001/envelopeB62BlastOutUNI.tsv	GO:0004016	28	178560	118	3099283	4.118632867079764	5.930595516183511e-09	8.136183988652159e-05
/work/LAS/jernigan-lab/Ben/ProjectHIV/ProtGOs001/envelopeB62BlastOutUNI.tsv	GO:0016529	35	178560	178	3099283	3.4129120668217148	5.962247384827006e-09	8.17960718724417e-05
/work/LAS/jernigan-lab/Ben/ProjectHIV/ProtGOs001/envelopeB62BlastOutUNI.tsv	GO:0035091	55	178560	374	3099283	2.552514066782627	6.085321342801388e-09	8.348452350189224e-05
/work/LAS/jernigan-lab/Ben/ProjectHIV/ProtGOs001/envelopeB62BlastOutUNI.tsv	GO:0006897	111	178560	1025	3099283	1.8796464562024653	6.13363966225872e-09	8.414740252652737e-05
/work/LAS/jernigan-lab/Ben/ProjectHIV/ProtGOs001/envelopeB62BlastOutUNI.tsv	GO:0055038	54	178560	361	3099283	2.596352258511304	6.1756355772467245e-09	8.472354448424782e-05
/work/LAS/jernigan-lab/Ben/ProjectHIV/ProtGOs001/envelopeB62BlastOutUNI.tsv	GO:0016242	23	178560	80	3099283	4.990165000560036	6.407755321576677e-09	8.790799525671043e-05
/work/LAS/jernigan-lab/Ben/ProjectHIV/ProtGOs001/envelopeB62BlastOutUNI.tsv	GO:0004527	51	178560	334	3099283	2.6503349651503445	6.480359377053126e-09	8.890405029379184e-05
/work/LAS/jernigan-lab/Ben/ProjectHIV/ProtGOs001/envelopeB62BlastOutUNI.tsv	GO:0015696	22	178560	73	3099283	5.23090553959837	6.6132697270341444e-09	9.072744738518143e-05
/work/LAS/jernigan-lab/Ben/ProjectHIV/ProtGOs001/envelopeB62BlastOutUNI.tsv	GO:0007420	104	178560	939	3099283	1.9224046304884705	6.780723339315915e-09	9.302474349207504e-05
/work/LAS/jernigan-lab/Ben/ProjectHIV/ProtGOs001/envelopeB62BlastOutUNI.tsv	GO:0030056	16	178560	35	3099283	7.934672299027138	6.885566978556837e-09	9.446309337882124e-05
/work/LAS/jernigan-lab/Ben/ProjectHIV/ProtGOs001/envelopeB62BlastOutUNI.tsv	GO:0004674	316	178560	3841	3099283	1.4279724620417884	6.927345451226909e-09	9.503625224538196e-05
/work/LAS/jernigan-lab/Ben/ProjectHIV/ProtGOs001/envelopeB62BlastOutUNI.tsv	GO:0031931	19	178560	53	3099283	6.222355045817272	6.930311810305876e-09	9.507694772558632e-05
/work/LAS/jernigan-lab/Ben/ProjectHIV/ProtGOs001/envelopeB62BlastOutUNI.tsv	GO:0005178	69	178560	529	3099283	2.2639689983637212	7.070385286284168e-09	9.699861574253249e-05
/work/LAS/jernigan-lab/Ben/ProjectHIV/ProtGOs001/envelopeB62BlastOutUNI.tsv	GO:0007416	38	178560	207	3099283	3.18632673843783	7.102960238522197e-09	9.744551151228602e-05
/work/LAS/jernigan-lab/Ben/ProjectHIV/ProtGOs001/envelopeB62BlastOutUNI.tsv	GO:0033627	24	178560	88	3099283	4.733753360215053	7.2432725389204334e-09	9.937045596144943e-05
/work/LAS/jernigan-lab/Ben/ProjectHIV/ProtGOs001/envelopeB62BlastOutUNI.tsv	GO:0004672	150	178560	1537	3099283	1.6939260560301104	7.85708875972163e-09	0.00010779140069462105
/work/LAS/jernigan-lab/Ben/ProjectHIV/ProtGOs001/envelopeB62BlastOutUNI.tsv	GO:0017124	68	178560	517	3099283	2.282944882940593	7.915961358347923e-09	0.00010859907387517515
/work/LAS/jernigan-lab/Ben/ProjectHIV/ProtGOs001/envelopeB62BlastOutUNI.tsv	GO:0008045	35	178560	181	3099283	3.356344463504228	8.644787864339436e-09	0.00011859784471087272
/work/LAS/jernigan-lab/Ben/ProjectHIV/ProtGOs001/envelopeB62BlastOutUNI.tsv	GO:0046777	105	178560	958	3099283	1.902395661464296	9.530548923749794e-09	0.00013074960068492342
/work/LAS/jernigan-lab/Ben/ProjectHIV/ProtGOs001/envelopeB62BlastOutUNI.tsv	GO:0007229	49	178560	318	3099283	2.6745210284653185	1.031770562417758e-08	0.00014154860345809222
/work/LAS/jernigan-lab/Ben/ProjectHIV/ProtGOs001/envelopeB62BlastOutUNI.tsv	GO:0061630	124	178560	1206	3099283	1.7846433342546526	1.0685944088323453e-08	0.00014660046694770946
/work/LAS/jernigan-lab/Ben/ProjectHIV/ProtGOs001/envelopeB62BlastOutUNI.tsv	GO:0039686	27	178560	114	3099283	4.110891075976231	1.1346745170941983e-08	0.00015566599700015307
/work/LAS/jernigan-lab/Ben/ProjectHIV/ProtGOs001/envelopeB62BlastOutUNI.tsv	GO:0030301	23	178560	83	3099283	4.80979759090124	1.1472420594778322e-08	0.0001573901381397638
/work/LAS/jernigan-lab/Ben/ProjectHIV/ProtGOs001/envelopeB62BlastOutUNI.tsv	GO:0019012	171	178560	1825	3099283	1.6263360859478568	1.1792753946452458e-08	0.00016178479139138127
/work/LAS/jernigan-lab/Ben/ProjectHIV/ProtGOs001/envelopeB62BlastOutUNI.tsv	GO:0045202	188	178560	2056	3099283	1.5871274236259292	1.1823968405521072e-08	0.00016221302255534358
/work/LAS/jernigan-lab/Ben/ProjectHIV/ProtGOs001/envelopeB62BlastOutUNI.tsv	GO:0034704	22	178560	76	3099283	5.024422426193171	1.220392434821534e-08	0.00016742563813316625
/work/LAS/jernigan-lab/Ben/ProjectHIV/ProtGOs001/envelopeB62BlastOutUNI.tsv	GO:0004347	78	178560	642	3099283	2.108806014052189	1.4014083917736882e-08	0.00019225921726743228
/work/LAS/jernigan-lab/Ben/ProjectHIV/ProtGOs001/envelopeB62BlastOutUNI.tsv	GO:0045494	32	178560	158	3099283	3.5153611451386055	1.4160905165095086e-08	0.0001942734579599395
/work/LAS/jernigan-lab/Ben/ProjectHIV/ProtGOs001/envelopeB62BlastOutUNI.tsv	GO:0007528	30	178560	141	3099283	3.692999075345077	1.50715172708938e-08	0.00020676614543939208
/work/LAS/jernigan-lab/Ben/ProjectHIV/ProtGOs001/envelopeB62BlastOutUNI.tsv	GO:0030139	44	178560	273	3099283	2.7974806182467473	1.5790220678748983e-08	0.0002166260374917573
/work/LAS/jernigan-lab/Ben/ProjectHIV/ProtGOs001/envelopeB62BlastOutUNI.tsv	GO:0005219	11	178560	13	3099283	14.686773245795424	1.6107270400082493e-08	0.0002209756426187317
/work/LAS/jernigan-lab/Ben/ProjectHIV/ProtGOs001/envelopeB62BlastOutUNI.tsv	GO:0086010	18	178560	50	3099283	6.248554435483871	1.625543955787512e-08	0.00022300837529448875
/work/LAS/jernigan-lab/Ben/ProjectHIV/ProtGOs001/envelopeB62BlastOutUNI.tsv	GO:0038187	23	178560	85	3099283	4.696625882880034	1.669728006305934e-08	0.0002290699851851111
/work/LAS/jernigan-lab/Ben/ProjectHIV/ProtGOs001/envelopeB62BlastOutUNI.tsv	GO:0004832	51	178560	342	3099283	2.588338825614664	1.8517442196383604e-08	0.00025404078949218666
/work/LAS/jernigan-lab/Ben/ProjectHIV/ProtGOs001/envelopeB62BlastOutUNI.tsv	GO:0006438	51	178560	342	3099283	2.588338825614664	1.8517442196383604e-08	0.00025404078949218666
/work/LAS/jernigan-lab/Ben/ProjectHIV/ProtGOs001/envelopeB62BlastOutUNI.tsv	GO:0017147	30	178560	143	3099283	3.6413487386269643	1.9841339617595198e-08	0.0002722033382137885
/work/LAS/jernigan-lab/Ben/ProjectHIV/ProtGOs001/envelopeB62BlastOutUNI.tsv	GO:0032549	103	178560	953	3099283	1.8759505271506316	1.9949020347693037e-08	0.0002736806101500008
/work/LAS/jernigan-lab/Ben/ProjectHIV/ProtGOs001/envelopeB62BlastOutUNI.tsv	GO:0048471	255	178560	3013	3099283	1.468987518022262	2.067859017719942e-08	0.00028368957864099883
/work/LAS/jernigan-lab/Ben/ProjectHIV/ProtGOs001/envelopeB62BlastOutUNI.tsv	GO:0045332	26	178560	110	3099283	4.1025862455197135	2.1722018044248614e-08	0.00029800436554904675
/work/LAS/jernigan-lab/Ben/ProjectHIV/ProtGOs001/envelopeB62BlastOutUNI.tsv	GO:0044178	59	178560	435	3099283	2.3541807898694023	2.4298845004231537e-08	0.00033335585461305244
/work/LAS/jernigan-lab/Ben/ProjectHIV/ProtGOs001/envelopeB62BlastOutUNI.tsv	GO:0030054	77	178560	642	3099283	2.0817700395130583	2.4633348400751833e-08	0.0003379449067099144
/work/LAS/jernigan-lab/Ben/ProjectHIV/ProtGOs001/envelopeB62BlastOutUNI.tsv	GO:0046544	10	178560	10	3099283	17.357095654121864	2.561775933400496e-08	0.00035145004030321406
/work/LAS/jernigan-lab/Ben/ProjectHIV/ProtGOs001/envelopeB62BlastOutUNI.tsv	GO:0030126	28	178560	128	3099283	3.7968646743391576	2.6836601120235016e-08	0.0003681713307685042
/work/LAS/jernigan-lab/Ben/ProjectHIV/ProtGOs001/envelopeB62BlastOutUNI.tsv	GO:0018021	11	178560	14	3099283	13.637718013952894	2.7333761180652677e-08	0.0003749918696373741
/work/LAS/jernigan-lab/Ben/ProjectHIV/ProtGOs001/envelopeB62BlastOutUNI.tsv	GO:0048312	23	178560	88	3099283	4.53651363687276	2.8782881737175238e-08	0.0003948723545523071
/work/LAS/jernigan-lab/Ben/ProjectHIV/ProtGOs001/envelopeB62BlastOutUNI.tsv	GO:0005041	15	178560	34	3099283	7.657542200347881	2.9477730001317554e-08	0.0004044049778880755
/work/LAS/jernigan-lab/Ben/ProjectHIV/ProtGOs001/envelopeB62BlastOutUNI.tsv	GO:0004675	24	178560	96	3099283	4.339273913530466	2.999449481910713e-08	0.0004114944744233307
/work/LAS/jernigan-lab/Ben/ProjectHIV/ProtGOs001/envelopeB62BlastOutUNI.tsv	GO:0044826	35	178560	192	3099283	3.1640538952826316	3.158483909895797e-08	0.00043331240759860443
/work/LAS/jernigan-lab/Ben/ProjectHIV/ProtGOs001/envelopeB62BlastOutUNI.tsv	GO:0003713	103	178560	960	3099283	1.8622717212234916	3.2071260246123204e-08	0.00043998561931656423
/work/LAS/jernigan-lab/Ben/ProjectHIV/ProtGOs001/envelopeB62BlastOutUNI.tsv	GO:0016767	18	178560	53	3099283	5.894862674984784	3.387923963965651e-08	0.0004647892886164477
/work/LAS/jernigan-lab/Ben/ProjectHIV/ProtGOs001/envelopeB62BlastOutUNI.tsv	GO:0051156	30	178560	147	3099283	3.5422644192085437	3.389996792965677e-08	0.0004650736600269612
/work/LAS/jernigan-lab/Ben/ProjectHIV/ProtGOs001/envelopeB62BlastOutUNI.tsv	GO:0030048	22	178560	82	3099283	4.656781760861963	3.848231681564673e-08	0.0005279389043938575
/work/LAS/jernigan-lab/Ben/ProjectHIV/ProtGOs001/envelopeB62BlastOutUNI.tsv	GO:0006511	155	178560	1643	3099283	1.63746185416244	4.0645814349915914e-08	0.0005576199270664965
/work/LAS/jernigan-lab/Ben/ProjectHIV/ProtGOs001/envelopeB62BlastOutUNI.tsv	GO:0005254	42	178560	263	3099283	2.7718555797456967	4.128803835691137e-08	0.0005664305982184671
/work/LAS/jernigan-lab/Ben/ProjectHIV/ProtGOs001/envelopeB62BlastOutUNI.tsv	GO:0030315	36	178560	204	3099283	3.0630168801391524	4.174489530850717e-08	0.0005726982187374099
/work/LAS/jernigan-lab/Ben/ProjectHIV/ProtGOs001/envelopeB62BlastOutUNI.tsv	GO:0050885	32	178560	167	3099283	3.325910544502393	4.386320941818603e-08	0.0006017593700080941
/work/LAS/jernigan-lab/Ben/ProjectHIV/ProtGOs001/envelopeB62BlastOutUNI.tsv	GO:1902667	14	178560	30	3099283	8.099977971923536	4.8996136654355915e-08	0.0006721779987611088
/work/LAS/jernigan-lab/Ben/ProjectHIV/ProtGOs001/envelopeB62BlastOutUNI.tsv	GO:0050804	41	178560	255	3099283	2.790748713015672	5.031941819182055e-08	0.0006903320981735861
/work/LAS/jernigan-lab/Ben/ProjectHIV/ProtGOs001/envelopeB62BlastOutUNI.tsv	GO:0045121	112	178560	1090	3099283	1.7834813883134393	5.398375053950319e-08	0.0007406030736514443
/work/LAS/jernigan-lab/Ben/ProjectHIV/ProtGOs001/envelopeB62BlastOutUNI.tsv	GO:0004326	26	178560	116	3099283	3.8903835086824867	5.439882169334688e-08	0.0007462974348110259
/work/LAS/jernigan-lab/Ben/ProjectHIV/ProtGOs001/envelopeB62BlastOutUNI.tsv	GO:0010265	13	178560	25	3099283	9.025689740143369	5.52989451336545e-08	0.0007586462282886061
/work/LAS/jernigan-lab/Ben/ProjectHIV/ProtGOs001/envelopeB62BlastOutUNI.tsv	GO:0007611	41	178560	256	3099283	2.7798473508554546	5.530998039165485e-08	0.0007587976209931129
/work/LAS/jernigan-lab/Ben/ProjectHIV/ProtGOs001/envelopeB62BlastOutUNI.tsv	GO:0043204	90	178560	808	3099283	1.933339862464069	5.610272452046334e-08	0.0007696732776962366
/work/LAS/jernigan-lab/Ben/ProjectHIV/ProtGOs001/envelopeB62BlastOutUNI.tsv	GO:0004471	31	178560	160	3099283	3.362937282986111	5.67450340684003e-08	0.0007784851223843838
/work/LAS/jernigan-lab/Ben/ProjectHIV/ProtGOs001/envelopeB62BlastOutUNI.tsv	GO:0035176	36	178560	207	3099283	3.0186253311516285	5.7588249315281276e-08	0.0007900531923563438
/work/LAS/jernigan-lab/Ben/ProjectHIV/ProtGOs001/envelopeB62BlastOutUNI.tsv	GO:0014068	48	178560	327	3099283	2.5478305547334847	6.538478476091596e-08	0.0008970138621350061
/work/LAS/jernigan-lab/Ben/ProjectHIV/ProtGOs001/envelopeB62BlastOutUNI.tsv	GO:0001518	20	178560	70	3099283	4.959170186891961	6.606865291099144e-08	0.0009063958492858916
/work/LAS/jernigan-lab/Ben/ProjectHIV/ProtGOs001/envelopeB62BlastOutUNI.tsv	GO:0004567	14	178560	31	3099283	7.838688359926003	6.753532540155989e-08	0.000926517129184
/work/LAS/jernigan-lab/Ben/ProjectHIV/ProtGOs001/envelopeB62BlastOutUNI.tsv	GO:0016486	18	178560	56	3099283	5.579066460253456	6.768570983639128e-08	0.000928580253245452
/work/LAS/jernigan-lab/Ben/ProjectHIV/ProtGOs001/envelopeB62BlastOutUNI.tsv	GO:0043547	71	178560	588	3099283	2.095839781365055	6.821340284184308e-08	0.0009358196735872452
/work/LAS/jernigan-lab/Ben/ProjectHIV/ProtGOs001/envelopeB62BlastOutUNI.tsv	GO:0001553	15	178560	37	3099283	7.036660400319675	7.173538002371707e-08	0.0009841376785453746
/work/LAS/jernigan-lab/Ben/ProjectHIV/ProtGOs001/envelopeB62BlastOutUNI.tsv	GO:0043895	11	178560	16	3099283	11.933003262208782	7.220774704175846e-08	0.0009906180816658843
/work/LAS/jernigan-lab/Ben/ProjectHIV/ProtGOs001/envelopeB62BlastOutUNI.tsv	GO:0039540	34	178560	190	3099283	3.106006590737597	7.264953800454839e-08	0.0009966790118843994
/work/LAS/jernigan-lab/Ben/ProjectHIV/ProtGOs001/envelopeB62BlastOutUNI.tsv	GO:0005802	106	178560	1016	3099283	1.8108780898985408	7.575608882527371e-08	0.00103929778259393
/work/LAS/jernigan-lab/Ben/ProjectHIV/ProtGOs001/envelopeB62BlastOutUNI.tsv	GO:0006812	32	178560	172	3099283	3.229227098441277	7.946519501822403e-08	0.0010901830104550155
/work/LAS/jernigan-lab/Ben/ProjectHIV/ProtGOs001/envelopeB62BlastOutUNI.tsv	GO:0071805	58	178560	437	3099283	2.30368775272098	8.011336491413594e-08	0.001099075253257031
/work/LAS/jernigan-lab/Ben/ProjectHIV/ProtGOs001/envelopeB62BlastOutUNI.tsv	GO:0010008	110	178560	1071	3099283	1.7827082371180252	8.086068569325305e-08	0.0011093277470257386
/work/LAS/jernigan-lab/Ben/ProjectHIV/ProtGOs001/envelopeB62BlastOutUNI.tsv	GO:0006886	157	178560	1694	3099283	1.608656444921566	8.602785830565456e-08	0.001180216188095275
/work/LAS/jernigan-lab/Ben/ProjectHIV/ProtGOs001/envelopeB62BlastOutUNI.tsv	GO:0032154	42	178560	266	3099283	2.7405940506508206	8.664224460457204e-08	0.001188644953730124
/work/LAS/jernigan-lab/Ben/ProjectHIV/ProtGOs001/envelopeB62BlastOutUNI.tsv	GO:0090630	49	178560	344	3099283	2.4723769972441025	8.702007291567403e-08	0.001193828380330132
/work/LAS/jernigan-lab/Ben/ProjectHIV/ProtGOs001/envelopeB62BlastOutUNI.tsv	GO:0003896	40	178560	251	3099283	2.7660710205771895	8.944740990101844e-08	0.001227129016432072
/work/LAS/jernigan-lab/Ben/ProjectHIV/ProtGOs001/envelopeB62BlastOutUNI.tsv	GO:0005579	14	178560	32	3099283	7.593729348678315	9.218576181582755e-08	0.001264696466351338
/work/LAS/jernigan-lab/Ben/ProjectHIV/ProtGOs001/envelopeB62BlastOutUNI.tsv	GO:0008536	36	178560	212	3099283	2.947431337492392	9.707408964750508e-08	0.0013317594358741222
/work/LAS/jernigan-lab/Ben/ProjectHIV/ProtGOs001/envelopeB62BlastOutUNI.tsv	GO:0050707	17	178560	51	3099283	5.7856985513739545	1.0090879310050956e-07	0.0013843677325458908
/work/LAS/jernigan-lab/Ben/ProjectHIV/ProtGOs001/envelopeB62BlastOutUNI.tsv	GO:0075713	35	178560	203	3099283	2.9926026989865284	1.0480493046593978e-07	0.0014378188410622279
/work/LAS/jernigan-lab/Ben/ProjectHIV/ProtGOs001/envelopeB62BlastOutUNI.tsv	GO:0015562	39	178560	243	3099283	2.785706709920793	1.0911248882545915e-07	0.001496914234196474
/work/LAS/jernigan-lab/Ben/ProjectHIV/ProtGOs001/envelopeB62BlastOutUNI.tsv	GO:0006013	20	178560	73	3099283	4.755368672362154	1.1768490860508596e-07	0.0016145192611531744
/work/LAS/jernigan-lab/Ben/ProjectHIV/ProtGOs001/envelopeB62BlastOutUNI.tsv	GO:0004713	54	178560	400	3099283	2.3432079133064514	1.1867036947696174e-07	0.0016280387988544382
/work/LAS/jernigan-lab/Ben/ProjectHIV/ProtGOs001/envelopeB62BlastOutUNI.tsv	GO:0018064	12	178560	22	3099283	9.467506720430107	1.2088321436856632e-07	0.0016583968179223613
/work/LAS/jernigan-lab/Ben/ProjectHIV/ProtGOs001/envelopeB62BlastOutUNI.tsv	GO:0070062	204	178560	2356	3099283	1.5029064148730307	1.2312166599782153e-07	0.0016891061358241136
/work/LAS/jernigan-lab/Ben/ProjectHIV/ProtGOs001/envelopeB62BlastOutUNI.tsv	GO:0043410	63	178560	503	3099283	2.17395035031745	1.2803500153656046e-07	0.001756512186080073
/work/LAS/jernigan-lab/Ben/ProjectHIV/ProtGOs001/envelopeB62BlastOutUNI.tsv	GO:0043815	37	178560	225	3099283	2.854277952011151	1.3293121348065114e-07	0.001823683317741053
/work/LAS/jernigan-lab/Ben/ProjectHIV/ProtGOs001/envelopeB62BlastOutUNI.tsv	GO:0005248	21	178560	82	3099283	4.445109862640965	1.5112161085473206e-07	0.0020732373793160693
/work/LAS/jernigan-lab/Ben/ProjectHIV/ProtGOs001/envelopeB62BlastOutUNI.tsv	GO:0043194	17	178560	53	3099283	5.567370304152296	1.592872803046242e-07	0.0021852621984991393
/work/LAS/jernigan-lab/Ben/ProjectHIV/ProtGOs001/envelopeB62BlastOutUNI.tsv	GO:0140326	18	178560	60	3099283	5.207128696236559	1.6052586737327756e-07	0.0022022543744939947
/work/LAS/jernigan-lab/Ben/ProjectHIV/ProtGOs001/envelopeB62BlastOutUNI.tsv	GO:0050729	46	178560	318	3099283	2.5107748430490746	1.6264974061933112e-07	0.002231391791556604
/work/LAS/jernigan-lab/Ben/ProjectHIV/ProtGOs001/envelopeB62BlastOutUNI.tsv	GO:0045295	15	178560	40	3099283	6.508910870295699	1.629972184550905e-07	0.0022361588399853866
/work/LAS/jernigan-lab/Ben/ProjectHIV/ProtGOs001/envelopeB62BlastOutUNI.tsv	GO:0004533	20	178560	75	3099283	4.628558841099164	1.7041897548567678e-07	0.002337977924688
/work/LAS/jernigan-lab/Ben/ProjectHIV/ProtGOs001/envelopeB62BlastOutUNI.tsv	GO:0043083	20	178560	75	3099283	4.628558841099164	1.7041897548567678e-07	0.002337977924688
/work/LAS/jernigan-lab/Ben/ProjectHIV/ProtGOs001/envelopeB62BlastOutUNI.tsv	GO:0008091	11	178560	18	3099283	10.60711401085225	1.730669441153233e-07	0.0023743054063181204
/work/LAS/jernigan-lab/Ben/ProjectHIV/ProtGOs001/envelopeB62BlastOutUNI.tsv	GO:0030047	11	178560	18	3099283	10.60711401085225	1.730669441153233e-07	0.0023743054063181204
/work/LAS/jernigan-lab/Ben/ProjectHIV/ProtGOs001/envelopeB62BlastOutUNI.tsv	GO:0005929	95	178560	897	3099283	1.838265426021825	1.735688718270053e-07	0.0023811913525946856
/work/LAS/jernigan-lab/Ben/ProjectHIV/ProtGOs001/envelopeB62BlastOutUNI.tsv	GO:0015385	36	178560	218	3099283	2.86630937407517	1.7764215274355312e-07	0.002437072693488805
/work/LAS/jernigan-lab/Ben/ProjectHIV/ProtGOs001/envelopeB62BlastOutUNI.tsv	GO:0051965	37	178560	228	3099283	2.816721663168899	1.7793417086755168e-07	0.0024410788901319414
/work/LAS/jernigan-lab/Ben/ProjectHIV/ProtGOs001/envelopeB62BlastOutUNI.tsv	GO:0039652	21	178560	83	3099283	4.391554322127218	1.79620709126702e-07	0.0024642165085092247
/work/LAS/jernigan-lab/Ben/ProjectHIV/ProtGOs001/envelopeB62BlastOutUNI.tsv	GO:0043044	34	178560	199	3099283	2.965533930854992	1.9039855127912425e-07	0.0026120777249983057
/work/LAS/jernigan-lab/Ben/ProjectHIV/ProtGOs001/envelopeB62BlastOutUNI.tsv	GO:0019838	25	178560	117	3099283	3.708781122675612	2.1297430574134497e-07	0.0029217945004655116
/work/LAS/jernigan-lab/Ben/ProjectHIV/ProtGOs001/envelopeB62BlastOutUNI.tsv	GO:0030027	81	178560	728	3099283	1.9312153131646579	2.3073193553202466e-07	0.0031654114235638462
/work/LAS/jernigan-lab/Ben/ProjectHIV/ProtGOs001/envelopeB62BlastOutUNI.tsv	GO:0007268	94	178560	891	3099283	1.831163851276605	2.318126506207562e-07	0.0031802377538661542
/work/LAS/jernigan-lab/Ben/ProjectHIV/ProtGOs001/envelopeB62BlastOutUNI.tsv	GO:1905167	9	178560	10	3099283	15.621386088709677	2.36396156950117e-07	0.003243118877198655
/work/LAS/jernigan-lab/Ben/ProjectHIV/ProtGOs001/envelopeB62BlastOutUNI.tsv	GO:0004329	45	178560	313	3099283	2.495429087653303	2.5114799528403297e-07	0.0034454993473016482
/work/LAS/jernigan-lab/Ben/ProjectHIV/ProtGOs001/envelopeB62BlastOutUNI.tsv	GO:0035371	21	178560	85	3099283	4.288223632194813	2.519500254426332e-07	0.0034565023990474845
/work/LAS/jernigan-lab/Ben/ProjectHIV/ProtGOs001/envelopeB62BlastOutUNI.tsv	GO:0008168	131	178560	1373	3099283	1.656066664741416	2.671585617789875e-07	0.0036651483090459295
/work/LAS/jernigan-lab/Ben/ProjectHIV/ProtGOs001/envelopeB62BlastOutUNI.tsv	GO:0043231	227	178560	2713	3099283	1.45228924197776	2.8015063514932445e-07	0.0038433865636135823
/work/LAS/jernigan-lab/Ben/ProjectHIV/ProtGOs001/envelopeB62BlastOutUNI.tsv	GO:0015301	23	178560	102	3099283	3.913854902400028	2.82316529295769e-07	0.0038731004654086547
/work/LAS/jernigan-lab/Ben/ProjectHIV/ProtGOs001/envelopeB62BlastOutUNI.tsv	GO:0018117	14	178560	36	3099283	6.749981643269614	2.930710826006207e-07	0.004020642182197915
/work/LAS/jernigan-lab/Ben/ProjectHIV/ProtGOs001/envelopeB62BlastOutUNI.tsv	GO:0003148	21	178560	86	3099283	4.238360566704176	2.9736252575389295e-07	0.004079516490817657
/work/LAS/jernigan-lab/Ben/ProjectHIV/ProtGOs001/envelopeB62BlastOutUNI.tsv	GO:0005244	32	178560	184	3099283	3.0186253311516285	3.0237765086268843e-07	0.004148318992185223
/work/LAS/jernigan-lab/Ben/ProjectHIV/ProtGOs001/envelopeB62BlastOutUNI.tsv	GO:0070204	40	178560	263	3099283	2.639862456900664	3.074100103742415e-07	0.004217357932324219
/work/LAS/jernigan-lab/Ben/ProjectHIV/ProtGOs001/envelopeB62BlastOutUNI.tsv	GO:0000034	36	178560	225	3099283	2.7771353046594984	3.4918728994801476e-07	0.0047905004307968145
/work/LAS/jernigan-lab/Ben/ProjectHIV/ProtGOs001/envelopeB62BlastOutUNI.tsv	GO:0051608	10	178560	15	3099283	11.571397102747909	3.520806783921501e-07	0.004830194826861907
/work/LAS/jernigan-lab/Ben/ProjectHIV/ProtGOs001/envelopeB62BlastOutUNI.tsv	GO:0001964	17	178560	57	3099283	5.176677651229328	3.764768517694826e-07	0.0051648859294255315
/work/LAS/jernigan-lab/Ben/ProjectHIV/ProtGOs001/envelopeB62BlastOutUNI.tsv	GO:0016460	13	178560	31	3099283	7.278782048502717	3.8929979773601216e-07	0.0053408039251403505
/work/LAS/jernigan-lab/Ben/ProjectHIV/ProtGOs001/envelopeB62BlastOutUNI.tsv	GO:0016328	40	178560	267	3099283	2.6003139556736876	4.083723798754212e-07	0.005602460679510903
/work/LAS/jernigan-lab/Ben/ProjectHIV/ProtGOs001/envelopeB62BlastOutUNI.tsv	GO:0003779	145	178560	1579	3099283	1.5939068206761686	4.088460692086739e-07	0.005608959223473798
/work/LAS/jernigan-lab/Ben/ProjectHIV/ProtGOs001/envelopeB62BlastOutUNI.tsv	GO:0005764	129	178560	1359	3099283	1.6475830311859605	4.253429285134321e-07	0.005835279636275775
/work/LAS/jernigan-lab/Ben/ProjectHIV/ProtGOs001/envelopeB62BlastOutUNI.tsv	GO:0003684	208	178560	2457	3099283	1.4693837590790997	4.3298374822968e-07	0.00594010404196298
/work/LAS/jernigan-lab/Ben/ProjectHIV/ProtGOs001/envelopeB62BlastOutUNI.tsv	GO:0005262	38	178560	245	3099283	2.692120958598493	4.665212955787309e-07	0.006400205654044609
/work/LAS/jernigan-lab/Ben/ProjectHIV/ProtGOs001/envelopeB62BlastOutUNI.tsv	GO:0002089	16	178560	51	3099283	5.445363342469604	4.6821395605153887e-07	0.006423427263071062
/work/LAS/jernigan-lab/Ben/ProjectHIV/ProtGOs001/envelopeB62BlastOutUNI.tsv	GO:0071404	20	178560	81	3099283	4.285702630647374	4.852441548042454e-07	0.006657064559759443
/work/LAS/jernigan-lab/Ben/ProjectHIV/ProtGOs001/envelopeB62BlastOutUNI.tsv	GO:0003918	50	178560	376	3099283	2.3081244220906734	5.054286547227898e-07	0.006933975714141952
/work/LAS/jernigan-lab/Ben/ProjectHIV/ProtGOs001/envelopeB62BlastOutUNI.tsv	GO:0032302	13	178560	32	3099283	7.0513201094870075	5.200166128062753e-07	0.0071341079110892915
/work/LAS/jernigan-lab/Ben/ProjectHIV/ProtGOs001/envelopeB62BlastOutUNI.tsv	GO:0005089	28	178560	151	3099283	3.218534293479551	5.250703224618011e-07	0.007203439753853449
/work/LAS/jernigan-lab/Ben/ProjectHIV/ProtGOs001/envelopeB62BlastOutUNI.tsv	GO:0060090	48	178560	357	3099283	2.3337271467726874	5.303911236425829e-07	0.007276435825252595
/work/LAS/jernigan-lab/Ben/ProjectHIV/ProtGOs001/envelopeB62BlastOutUNI.tsv	GO:0004963	10	178560	16	3099283	10.848184783826165	5.439903192081088e-07	0.007463003189216045
/work/LAS/jernigan-lab/Ben/ProjectHIV/ProtGOs001/envelopeB62BlastOutUNI.tsv	GO:0035770	16	178560	52	3099283	5.3406448166528815	5.812309302562208e-07	0.007973907132185093
/work/LAS/jernigan-lab/Ben/ProjectHIV/ProtGOs001/envelopeB62BlastOutUNI.tsv	GO:0007216	16	178560	52	3099283	5.3406448166528815	5.812309302562208e-07	0.007973907132185093
/work/LAS/jernigan-lab/Ben/ProjectHIV/ProtGOs001/envelopeB62BlastOutUNI.tsv	GO:0030667	31	178560	181	3099283	2.9727622391037447	6.121525100223574e-07	0.008398120284996721
/work/LAS/jernigan-lab/Ben/ProjectHIV/ProtGOs001/envelopeB62BlastOutUNI.tsv	GO:0080008	31	178560	181	3099283	2.9727622391037447	6.121525100223574e-07	0.008398120284996721
/work/LAS/jernigan-lab/Ben/ProjectHIV/ProtGOs001/envelopeB62BlastOutUNI.tsv	GO:0001540	40	178560	273	3099283	2.5431641984061337	6.442971270246966e-07	0.008839112285651813
/work/LAS/jernigan-lab/Ben/ProjectHIV/ProtGOs001/envelopeB62BlastOutUNI.tsv	GO:0008271	19	178560	75	3099283	4.397130899044205	6.667893416835997e-07	0.009147682978557305
/work/LAS/jernigan-lab/Ben/ProjectHIV/ProtGOs001/envelopeB62BlastOutUNI.tsv	GO:1904881	8	178560	8	3099283	17.357095654121864	6.717012069945525e-07	0.009215068858758266
/work/LAS/jernigan-lab/Ben/ProjectHIV/ProtGOs001/envelopeB62BlastOutUNI.tsv	GO:0097155	9	178560	12	3099283	13.017821740591398	6.806180731203128e-07	0.009337399345137571
/work/LAS/jernigan-lab/Ben/ProjectHIV/ProtGOs001/envelopeB62BlastOutUNI.tsv	GO:0005250	9	178560	12	3099283	13.017821740591398	6.806180731203128e-07	0.009337399345137571
/work/LAS/jernigan-lab/Ben/ProjectHIV/ProtGOs001/envelopeB62BlastOutUNI.tsv	GO:0010710	9	178560	12	3099283	13.017821740591398	6.806180731203128e-07	0.009337399345137571
/work/LAS/jernigan-lab/Ben/ProjectHIV/ProtGOs001/envelopeB62BlastOutUNI.tsv	GO:0061809	27	178560	144	3099283	3.2544554351478494	6.867391444579719e-07	0.009421374322818917
/work/LAS/jernigan-lab/Ben/ProjectHIV/ProtGOs001/envelopeB62BlastOutUNI.tsv	GO:0031581	13	178560	33	3099283	6.837643742532856	6.885560400300555e-07	0.009446300313172331
/work/LAS/jernigan-lab/Ben/ProjectHIV/ProtGOs001/envelopeB62BlastOutUNI.tsv	GO:0042391	55	178560	437	3099283	2.184531489649205	7.023456610700133e-07	0.009635480124219511
/work/LAS/jernigan-lab/Ben/ProjectHIV/ProtGOs001/envelopeB62BlastOutUNI.tsv	GO:0006146	35	178560	223	3099283	2.7242078380908756	7.471182598833975e-07	0.010249715407340331
/work/LAS/jernigan-lab/Ben/ProjectHIV/ProtGOs001/envelopeB62BlastOutUNI.tsv	GO:0004644	38	178560	253	3099283	2.6069946041764065	7.632021891406513e-07	0.010470370832820595
/work/LAS/jernigan-lab/Ben/ProjectHIV/ProtGOs001/envelopeB62BlastOutUNI.tsv	GO:0050135	27	178560	145	3099283	3.2320109149054503	7.723988151818734e-07	0.01059653934548012
/work/LAS/jernigan-lab/Ben/ProjectHIV/ProtGOs001/envelopeB62BlastOutUNI.tsv	GO:0006289	166	178560	1888	3099283	1.5261005712840199	8.18237821842083e-07	0.011225404677851537
/work/LAS/jernigan-lab/Ben/ProjectHIV/ProtGOs001/envelopeB62BlastOutUNI.tsv	GO:0044603	10	178560	17	3099283	10.210056267130508	8.215094865369047e-07	0.011270288645799795
/work/LAS/jernigan-lab/Ben/ProjectHIV/ProtGOs001/envelopeB62BlastOutUNI.tsv	GO:0070733	14	178560	40	3099283	6.074983478942652	8.248658047198275e-07	0.011316333974951314
/work/LAS/jernigan-lab/Ben/ProjectHIV/ProtGOs001/envelopeB62BlastOutUNI.tsv	GO:0060976	22	178560	101	3099283	3.780753508818624	8.380544113747537e-07	0.011497268469650246
/work/LAS/jernigan-lab/Ben/ProjectHIV/ProtGOs001/envelopeB62BlastOutUNI.tsv	GO:0070306	16	178560	54	3099283	5.1428431567768484	8.839777894650998e-07	0.012127291293671703
/work/LAS/jernigan-lab/Ben/ProjectHIV/ProtGOs001/envelopeB62BlastOutUNI.tsv	GO:0005004	12	178560	28	3099283	7.438755280337942	9.061002710879732e-07	0.012430789619055905
/work/LAS/jernigan-lab/Ben/ProjectHIV/ProtGOs001/envelopeB62BlastOutUNI.tsv	GO:0097237	12	178560	28	3099283	7.438755280337942	9.061002710879732e-07	0.012430789619055905
/work/LAS/jernigan-lab/Ben/ProjectHIV/ProtGOs001/envelopeB62BlastOutUNI.tsv	GO:0051056	31	178560	185	3099283	2.908486298798799	9.229418036238675e-07	0.012661838603915839
/work/LAS/jernigan-lab/Ben/ProjectHIV/ProtGOs001/envelopeB62BlastOutUNI.tsv	GO:0043296	19	178560	77	3099283	4.2829197068612395	9.356423290387632e-07	0.012836077112082792
/work/LAS/jernigan-lab/Ben/ProjectHIV/ProtGOs001/envelopeB62BlastOutUNI.tsv	GO:0030334	51	178560	395	3099283	2.241042730025861	9.525754079272014e-07	0.013068382021353275
/work/LAS/jernigan-lab/Ben/ProjectHIV/ProtGOs001/envelopeB62BlastOutUNI.tsv	GO:1990782	22	178560	102	3099283	3.743687297947853	9.66421212939186e-07	0.013258332620312691
/work/LAS/jernigan-lab/Ben/ProjectHIV/ProtGOs001/envelopeB62BlastOutUNI.tsv	GO:0006898	48	178560	363	3099283	2.295153144346693	9.983848204944606e-07	0.013696841352363504
/work/LAS/jernigan-lab/Ben/ProjectHIV/ProtGOs001/envelopeB62BlastOutUNI.tsv	GO:0072659	69	178560	608	3099283	1.9698019739052772	1.0058474902284807e-06	0.013799221718444526
/work/LAS/jernigan-lab/Ben/ProjectHIV/ProtGOs001/envelopeB62BlastOutUNI.tsv	GO:0050770	21	178560	94	3099283	3.877649029112331	1.0363702110009199e-06	0.01421796292472162
/work/LAS/jernigan-lab/Ben/ProjectHIV/ProtGOs001/envelopeB62BlastOutUNI.tsv	GO:0071313	14	178560	41	3099283	5.926813150187954	1.0508697143827354e-06	0.014416881611616748
/work/LAS/jernigan-lab/Ben/ProjectHIV/ProtGOs001/envelopeB62BlastOutUNI.tsv	GO:0048763	9	178560	13	3099283	12.016450837468982	1.0957100314995339e-06	0.015032045922142105
/work/LAS/jernigan-lab/Ben/ProjectHIV/ProtGOs001/envelopeB62BlastOutUNI.tsv	GO:0031384	9	178560	13	3099283	12.016450837468982	1.0957100314995339e-06	0.015032045922142105
/work/LAS/jernigan-lab/Ben/ProjectHIV/ProtGOs001/envelopeB62BlastOutUNI.tsv	GO:0015379	15	178560	48	3099283	5.424092391913082	1.104775234758749e-06	0.015156411445655276
/work/LAS/jernigan-lab/Ben/ProjectHIV/ProtGOs001/envelopeB62BlastOutUNI.tsv	GO:0030676	15	178560	48	3099283	5.424092391913082	1.104775234758749e-06	0.015156411445655276
/work/LAS/jernigan-lab/Ben/ProjectHIV/ProtGOs001/envelopeB62BlastOutUNI.tsv	GO:0045053	15	178560	48	3099283	5.424092391913082	1.104775234758749e-06	0.015156411445655276
/work/LAS/jernigan-lab/Ben/ProjectHIV/ProtGOs001/envelopeB62BlastOutUNI.tsv	GO:0031589	22	178560	103	3099283	3.707340819327	1.1125406649313136e-06	0.015262945382192692
/work/LAS/jernigan-lab/Ben/ProjectHIV/ProtGOs001/envelopeB62BlastOutUNI.tsv	GO:0034976	56	178560	453	3099283	2.145689528986367	1.1145132334306418e-06	0.015290007049434975
/work/LAS/jernigan-lab/Ben/ProjectHIV/ProtGOs001/envelopeB62BlastOutUNI.tsv	GO:0007616	32	178560	197	3099283	2.8194267052380693	1.1303410204722098e-06	0.015507148459858245
/work/LAS/jernigan-lab/Ben/ProjectHIV/ProtGOs001/envelopeB62BlastOutUNI.tsv	GO:0031122	42	178560	301	3099283	2.4219203238309577	1.13062162017897e-06	0.015510998007235289
/work/LAS/jernigan-lab/Ben/ProjectHIV/ProtGOs001/envelopeB62BlastOutUNI.tsv	GO:0005249	40	178560	276	3099283	2.5155211092930236	1.1863144793439169e-06	0.016275048342119194
/work/LAS/jernigan-lab/Ben/ProjectHIV/ProtGOs001/envelopeB62BlastOutUNI.tsv	GO:2000235	8	178560	9	3099283	15.428529470330545	1.207651304828394e-06	0.016567768250940737
/work/LAS/jernigan-lab/Ben/ProjectHIV/ProtGOs001/envelopeB62BlastOutUNI.tsv	GO:2000238	8	178560	9	3099283	15.428529470330545	1.207651304828394e-06	0.016567768250940737
/work/LAS/jernigan-lab/Ben/ProjectHIV/ProtGOs001/envelopeB62BlastOutUNI.tsv	GO:0010794	8	178560	9	3099283	15.428529470330545	1.207651304828394e-06	0.016567768250940737
/work/LAS/jernigan-lab/Ben/ProjectHIV/ProtGOs001/envelopeB62BlastOutUNI.tsv	GO:2000203	8	178560	9	3099283	15.428529470330545	1.207651304828394e-06	0.016567768250940737
/work/LAS/jernigan-lab/Ben/ProjectHIV/ProtGOs001/envelopeB62BlastOutUNI.tsv	GO:0022028	8	178560	9	3099283	15.428529470330545	1.207651304828394e-06	0.016567768250940737
/work/LAS/jernigan-lab/Ben/ProjectHIV/ProtGOs001/envelopeB62BlastOutUNI.tsv	GO:0015942	10	178560	18	3099283	9.64283091895659	1.2151102947831193e-06	0.016670098134129615
/work/LAS/jernigan-lab/Ben/ProjectHIV/ProtGOs001/envelopeB62BlastOutUNI.tsv	GO:0071681	10	178560	18	3099283	9.64283091895659	1.2151102947831193e-06	0.016670098134129615
/work/LAS/jernigan-lab/Ben/ProjectHIV/ProtGOs001/envelopeB62BlastOutUNI.tsv	GO:0006957	17	178560	63	3099283	4.68366073206463	1.21738867386167e-06	0.01670135521670825
/work/LAS/jernigan-lab/Ben/ProjectHIV/ProtGOs001/envelopeB62BlastOutUNI.tsv	GO:0004622	30	178560	178	3099283	2.9253532001328986	1.2323607268642661e-06	0.016906756811850866
/work/LAS/jernigan-lab/Ben/ProjectHIV/ProtGOs001/envelopeB62BlastOutUNI.tsv	GO:0031461	20	178560	87	3099283	3.9901369319820374	1.2667066067957662e-06	0.017377947938631115
/work/LAS/jernigan-lab/Ben/ProjectHIV/ProtGOs001/envelopeB62BlastOutUNI.tsv	GO:0019748	22	178560	104	3099283	3.671693311448856	1.2785970393471525e-06	0.017541072782803584
/work/LAS/jernigan-lab/Ben/ProjectHIV/ProtGOs001/envelopeB62BlastOutUNI.tsv	GO:0008066	19	178560	79	3099283	4.174491359852094	1.2996774407845909e-06	0.0178302748101238
/work/LAS/jernigan-lab/Ben/ProjectHIV/ProtGOs001/envelopeB62BlastOutUNI.tsv	GO:0033268	16	178560	56	3099283	4.959170186891961	1.322270268196936e-06	0.018140225809393763
/work/LAS/jernigan-lab/Ben/ProjectHIV/ProtGOs001/envelopeB62BlastOutUNI.tsv	GO:0072488	16	178560	56	3099283	4.959170186891961	1.322270268196936e-06	0.018140225809393763
/work/LAS/jernigan-lab/Ben/ProjectHIV/ProtGOs001/envelopeB62BlastOutUNI.tsv	GO:0055064	14	178560	42	3099283	5.7856985513739545	1.3307038934900808e-06	0.01825592671479042
/work/LAS/jernigan-lab/Ben/ProjectHIV/ProtGOs001/envelopeB62BlastOutUNI.tsv	GO:0043552	22	178560	105	3099283	3.6367248037207713	1.4670086012788702e-06	0.02012589100094482
/work/LAS/jernigan-lab/Ben/ProjectHIV/ProtGOs001/envelopeB62BlastOutUNI.tsv	GO:0005544	37	178560	251	3099283	2.5586156940339	1.4995640282936117e-06	0.020572518904160057
/work/LAS/jernigan-lab/Ben/ProjectHIV/ProtGOs001/envelopeB62BlastOutUNI.tsv	GO:0010976	55	178560	447	3099283	2.1356605390977683	1.5593039009613182e-06	0.021392090217288325
/work/LAS/jernigan-lab/Ben/ProjectHIV/ProtGOs001/envelopeB62BlastOutUNI.tsv	GO:0021987	35	178560	228	3099283	2.664466438132742	1.572825403482513e-06	0.021577591710376598
/work/LAS/jernigan-lab/Ben/ProjectHIV/ProtGOs001/envelopeB62BlastOutUNI.tsv	GO:0010452	12	178560	30	3099283	6.942838261648745	1.6192979355168518e-06	0.02221514837735569
/work/LAS/jernigan-lab/Ben/ProjectHIV/ProtGOs001/envelopeB62BlastOutUNI.tsv	GO:0031491	31	178560	191	3099283	2.8171202370564283	1.6700506488364885e-06	0.022911424851387786
/work/LAS/jernigan-lab/Ben/ProjectHIV/ProtGOs001/envelopeB62BlastOutUNI.tsv	GO:0034703	15	178560	50	3099283	5.207128696236559	1.691279550278485e-06	0.023202664150270533
/work/LAS/jernigan-lab/Ben/ProjectHIV/ProtGOs001/envelopeB62BlastOutUNI.tsv	GO:0072382	9	178560	14	3099283	11.158132920506912	1.712462377292025e-06	0.02349327135406929
/work/LAS/jernigan-lab/Ben/ProjectHIV/ProtGOs001/envelopeB62BlastOutUNI.tsv	GO:0051293	9	178560	14	3099283	11.158132920506912	1.712462377292025e-06	0.02349327135406929
/work/LAS/jernigan-lab/Ben/ProjectHIV/ProtGOs001/envelopeB62BlastOutUNI.tsv	GO:0030229	9	178560	14	3099283	11.158132920506912	1.712462377292025e-06	0.02349327135406929
/work/LAS/jernigan-lab/Ben/ProjectHIV/ProtGOs001/envelopeB62BlastOutUNI.tsv	GO:0099059	17	178560	65	3099283	4.539548094154949	1.7512475626476666e-06	0.024025365311963337
/work/LAS/jernigan-lab/Ben/ProjectHIV/ProtGOs001/envelopeB62BlastOutUNI.tsv	GO:0005903	35	178560	230	3099283	2.641297164757675	1.7573189891942406e-06	0.024108659212755786
/work/LAS/jernigan-lab/Ben/ProjectHIV/ProtGOs001/envelopeB62BlastOutUNI.tsv	GO:0007062	26	178560	143	3099283	3.1558355734767023	1.8043254662958033e-06	0.024753541072112126
/work/LAS/jernigan-lab/Ben/ProjectHIV/ProtGOs001/envelopeB62BlastOutUNI.tsv	GO:2001070	18	178560	73	3099283	4.279831805125939	1.8064062953277143e-06	0.024782087965600913
/work/LAS/jernigan-lab/Ben/ProjectHIV/ProtGOs001/envelopeB62BlastOutUNI.tsv	GO:0007091	15	178560	51	3099283	5.105028133565254	2.0782896005947065e-06	0.02851205503055878
/work/LAS/jernigan-lab/Ben/ProjectHIV/ProtGOs001/envelopeB62BlastOutUNI.tsv	GO:0001778	14	178560	44	3099283	5.5227122535842295	2.097356087984464e-06	0.028773628171058864
/work/LAS/jernigan-lab/Ben/ProjectHIV/ProtGOs001/envelopeB62BlastOutUNI.tsv	GO:0150094	11	178560	25	3099283	7.63712208781362	2.1061598255759613e-06	0.028894406647076612
/work/LAS/jernigan-lab/Ben/ProjectHIV/ProtGOs001/envelopeB62BlastOutUNI.tsv	GO:0044295	25	178560	135	3099283	3.2142769729855303	2.1147605428102064e-06	0.02901239988681322
/work/LAS/jernigan-lab/Ben/ProjectHIV/ProtGOs001/envelopeB62BlastOutUNI.tsv	GO:0004842	110	178560	1153	3099283	1.6559241300549914	2.134578342168704e-06	0.029284280276212448
/work/LAS/jernigan-lab/Ben/ProjectHIV/ProtGOs001/envelopeB62BlastOutUNI.tsv	GO:0055037	64	178560	562	3099283	1.9766087577647673	2.2404235113719343e-06	0.03073637015251157
/work/LAS/jernigan-lab/Ben/ProjectHIV/ProtGOs001/envelopeB62BlastOutUNI.tsv	GO:0051996	20	178560	91	3099283	3.814746297609201	2.3005080306831867e-06	0.03156066967294264
/work/LAS/jernigan-lab/Ben/ProjectHIV/ProtGOs001/envelopeB62BlastOutUNI.tsv	GO:0097242	13	178560	38	3099283	5.937953776410112	2.4928011586561764e-06	0.034198739095604086
/work/LAS/jernigan-lab/Ben/ProjectHIV/ProtGOs001/envelopeB62BlastOutUNI.tsv	GO:0008331	13	178560	38	3099283	5.937953776410112	2.4928011586561764e-06	0.034198739095604086
/work/LAS/jernigan-lab/Ben/ProjectHIV/ProtGOs001/envelopeB62BlastOutUNI.tsv	GO:0046975	18	178560	75	3099283	4.165702956989247	2.5084174843056047e-06	0.03441297946718859
/work/LAS/jernigan-lab/Ben/ProjectHIV/ProtGOs001/envelopeB62BlastOutUNI.tsv	GO:0036156	10	178560	20	3099283	8.678547827060932	2.515474735628703e-06	0.03450979789809017
/work/LAS/jernigan-lab/Ben/ProjectHIV/ProtGOs001/envelopeB62BlastOutUNI.tsv	GO:0005030	10	178560	20	3099283	8.678547827060932	2.515474735628703e-06	0.03450979789809017
/work/LAS/jernigan-lab/Ben/ProjectHIV/ProtGOs001/envelopeB62BlastOutUNI.tsv	GO:0051057	10	178560	20	3099283	8.678547827060932	2.515474735628703e-06	0.03450979789809017
/work/LAS/jernigan-lab/Ben/ProjectHIV/ProtGOs001/envelopeB62BlastOutUNI.tsv	GO:0050242	10	178560	20	3099283	8.678547827060932	2.515474735628703e-06	0.03450979789809017
/work/LAS/jernigan-lab/Ben/ProjectHIV/ProtGOs001/envelopeB62BlastOutUNI.tsv	GO:0008964	38	178560	264	3099283	2.4983698290023897	2.5237645590681618e-06	0.034623525985856114
/work/LAS/jernigan-lab/Ben/ProjectHIV/ProtGOs001/envelopeB62BlastOutUNI.tsv	GO:0098639	9	178560	15	3099283	10.414257392473118	2.6066306541557954e-06	0.035760365944363354
/work/LAS/jernigan-lab/Ben/ProjectHIV/ProtGOs001/envelopeB62BlastOutUNI.tsv	GO:0019220	9	178560	15	3099283	10.414257392473118	2.6066306541557954e-06	0.035760365944363354
/work/LAS/jernigan-lab/Ben/ProjectHIV/ProtGOs001/envelopeB62BlastOutUNI.tsv	GO:0003272	9	178560	15	3099283	10.414257392473118	2.6066306541557954e-06	0.035760365944363354
/work/LAS/jernigan-lab/Ben/ProjectHIV/ProtGOs001/envelopeB62BlastOutUNI.tsv	GO:0070509	20	178560	92	3099283	3.7732816639395357	2.657356957558426e-06	0.036456280100744046
/work/LAS/jernigan-lab/Ben/ProjectHIV/ProtGOs001/envelopeB62BlastOutUNI.tsv	GO:0004310	20	178560	92	3099283	3.7732816639395357	2.657356957558426e-06	0.036456280100744046
/work/LAS/jernigan-lab/Ben/ProjectHIV/ProtGOs001/envelopeB62BlastOutUNI.tsv	GO:0005001	12	178560	32	3099283	6.508910870295699	2.788739151980965e-06	0.03825871242602686
/work/LAS/jernigan-lab/Ben/ProjectHIV/ProtGOs001/envelopeB62BlastOutUNI.tsv	GO:0051770	16	178560	60	3099283	4.628558841099164	2.8261357824255954e-06	0.038771756799096745
/work/LAS/jernigan-lab/Ben/ProjectHIV/ProtGOs001/envelopeB62BlastOutUNI.tsv	GO:0042446	19	178560	84	3099283	3.926009731289469	2.8359031790875095e-06	0.03890575571390154
/work/LAS/jernigan-lab/Ben/ProjectHIV/ProtGOs001/envelopeB62BlastOutUNI.tsv	GO:0006605	119	178560	1279	3099283	1.6149291499925738	2.841530965959778e-06	0.03898296332200219
/work/LAS/jernigan-lab/Ben/ProjectHIV/ProtGOs001/envelopeB62BlastOutUNI.tsv	GO:0043931	11	178560	26	3099283	7.343386622897712	2.849046491328163e-06	0.03908606881453107
/work/LAS/jernigan-lab/Ben/ProjectHIV/ProtGOs001/envelopeB62BlastOutUNI.tsv	GO:0000723	46	178560	358	3099283	2.2302413410324182	2.8529839316494687e-06	0.039140086558299064
/work/LAS/jernigan-lab/Ben/ProjectHIV/ProtGOs001/envelopeB62BlastOutUNI.tsv	GO:0071363	35	178560	239	3099283	2.541834091607804	3.2324636014802143e-06	0.04434616814870706
/work/LAS/jernigan-lab/Ben/ProjectHIV/ProtGOs001/envelopeB62BlastOutUNI.tsv	GO:0016645	30	178560	188	3099283	2.769749306508808	3.2873707930128003e-06	0.045099439909342606
/work/LAS/jernigan-lab/Ben/ProjectHIV/ProtGOs001/envelopeB62BlastOutUNI.tsv	GO:0042766	16	178560	61	3099283	4.5526808273106525	3.3869319964829157e-06	0.04646532005974912
/work/LAS/jernigan-lab/Ben/ProjectHIV/ProtGOs001/envelopeB62BlastOutUNI.tsv	GO:0030729	8	178560	11	3099283	12.62334229390681	3.402029796217427e-06	0.04667244677430688
/work/LAS/jernigan-lab/Ben/ProjectHIV/ProtGOs001/envelopeB62BlastOutUNI.tsv	GO:0034123	8	178560	11	3099283	12.62334229390681	3.402029796217427e-06	0.04667244677430688
/work/LAS/jernigan-lab/Ben/ProjectHIV/ProtGOs001/envelopeB62BlastOutUNI.tsv	GO:0097513	8	178560	11	3099283	12.62334229390681	3.402029796217427e-06	0.04667244677430688
/work/LAS/jernigan-lab/Ben/ProjectHIV/ProtGOs001/envelopeB62BlastOutUNI.tsv	GO:0035912	10	178560	21	3099283	8.265283644819934	3.5311285429272054e-06	0.04844355248041833
/work/LAS/jernigan-lab/Ben/ProjectHIV/ProtGOs001/envelopeB62BlastOutUNI.tsv	GO:0030155	31	178560	199	3099283	2.7038691722501396	3.537469883202448e-06	0.04853054932765439
/work/LAS/jernigan-lab/Ben/ProjectHIV/ProtGOs001/envelopeB62BlastOutUNI.tsv	GO:0071438	12	178560	33	3099283	6.311671146953405	3.6137291459788977e-06	0.0495767501536845