/work/LAS/jernigan-lab/Ben/ProjectHIV/ProtGOs001/envelopeB62BlastOutUNI.tsv	GO:0000015	378	153585	910	3099283	8.38229304243954	6.8012502492466e-184	8.647109566892127e-180
/work/LAS/jernigan-lab/Ben/ProjectHIV/ProtGOs001/envelopeB62BlastOutUNI.tsv	GO:0004634	378	153585	915	3099283	8.33648816242621	3.0195440051298814e-183	3.8390482481221314e-179
/work/LAS/jernigan-lab/Ben/ProjectHIV/ProtGOs001/envelopeB62BlastOutUNI.tsv	GO:0019013	272	153585	855	3099283	6.419707212056794	2.906809493914012e-110	3.695717590562275e-106
/work/LAS/jernigan-lab/Ben/ProjectHIV/ProtGOs001/envelopeB62BlastOutUNI.tsv	GO:0000978	550	153585	3436	3099283	3.2301446154789546	7.125504899744415e-109	9.059366929535049e-105
/work/LAS/jernigan-lab/Ben/ProjectHIV/ProtGOs001/envelopeB62BlastOutUNI.tsv	GO:0072494	136	153585	147	3099283	18.66955668812435	2.560073002836882e-100	3.2548768158068116e-96
/work/LAS/jernigan-lab/Ben/ProjectHIV/ProtGOs001/envelopeB62BlastOutUNI.tsv	GO:0032549	270	153585	953	3099283	5.717198822230537	8.965409375384892e-100	1.1398621479864352e-95
/work/LAS/jernigan-lab/Ben/ProjectHIV/ProtGOs001/envelopeB62BlastOutUNI.tsv	GO:0008270	1966	153585	23236	3099283	1.707397250583942	1.5593518393779815e-98	1.9825599285851656e-94
/work/LAS/jernigan-lab/Ben/ProjectHIV/ProtGOs001/envelopeB62BlastOutUNI.tsv	GO:0009986	526	153585	3529	3099283	3.007783121029018	3.577316508942075e-94	4.548200209468954e-90
/work/LAS/jernigan-lab/Ben/ProjectHIV/ProtGOs001/envelopeB62BlastOutUNI.tsv	GO:0006357	601	153585	4531	3099283	2.6766577380751584	3.400119403327007e-89	4.322911809389957e-85
/work/LAS/jernigan-lab/Ben/ProjectHIV/ProtGOs001/envelopeB62BlastOutUNI.tsv	GO:0051082	676	153585	5885	3099283	2.317995885866726	7.993102331049123e-77	1.0162430303695854e-72
/work/LAS/jernigan-lab/Ben/ProjectHIV/ProtGOs001/envelopeB62BlastOutUNI.tsv	GO:0006351	663	153585	5833	3099283	2.293686106913614	1.0420212510759822e-73	1.3248258186180037e-69
/work/LAS/jernigan-lab/Ben/ProjectHIV/ProtGOs001/envelopeB62BlastOutUNI.tsv	GO:0003899	534	153585	4213	3099283	2.557774362450233	2.234786601070599e-73	2.8413076846011596e-69
/work/LAS/jernigan-lab/Ben/ProjectHIV/ProtGOs001/envelopeB62BlastOutUNI.tsv	GO:0016830	163	153585	460	3099283	7.150595393288803	2.3764629271562147e-72	3.0214349655864114e-68
/work/LAS/jernigan-lab/Ben/ProjectHIV/ProtGOs001/envelopeB62BlastOutUNI.tsv	GO:0000981	510	153585	4081	3099283	2.5218311992963853	1.360512939830853e-68	1.7297561517009466e-64
/work/LAS/jernigan-lab/Ben/ProjectHIV/ProtGOs001/envelopeB62BlastOutUNI.tsv	GO:0044826	112	153585	192	3099283	11.771430044166639	1.2013763272832606e-67	1.5274298625079376e-63
/work/LAS/jernigan-lab/Ben/ProjectHIV/ProtGOs001/envelopeB62BlastOutUNI.tsv	GO:0075713	112	153585	203	3099283	11.133569302857117	9.83518072421623e-66	1.2504448772768516e-61
/work/LAS/jernigan-lab/Ben/ProjectHIV/ProtGOs001/envelopeB62BlastOutUNI.tsv	GO:0031177	163	153585	546	3099283	6.024311137203021	1.1900962047702625e-63	1.5130883147449118e-59
/work/LAS/jernigan-lab/Ben/ProjectHIV/ProtGOs001/envelopeB62BlastOutUNI.tsv	GO:0003964	130	153585	326	3099283	8.04707750609113	6.927937241612291e-63	8.808179408985868e-59
/work/LAS/jernigan-lab/Ben/ProjectHIV/ProtGOs001/envelopeB62BlastOutUNI.tsv	GO:0042026	254	153585	1469	3099283	3.4891878609958105	8.321637841154293e-57	1.0580130351243568e-52
/work/LAS/jernigan-lab/Ben/ProjectHIV/ProtGOs001/envelopeB62BlastOutUNI.tsv	GO:0003968	205	153585	1027	3099283	4.028059244491575	1.242023402865656e-54	1.579108554403395e-50
/work/LAS/jernigan-lab/Ben/ProjectHIV/ProtGOs001/envelopeB62BlastOutUNI.tsv	GO:0039702	108	153585	256	3099283	8.513266371227658	1.868711011682177e-54	2.37587918025272e-50
/work/LAS/jernigan-lab/Ben/ProjectHIV/ProtGOs001/envelopeB62BlastOutUNI.tsv	GO:0005634	2570	153585	37244	3099283	1.392480869639977	2.199937389958034e-53	2.7970003975926446e-49
/work/LAS/jernigan-lab/Ben/ProjectHIV/ProtGOs001/envelopeB62BlastOutUNI.tsv	GO:0004533	70	153585	75	3099283	18.834288070666624	1.1813238323241226e-52	1.5019351204168895e-48
/work/LAS/jernigan-lab/Ben/ProjectHIV/ProtGOs001/envelopeB62BlastOutUNI.tsv	GO:0003887	220	153585	1225	3099283	3.624090415930021	8.22391725620692e-52	1.0455888399541478e-47
/work/LAS/jernigan-lab/Ben/ProjectHIV/ProtGOs001/envelopeB62BlastOutUNI.tsv	GO:0003724	281	153585	1900	3099283	2.984455797663903	1.0633878643082409e-50	1.3519913306814975e-46
/work/LAS/jernigan-lab/Ben/ProjectHIV/ProtGOs001/envelopeB62BlastOutUNI.tsv	GO:0005198	405	153585	3406	3099283	2.3995113671105557	4.4342992437374e-50	5.63776805848773e-46
/work/LAS/jernigan-lab/Ben/ProjectHIV/ProtGOs001/envelopeB62BlastOutUNI.tsv	GO:0004096	138	153585	520	3099283	5.355353888225262	3.5978519312985345e-49	4.574308945452957e-45
/work/LAS/jernigan-lab/Ben/ProjectHIV/ProtGOs001/envelopeB62BlastOutUNI.tsv	GO:0006096	529	153585	5074	3099283	2.1038638977524022	4.0678631868046395e-49	5.1718812557034184e-45
/work/LAS/jernigan-lab/Ben/ProjectHIV/ProtGOs001/envelopeB62BlastOutUNI.tsv	GO:0044220	98	153585	241	3099283	8.20581015526969	1.8795317730390087e-48	2.3896366962417955e-44
/work/LAS/jernigan-lab/Ben/ProjectHIV/ProtGOs001/envelopeB62BlastOutUNI.tsv	GO:0015074	131	153585	474	3099283	5.57706088891801	2.110904344580202e-48	2.683803783699269e-44
/work/LAS/jernigan-lab/Ben/ProjectHIV/ProtGOs001/envelopeB62BlastOutUNI.tsv	GO:0039657	93	153585	218	3099283	8.608726034921343	1.8284930197807637e-47	2.324746025349263e-43
/work/LAS/jernigan-lab/Ben/ProjectHIV/ProtGOs001/envelopeB62BlastOutUNI.tsv	GO:0039520	95	153585	272	3099283	7.048020089469522	1.6660037986898102e-42	2.1181572296542248e-38
/work/LAS/jernigan-lab/Ben/ProjectHIV/ProtGOs001/envelopeB62BlastOutUNI.tsv	GO:0016462	141	153585	653	3099283	4.357309042819942	2.0186460977024625e-41	2.5665066486189107e-37
/work/LAS/jernigan-lab/Ben/ProjectHIV/ProtGOs001/envelopeB62BlastOutUNI.tsv	GO:0003922	137	153585	664	3099283	4.163560884812813	1.8486918362852686e-38	2.3504268006530905e-34
/work/LAS/jernigan-lab/Ben/ProjectHIV/ProtGOs001/envelopeB62BlastOutUNI.tsv	GO:0039694	158	153585	935	3099283	3.4100277102734835	4.804358874988439e-35	6.1082618736603015e-31
/work/LAS/jernigan-lab/Ben/ProjectHIV/ProtGOs001/envelopeB62BlastOutUNI.tsv	GO:0020002	249	153585	2048	3099283	2.453476072263527	7.473413308302307e-33	9.501697680175553e-29
/work/LAS/jernigan-lab/Ben/ProjectHIV/ProtGOs001/envelopeB62BlastOutUNI.tsv	GO:0042744	148	153585	894	3099283	3.340693473704051	4.2203613329324235e-32	5.365767398690283e-28
/work/LAS/jernigan-lab/Ben/ProjectHIV/ProtGOs001/envelopeB62BlastOutUNI.tsv	GO:0004483	52	153585	93	3099283	11.283214051551433	1.1941972682455689e-31	1.5183024068474163e-27
/work/LAS/jernigan-lab/Ben/ProjectHIV/ProtGOs001/envelopeB62BlastOutUNI.tsv	GO:0046429	100	153585	442	3099283	4.565519086296046	2.715462605706832e-31	3.4524391568956656e-27
/work/LAS/jernigan-lab/Ben/ProjectHIV/ProtGOs001/envelopeB62BlastOutUNI.tsv	GO:0005654	730	153585	9185	3099283	1.6038218708593166	1.3952360400925447e-30	1.7739031013736614e-26
/work/LAS/jernigan-lab/Ben/ProjectHIV/ProtGOs001/envelopeB62BlastOutUNI.tsv	GO:0055036	258	153585	2272	3099283	2.291520838577711	9.255922013290889e-30	1.1767979247698037e-25
/work/LAS/jernigan-lab/Ben/ProjectHIV/ProtGOs001/envelopeB62BlastOutUNI.tsv	GO:0004482	73	153585	244	3099283	6.037337657312633	1.5159592885918708e-29	1.9273906395157046e-25
/work/LAS/jernigan-lab/Ben/ProjectHIV/ProtGOs001/envelopeB62BlastOutUNI.tsv	GO:0075512	98	153585	463	3099283	4.271274832440595	9.268848400193587e-29	1.1784413856006127e-24
/work/LAS/jernigan-lab/Ben/ProjectHIV/ProtGOs001/envelopeB62BlastOutUNI.tsv	GO:0004190	158	153585	1096	3099283	2.9091021068482728	2.845723042150799e-28	3.618052275790526e-24
/work/LAS/jernigan-lab/Ben/ProjectHIV/ProtGOs001/envelopeB62BlastOutUNI.tsv	GO:0039651	37	153585	43	3099283	17.363837008671055	9.98492307744704e-28	1.2694831200666166e-23
/work/LAS/jernigan-lab/Ben/ProjectHIV/ProtGOs001/envelopeB62BlastOutUNI.tsv	GO:0039654	117	153585	668	3099283	3.5344499106094873	1.3612784567787776e-27	1.7307294299485378e-23
/work/LAS/jernigan-lab/Ben/ProjectHIV/ProtGOs001/envelopeB62BlastOutUNI.tsv	GO:0046718	172	153585	1280	3099283	2.711632992316958	2.4326021844781177e-27	3.0928104173454787e-23
/work/LAS/jernigan-lab/Ben/ProjectHIV/ProtGOs001/envelopeB62BlastOutUNI.tsv	GO:0007018	92	153585	438	3099283	4.238636258564895	6.74637138464326e-27	8.577336578435441e-23
/work/LAS/jernigan-lab/Ben/ProjectHIV/ProtGOs001/envelopeB62BlastOutUNI.tsv	GO:0042025	349	153585	3656	3099283	1.92633436327641	7.741589469001501e-27	9.842656850888508e-23
/work/LAS/jernigan-lab/Ben/ProjectHIV/ProtGOs001/envelopeB62BlastOutUNI.tsv	GO:0004879	85	153585	382	3099283	4.490223876234096	1.941116966486406e-26	2.467936111190817e-22
/work/LAS/jernigan-lab/Ben/ProjectHIV/ProtGOs001/envelopeB62BlastOutUNI.tsv	GO:0043235	121	153585	742	3099283	3.2907424767289104	4.52314534431734e-26	5.750726990765066e-22
/work/LAS/jernigan-lab/Ben/ProjectHIV/ProtGOs001/envelopeB62BlastOutUNI.tsv	GO:0003678	156	153585	1157	3099283	2.7208441835633965	3.1334228330846177e-25	3.983833789983783e-21
/work/LAS/jernigan-lab/Ben/ProjectHIV/ProtGOs001/envelopeB62BlastOutUNI.tsv	GO:0039564	48	153585	117	3099283	8.278807943150165	9.928894229436971e-25	1.2623596123306165e-20
/work/LAS/jernigan-lab/Ben/ProjectHIV/ProtGOs001/envelopeB62BlastOutUNI.tsv	GO:0016477	132	153585	912	3099283	2.920730762838339	4.718247484709403e-24	5.998779852059534e-20
/work/LAS/jernigan-lab/Ben/ProjectHIV/ProtGOs001/envelopeB62BlastOutUNI.tsv	GO:0004197	129	153585	885	3099283	2.9414323984455137	8.733836231540399e-24	1.1104199384780463e-19
/work/LAS/jernigan-lab/Ben/ProjectHIV/ProtGOs001/envelopeB62BlastOutUNI.tsv	GO:0004457	45	153585	108	3099283	8.408164317261885	1.6722845789502792e-23	2.126142613677385e-19
/work/LAS/jernigan-lab/Ben/ProjectHIV/ProtGOs001/envelopeB62BlastOutUNI.tsv	GO:0009888	49	153585	134	3099283	7.379105400820879	1.9011151907439506e-23	2.4170778535118586e-19
/work/LAS/jernigan-lab/Ben/ProjectHIV/ProtGOs001/envelopeB62BlastOutUNI.tsv	GO:0001227	131	153585	919	3099283	2.876525420399496	2.3118893169427002e-23	2.939336077560949e-19
/work/LAS/jernigan-lab/Ben/ProjectHIV/ProtGOs001/envelopeB62BlastOutUNI.tsv	GO:0000122	309	153585	3271	3099283	1.9062961350294754	2.557723601100446e-23	3.251889786439107e-19
/work/LAS/jernigan-lab/Ben/ProjectHIV/ProtGOs001/envelopeB62BlastOutUNI.tsv	GO:0008569	38	153585	72	3099283	10.650341468531721	6.939137018665571e-23	8.822418805531407e-19
/work/LAS/jernigan-lab/Ben/ProjectHIV/ProtGOs001/envelopeB62BlastOutUNI.tsv	GO:0009014	80	153585	395	3099283	4.087006452947549	9.320005396507604e-23	1.1849454861119767e-18
/work/LAS/jernigan-lab/Ben/ProjectHIV/ProtGOs001/envelopeB62BlastOutUNI.tsv	GO:0016020	655	153585	8665	3099283	1.5254049978921735	1.0118641613815682e-22	1.2864840947805259e-18
/work/LAS/jernigan-lab/Ben/ProjectHIV/ProtGOs001/envelopeB62BlastOutUNI.tsv	GO:0042626	131	153585	933	3099283	2.833362123630372	1.185062300657403e-22	1.5066882090558222e-18
/work/LAS/jernigan-lab/Ben/ProjectHIV/ProtGOs001/envelopeB62BlastOutUNI.tsv	GO:0005604	76	153585	368	3099283	4.167524922468934	3.860760044788212e-22	4.908570320943732e-18
/work/LAS/jernigan-lab/Ben/ProjectHIV/ProtGOs001/envelopeB62BlastOutUNI.tsv	GO:0016874	91	153585	519	3099283	3.5382333080732096	7.077528523487295e-22	8.998369764761748e-18
/work/LAS/jernigan-lab/Ben/ProjectHIV/ProtGOs001/envelopeB62BlastOutUNI.tsv	GO:0019028	111	153585	732	3099283	3.0600204564461286	7.116072097678123e-22	9.047374064987966e-18
/work/LAS/jernigan-lab/Ben/ProjectHIV/ProtGOs001/envelopeB62BlastOutUNI.tsv	GO:0019062	157	153585	1284	3099283	2.467442612729189	1.370872650763905e-21	1.7429274881812288e-17
/work/LAS/jernigan-lab/Ben/ProjectHIV/ProtGOs001/envelopeB62BlastOutUNI.tsv	GO:0033674	66	153585	289	3099283	4.60848867769648	2.0109877401181712e-21	2.5567698127862428e-17
/work/LAS/jernigan-lab/Ben/ProjectHIV/ProtGOs001/envelopeB62BlastOutUNI.tsv	GO:0007169	84	153585	474	3099283	3.576130646329106	1.4072114763454745e-20	1.7891286710256363e-16
/work/LAS/jernigan-lab/Ben/ProjectHIV/ProtGOs001/envelopeB62BlastOutUNI.tsv	GO:0004383	38	153585	92	3099283	8.335049844937869	5.436750988768446e-20	6.912285207120202e-16
/work/LAS/jernigan-lab/Ben/ProjectHIV/ProtGOs001/envelopeB62BlastOutUNI.tsv	GO:0039660	74	153585	391	3099283	3.819155966101562	1.0161612120517124e-19	1.2919473650025471e-15
/work/LAS/jernigan-lab/Ben/ProjectHIV/ProtGOs001/envelopeB62BlastOutUNI.tsv	GO:0019516	47	153585	156	3099283	6.079749583250901	1.023125322193756e-19	1.3008015346371414e-15
/work/LAS/jernigan-lab/Ben/ProjectHIV/ProtGOs001/envelopeB62BlastOutUNI.tsv	GO:0006979	201	153585	1946	3099283	2.0843260363037683	2.666684358429964e-19	3.3904224933078562e-15
/work/LAS/jernigan-lab/Ben/ProjectHIV/ProtGOs001/envelopeB62BlastOutUNI.tsv	GO:0019082	48	153585	170	3099283	5.697767819697466	3.888778027170962e-19	4.944192383745161e-15
/work/LAS/jernigan-lab/Ben/ProjectHIV/ProtGOs001/envelopeB62BlastOutUNI.tsv	GO:0004714	63	153585	300	3099283	4.237714815899991	5.973397324689401e-19	7.594577358610105e-15
/work/LAS/jernigan-lab/Ben/ProjectHIV/ProtGOs001/envelopeB62BlastOutUNI.tsv	GO:0035556	189	153585	1826	3099283	2.088687477716315	2.3214572428278377e-18	2.9515007385313126e-14
/work/LAS/jernigan-lab/Ben/ProjectHIV/ProtGOs001/envelopeB62BlastOutUNI.tsv	GO:0009229	200	153585	1984	3099283	2.034233302563359	2.493612221775705e-18	3.170378578765631e-14
/work/LAS/jernigan-lab/Ben/ProjectHIV/ProtGOs001/envelopeB62BlastOutUNI.tsv	GO:0008559	48	153585	180	3099283	5.381225163047606	2.7240157245594195e-18	3.463313592204846e-14
/work/LAS/jernigan-lab/Ben/ProjectHIV/ProtGOs001/envelopeB62BlastOutUNI.tsv	GO:0004386	113	153585	856	3099283	2.6638950500483918	3.772821864650894e-18	4.796765718717147e-14
/work/LAS/jernigan-lab/Ben/ProjectHIV/ProtGOs001/envelopeB62BlastOutUNI.tsv	GO:0030018	80	153585	490	3099283	3.2946276508454733	7.570464552295017e-18	9.625088631787885e-14
/work/LAS/jernigan-lab/Ben/ProjectHIV/ProtGOs001/envelopeB62BlastOutUNI.tsv	GO:0044167	74	153585	428	3099283	3.488995286789044	8.159595826851328e-18	1.0374110134258778e-13
/work/LAS/jernigan-lab/Ben/ProjectHIV/ProtGOs001/envelopeB62BlastOutUNI.tsv	GO:0000724	108	153585	818	3099283	2.664298522046798	2.0497135429672393e-17	2.606005798528548e-13
/work/LAS/jernigan-lab/Ben/ProjectHIV/ProtGOs001/envelopeB62BlastOutUNI.tsv	GO:0018144	46	153585	176	3099283	5.274212162646092	2.5927629857685667e-17	3.296438860106156e-13
/work/LAS/jernigan-lab/Ben/ProjectHIV/ProtGOs001/envelopeB62BlastOutUNI.tsv	GO:0039574	25	153585	38	3099283	13.27604892199245	2.9865836583025196e-17	3.7971424631658234e-13
/work/LAS/jernigan-lab/Ben/ProjectHIV/ProtGOs001/envelopeB62BlastOutUNI.tsv	GO:0005813	181	153585	1770	3099283	2.063563039219527	3.093297595411165e-17	3.9328185628057557e-13
/work/LAS/jernigan-lab/Ben/ProjectHIV/ProtGOs001/envelopeB62BlastOutUNI.tsv	GO:0008017	153	153585	1390	3099283	2.2212071491356578	3.303036522836341e-17	4.199480635134124e-13
/work/LAS/jernigan-lab/Ben/ProjectHIV/ProtGOs001/envelopeB62BlastOutUNI.tsv	GO:0051015	131	153585	1111	3099283	2.3794121164240654	3.912687929251014e-17	4.97459143324974e-13
/work/LAS/jernigan-lab/Ben/ProjectHIV/ProtGOs001/envelopeB62BlastOutUNI.tsv	GO:0032889	37	153585	110	3099283	6.787681739753231	3.948212121434736e-17	5.019756891192123e-13
/work/LAS/jernigan-lab/Ben/ProjectHIV/ProtGOs001/envelopeB62BlastOutUNI.tsv	GO:0044185	24	153585	35	3099283	13.83743613355099	6.451333784025679e-17	8.202225773010248e-13
/work/LAS/jernigan-lab/Ben/ProjectHIV/ProtGOs001/envelopeB62BlastOutUNI.tsv	GO:0005730	406	153585	5187	3099283	1.5795094102062812	8.139888467972189e-17	1.0349054198179841e-12
/work/LAS/jernigan-lab/Ben/ProjectHIV/ProtGOs001/envelopeB62BlastOutUNI.tsv	GO:0039648	38	153585	121	3099283	6.3373932705312725	9.763471625754774e-17	1.241327782498462e-12
/work/LAS/jernigan-lab/Ben/ProjectHIV/ProtGOs001/envelopeB62BlastOutUNI.tsv	GO:0030284	27	153585	51	3099283	10.683314661932748	9.932146445538574e-17	1.2627730990857742e-12
/work/LAS/jernigan-lab/Ben/ProjectHIV/ProtGOs001/envelopeB62BlastOutUNI.tsv	GO:0001228	176	153585	1729	3099283	2.0541403167214694	1.3368241351632238e-16	1.6996382054465229e-12
/work/LAS/jernigan-lab/Ben/ProjectHIV/ProtGOs001/envelopeB62BlastOutUNI.tsv	GO:0008409	71	153585	424	3099283	3.37913018788072	1.5896443557454277e-16	2.0210738338947367e-12
/work/LAS/jernigan-lab/Ben/ProjectHIV/ProtGOs001/envelopeB62BlastOutUNI.tsv	GO:0003684	226	153585	2457	3099283	1.8561613047142234	2.869485888615232e-16	3.648264358785406e-12
/work/LAS/jernigan-lab/Ben/ProjectHIV/ProtGOs001/envelopeB62BlastOutUNI.tsv	GO:0007229	60	153585	318	3099283	3.807470634231797	2.99612072328972e-16	3.80926788759055e-12
/work/LAS/jernigan-lab/Ben/ProjectHIV/ProtGOs001/envelopeB62BlastOutUNI.tsv	GO:0005496	53	153585	252	3099283	4.2441210363321895	3.1631372560537105e-16	4.021612707346688e-12
/work/LAS/jernigan-lab/Ben/ProjectHIV/ProtGOs001/envelopeB62BlastOutUNI.tsv	GO:0005516	143	153585	1305	3099283	2.2112505698730107	4.084984737646072e-16	5.193649595443216e-12
/work/LAS/jernigan-lab/Ben/ProjectHIV/ProtGOs001/envelopeB62BlastOutUNI.tsv	GO:0009887	71	153585	437	3099283	3.278606864213788	6.231208570996451e-16	7.922358577164887e-12
/work/LAS/jernigan-lab/Ben/ProjectHIV/ProtGOs001/envelopeB62BlastOutUNI.tsv	GO:0004315	100	153585	770	3099283	2.620726540445263	7.387766421440142e-16	9.392806228218997e-12
/work/LAS/jernigan-lab/Ben/ProjectHIV/ProtGOs001/envelopeB62BlastOutUNI.tsv	GO:0051959	32	153585	91	3099283	7.096121094128712	1.8067838879144453e-15	2.2971450350944257e-11
/work/LAS/jernigan-lab/Ben/ProjectHIV/ProtGOs001/envelopeB62BlastOutUNI.tsv	GO:0075732	87	153585	636	3099283	2.760416209818053	4.267979290046525e-15	5.426308869365152e-11
/work/LAS/jernigan-lab/Ben/ProjectHIV/ProtGOs001/envelopeB62BlastOutUNI.tsv	GO:0061630	132	153585	1206	3099283	2.2087118206538685	5.806734400737467e-15	7.382682117097615e-11
/work/LAS/jernigan-lab/Ben/ProjectHIV/ProtGOs001/envelopeB62BlastOutUNI.tsv	GO:0003725	82	153585	585	3099283	2.8285927139096394	6.616313698799693e-15	8.411981236653929e-11
/work/LAS/jernigan-lab/Ben/ProjectHIV/ProtGOs001/envelopeB62BlastOutUNI.tsv	GO:1990961	44	153585	192	3099283	4.624490374494037	7.165474192161503e-15	9.110183887914135e-11
/work/LAS/jernigan-lab/Ben/ProjectHIV/ProtGOs001/envelopeB62BlastOutUNI.tsv	GO:0009228	224	153585	2512	3099283	1.7994542742675117	7.7036626010205e-15	9.794436630937464e-11
/work/LAS/jernigan-lab/Ben/ProjectHIV/ProtGOs001/envelopeB62BlastOutUNI.tsv	GO:0016459	58	153585	326	3099283	3.590234579640658	8.686257791432013e-15	1.1043708156026662e-10
/work/LAS/jernigan-lab/Ben/ProjectHIV/ProtGOs001/envelopeB62BlastOutUNI.tsv	GO:0031624	42	153585	177	3099283	4.7883783230508365	1.041164499593535e-14	1.3237365447832206e-10
/work/LAS/jernigan-lab/Ben/ProjectHIV/ProtGOs001/envelopeB62BlastOutUNI.tsv	GO:0006511	163	153585	1643	3099283	2.0019926238057515	1.387913938494939e-14	1.7645937814024653e-10
/work/LAS/jernigan-lab/Ben/ProjectHIV/ProtGOs001/envelopeB62BlastOutUNI.tsv	GO:0016607	157	153585	1567	3099283	2.021822791795966	1.9750037161492327e-14	2.5110197247121343e-10
/work/LAS/jernigan-lab/Ben/ProjectHIV/ProtGOs001/envelopeB62BlastOutUNI.tsv	GO:0004823	95	153585	764	3099283	2.509242754366112	5.0260344357617236e-14	6.390100181627456e-10
/work/LAS/jernigan-lab/Ben/ProjectHIV/ProtGOs001/envelopeB62BlastOutUNI.tsv	GO:0006429	95	153585	764	3099283	2.509242754366112	5.0260344357617236e-14	6.390100181627456e-10
/work/LAS/jernigan-lab/Ben/ProjectHIV/ProtGOs001/envelopeB62BlastOutUNI.tsv	GO:0004666	17	153585	18	3099283	19.058505785793606	5.760401184523141e-14	7.323774066002721e-10
/work/LAS/jernigan-lab/Ben/ProjectHIV/ProtGOs001/envelopeB62BlastOutUNI.tsv	GO:0003777	57	153585	334	3099283	3.4438229898246284	6.843639866272432e-14	8.70100372597877e-10
/work/LAS/jernigan-lab/Ben/ProjectHIV/ProtGOs001/envelopeB62BlastOutUNI.tsv	GO:0031072	115	153585	1036	3099283	2.2400128876103094	1.161050145014841e-13	1.4761591543718689e-09
/work/LAS/jernigan-lab/Ben/ProjectHIV/ProtGOs001/envelopeB62BlastOutUNI.tsv	GO:0043025	175	153585	1870	3099283	1.8884647129679102	1.6581701574758645e-13	2.108197538214814e-09
/work/LAS/jernigan-lab/Ben/ProjectHIV/ProtGOs001/envelopeB62BlastOutUNI.tsv	GO:0004125	34	153585	128	3099283	5.360204752254452	2.2427996788267219e-13	2.851495511660294e-09
/work/LAS/jernigan-lab/Ben/ProjectHIV/ProtGOs001/envelopeB62BlastOutUNI.tsv	GO:0004843	86	153585	672	3099283	2.582507611730436	2.3097579573343157e-13	2.936626266954849e-09
/work/LAS/jernigan-lab/Ben/ProjectHIV/ProtGOs001/envelopeB62BlastOutUNI.tsv	GO:0006182	32	153585	113	3099283	5.714575394386839	2.6007239133692184e-13	3.3065603834576243e-09
/work/LAS/jernigan-lab/Ben/ProjectHIV/ProtGOs001/envelopeB62BlastOutUNI.tsv	GO:0031054	27	153585	77	3099283	7.07596165920221	2.888089478540916e-13	3.671916963016921e-09
/work/LAS/jernigan-lab/Ben/ProjectHIV/ProtGOs001/envelopeB62BlastOutUNI.tsv	GO:0046777	108	153585	958	3099283	2.2749438319773283	3.011994802558767e-13	3.829450191973217e-09
/work/LAS/jernigan-lab/Ben/ProjectHIV/ProtGOs001/envelopeB62BlastOutUNI.tsv	GO:1905887	19	153585	30	3099283	12.780409762238065	3.0656662520972083e-13	3.8976880729163906e-09
/work/LAS/jernigan-lab/Ben/ProjectHIV/ProtGOs001/envelopeB62BlastOutUNI.tsv	GO:0070205	25	153585	64	3099283	7.882654047433017	3.076826423112087e-13	3.9118771143447075e-09
/work/LAS/jernigan-lab/Ben/ProjectHIV/ProtGOs001/envelopeB62BlastOutUNI.tsv	GO:0010587	19	153585	32	3099283	11.981634152098186	7.19189578091897e-13	9.143776295860378e-09
/work/LAS/jernigan-lab/Ben/ProjectHIV/ProtGOs001/envelopeB62BlastOutUNI.tsv	GO:0043560	22	153585	49	3099283	9.060226039825052	8.789993048457408e-13	1.117559716180875e-08
/work/LAS/jernigan-lab/Ben/ProjectHIV/ProtGOs001/envelopeB62BlastOutUNI.tsv	GO:0045944	368	153585	4955	3099283	1.4987065035329359	1.5318751427564724e-12	1.947626056500579e-08
/work/LAS/jernigan-lab/Ben/ProjectHIV/ProtGOs001/envelopeB62BlastOutUNI.tsv	GO:0006261	93	153585	797	3099283	2.3547079995142446	2.0966827398473587e-12	2.6657224354419318e-08
/work/LAS/jernigan-lab/Ben/ProjectHIV/ProtGOs001/envelopeB62BlastOutUNI.tsv	GO:0002161	206	153585	2398	3099283	1.733526454734894	2.1080104111356127e-12	2.680124436717818e-08
/work/LAS/jernigan-lab/Ben/ProjectHIV/ProtGOs001/envelopeB62BlastOutUNI.tsv	GO:0039502	88	153585	731	3099283	2.429280853359385	2.3038830524877467e-12	2.9291569129329212e-08
/work/LAS/jernigan-lab/Ben/ProjectHIV/ProtGOs001/envelopeB62BlastOutUNI.tsv	GO:0007165	240	153585	2923	3099283	1.6568945079517092	2.5542401752729554e-12	3.247460958842036e-08
/work/LAS/jernigan-lab/Ben/ProjectHIV/ProtGOs001/envelopeB62BlastOutUNI.tsv	GO:0050897	99	153585	880	3099283	2.270204365660709	2.8342048140889357e-12	3.603408000632673e-08
/work/LAS/jernigan-lab/Ben/ProjectHIV/ProtGOs001/envelopeB62BlastOutUNI.tsv	GO:0043419	95	153585	828	3099283	2.3152916235938523	3.047002377808022e-12	3.873958823145119e-08
/work/LAS/jernigan-lab/Ben/ProjectHIV/ProtGOs001/envelopeB62BlastOutUNI.tsv	GO:0007399	115	153585	1090	3099283	2.1290397720773213	3.1378380587698726e-12	3.989447307920016e-08
/work/LAS/jernigan-lab/Ben/ProjectHIV/ProtGOs001/envelopeB62BlastOutUNI.tsv	GO:0045131	15	153585	17	3099283	17.80552443655458	3.391415334119771e-12	4.311845455799877e-08
/work/LAS/jernigan-lab/Ben/ProjectHIV/ProtGOs001/envelopeB62BlastOutUNI.tsv	GO:0045505	28	153585	95	3099283	5.947669917052618	3.483584918361893e-12	4.429029865205311e-08
/work/LAS/jernigan-lab/Ben/ProjectHIV/ProtGOs001/envelopeB62BlastOutUNI.tsv	GO:0030520	24	153585	68	3099283	7.122209774621832	5.250126453132818e-12	6.675010772513066e-08
/work/LAS/jernigan-lab/Ben/ProjectHIV/ProtGOs001/envelopeB62BlastOutUNI.tsv	GO:0009039	94	153585	826	3099283	2.296467154932544	5.463718467358843e-12	6.946571659400033e-08
/work/LAS/jernigan-lab/Ben/ProjectHIV/ProtGOs001/envelopeB62BlastOutUNI.tsv	GO:0006515	54	153585	345	3099283	3.1585452043975084	5.921459098632899e-12	7.528543098001867e-08
/work/LAS/jernigan-lab/Ben/ProjectHIV/ProtGOs001/envelopeB62BlastOutUNI.tsv	GO:0048185	23	153585	62	3099283	7.485978553433163	6.317381514991996e-12	8.031918858160824e-08
/work/LAS/jernigan-lab/Ben/ProjectHIV/ProtGOs001/envelopeB62BlastOutUNI.tsv	GO:0032982	28	153585	98	3099283	5.765598388979579	6.487145974961126e-12	8.247757392565576e-08
/work/LAS/jernigan-lab/Ben/ProjectHIV/ProtGOs001/envelopeB62BlastOutUNI.tsv	GO:0007160	50	153585	305	3099283	3.308130223185004	8.035085661581822e-12	1.0215807910135128e-07
/work/LAS/jernigan-lab/Ben/ProjectHIV/ProtGOs001/envelopeB62BlastOutUNI.tsv	GO:0007097	30	153585	115	3099283	5.26424200732918	8.146458271200248e-12	1.0357407046003995e-07
/work/LAS/jernigan-lab/Ben/ProjectHIV/ProtGOs001/envelopeB62BlastOutUNI.tsv	GO:0001653	24	153585	70	3099283	6.918718066775495	8.665220097611677e-12	1.1016960832103486e-07
/work/LAS/jernigan-lab/Ben/ProjectHIV/ProtGOs001/envelopeB62BlastOutUNI.tsv	GO:0006432	107	153585	1008	3099283	2.1420799570167186	9.773313625803518e-12	1.2425790943846593e-07
/work/LAS/jernigan-lab/Ben/ProjectHIV/ProtGOs001/envelopeB62BlastOutUNI.tsv	GO:0004826	107	153585	1010	3099283	2.1378382145275765	1.0568722177181634e-11	1.343707337606873e-07
/work/LAS/jernigan-lab/Ben/ProjectHIV/ProtGOs001/envelopeB62BlastOutUNI.tsv	GO:0034605	74	153585	586	3099283	2.548276421067766	1.2085435718824696e-11	1.5365422972913718e-07
/work/LAS/jernigan-lab/Ben/ProjectHIV/ProtGOs001/envelopeB62BlastOutUNI.tsv	GO:0019371	17	153585	29	3099283	11.829417384285687	1.3471761358156318e-11	1.7127997390759942e-07
/work/LAS/jernigan-lab/Ben/ProjectHIV/ProtGOs001/envelopeB62BlastOutUNI.tsv	GO:0018108	41	153585	218	3099283	3.7952448110943555	1.4298519441452076e-11	1.8179137617862168e-07
/work/LAS/jernigan-lab/Ben/ProjectHIV/ProtGOs001/envelopeB62BlastOutUNI.tsv	GO:0004713	58	153585	400	3099283	2.926041182407136	1.5633127633467654e-11	1.9875958473190776e-07
/work/LAS/jernigan-lab/Ben/ProjectHIV/ProtGOs001/envelopeB62BlastOutUNI.tsv	GO:0030286	33	153585	145	3099283	4.592597337428561	1.788262084976107e-11	2.2735964148386224e-07
/work/LAS/jernigan-lab/Ben/ProjectHIV/ProtGOs001/envelopeB62BlastOutUNI.tsv	GO:0001514	34	153585	154	3099283	4.455235118756947	1.8250447846844206e-11	2.3203619392477724e-07
/work/LAS/jernigan-lab/Ben/ProjectHIV/ProtGOs001/envelopeB62BlastOutUNI.tsv	GO:0039563	33	153585	146	3099283	4.56114119128179	2.0927105677957238e-11	2.660672215895483e-07
/work/LAS/jernigan-lab/Ben/ProjectHIV/ProtGOs001/envelopeB62BlastOutUNI.tsv	GO:0007010	58	153585	405	3099283	2.889917217192233	2.4191344025244324e-11	3.0756874793695635e-07
/work/LAS/jernigan-lab/Ben/ProjectHIV/ProtGOs001/envelopeB62BlastOutUNI.tsv	GO:0062023	94	153585	850	3099283	2.2316257293815074	2.9383864197657684e-11	3.735864494090198e-07
/work/LAS/jernigan-lab/Ben/ProjectHIV/ProtGOs001/envelopeB62BlastOutUNI.tsv	GO:0030983	123	153585	1247	3099283	1.9904491631561416	3.034524256149746e-11	3.858094139268787e-07
/work/LAS/jernigan-lab/Ben/ProjectHIV/ProtGOs001/envelopeB62BlastOutUNI.tsv	GO:0005955	18	153585	37	3099283	9.817099959613877	3.6222364874592233e-11	4.6053114701556565e-07
/work/LAS/jernigan-lab/Ben/ProjectHIV/ProtGOs001/envelopeB62BlastOutUNI.tsv	GO:0001725	41	153585	226	3099283	3.6608998620290687	3.8045129652955024e-11	4.837057784076702e-07
/work/LAS/jernigan-lab/Ben/ProjectHIV/ProtGOs001/envelopeB62BlastOutUNI.tsv	GO:0043548	26	153585	92	3099283	5.702928841273279	4.406784924702389e-11	5.602786353266617e-07
/work/LAS/jernigan-lab/Ben/ProjectHIV/ProtGOs001/envelopeB62BlastOutUNI.tsv	GO:0039579	23	153585	70	3099283	6.630438147326515	4.716034120783714e-11	5.995965781164414e-07
/work/LAS/jernigan-lab/Ben/ProjectHIV/ProtGOs001/envelopeB62BlastOutUNI.tsv	GO:0098978	112	153585	1106	3099283	2.0435032264737747	4.88591911466762e-11	6.211957562388412e-07
/work/LAS/jernigan-lab/Ben/ProjectHIV/ProtGOs001/envelopeB62BlastOutUNI.tsv	GO:0008408	84	153585	732	3099283	2.315691156229503	4.973690608460331e-11	6.323550239596465e-07
/work/LAS/jernigan-lab/Ben/ProjectHIV/ProtGOs001/envelopeB62BlastOutUNI.tsv	GO:0007411	86	153585	754	3099283	2.301651346263731	5.186203232536093e-11	6.593738789846388e-07
/work/LAS/jernigan-lab/Ben/ProjectHIV/ProtGOs001/envelopeB62BlastOutUNI.tsv	GO:0098685	41	153585	230	3099283	3.5972320383416068	6.105116620987447e-11	7.762045271923441e-07
/work/LAS/jernigan-lab/Ben/ProjectHIV/ProtGOs001/envelopeB62BlastOutUNI.tsv	GO:0009380	108	153585	1066	3099283	2.044461717668181	9.353042562362181e-11	1.1891458313787276e-06
/work/LAS/jernigan-lab/Ben/ProjectHIV/ProtGOs001/envelopeB62BlastOutUNI.tsv	GO:0071392	35	153585	175	3099283	4.035918872285705	9.901332219756276e-11	1.258855378419813e-06
/work/LAS/jernigan-lab/Ben/ProjectHIV/ProtGOs001/envelopeB62BlastOutUNI.tsv	GO:0014069	103	153585	1007	3099283	2.0640498701361847	1.6885425395173378e-10	2.1468129847423435e-06
/work/LAS/jernigan-lab/Ben/ProjectHIV/ProtGOs001/envelopeB62BlastOutUNI.tsv	GO:0019068	32	153585	151	3099283	4.276470328249753	1.7267562572876488e-10	2.1953979055155166e-06
/work/LAS/jernigan-lab/Ben/ProjectHIV/ProtGOs001/envelopeB62BlastOutUNI.tsv	GO:0005089	32	153585	151	3099283	4.276470328249753	1.7267562572876488e-10	2.1953979055155166e-06
/work/LAS/jernigan-lab/Ben/ProjectHIV/ProtGOs001/envelopeB62BlastOutUNI.tsv	GO:0000977	137	153585	1493	3099283	1.8517109360453503	1.9401235924017368e-10	2.4666731353795683e-06
/work/LAS/jernigan-lab/Ben/ProjectHIV/ProtGOs001/envelopeB62BlastOutUNI.tsv	GO:0005201	44	153585	272	3099283	3.2643461467016732	1.9841591354869494e-10	2.5226599248581074e-06
/work/LAS/jernigan-lab/Ben/ProjectHIV/ProtGOs001/envelopeB62BlastOutUNI.tsv	GO:0030424	157	153585	1793	3099283	1.7669806551836467	2.1885836782675446e-10	2.782565288549356e-06
/work/LAS/jernigan-lab/Ben/ProjectHIV/ProtGOs001/envelopeB62BlastOutUNI.tsv	GO:0015562	41	153585	243	3099283	3.4047875260023437	2.6461989713322416e-10	3.364377372151812e-06
/work/LAS/jernigan-lab/Ben/ProjectHIV/ProtGOs001/envelopeB62BlastOutUNI.tsv	GO:0000790	233	153585	2974	3099283	1.5809836873614143	2.665002266296963e-10	3.3882838813699587e-06
/work/LAS/jernigan-lab/Ben/ProjectHIV/ProtGOs001/envelopeB62BlastOutUNI.tsv	GO:0009381	106	153585	1058	3099283	2.0217741042641055	2.9004220826380676e-10	3.6875966358660393e-06
/work/LAS/jernigan-lab/Ben/ProjectHIV/ProtGOs001/envelopeB62BlastOutUNI.tsv	GO:0019031	139	153585	1535	3099283	1.827337860741736	3.380732147590438e-10	4.298262852446482e-06
/work/LAS/jernigan-lab/Ben/ProjectHIV/ProtGOs001/envelopeB62BlastOutUNI.tsv	GO:0044385	52	153585	367	3099283	2.8592340784585377	3.460651856876297e-10	4.399872770832524e-06
/work/LAS/jernigan-lab/Ben/ProjectHIV/ProtGOs001/envelopeB62BlastOutUNI.tsv	GO:0008446	14	153585	22	3099283	12.841560048181789	3.8649108081775513e-10	4.913847601516939e-06
/work/LAS/jernigan-lab/Ben/ProjectHIV/ProtGOs001/envelopeB62BlastOutUNI.tsv	GO:0005814	68	153585	562	3099283	2.4416591042297857	4.1678248195124696e-10	5.298972475528154e-06
/work/LAS/jernigan-lab/Ben/ProjectHIV/ProtGOs001/envelopeB62BlastOutUNI.tsv	GO:0033627	24	153585	88	3099283	5.503525734935052	4.434529531957864e-10	5.638060846931229e-06
/work/LAS/jernigan-lab/Ben/ProjectHIV/ProtGOs001/envelopeB62BlastOutUNI.tsv	GO:0016881	36	153585	197	3099283	3.6876416091950603	4.749489593668329e-10	6.038501069389913e-06
/work/LAS/jernigan-lab/Ben/ProjectHIV/ProtGOs001/envelopeB62BlastOutUNI.tsv	GO:0031123	17	153585	39	3099283	8.79623343959705	4.792925157630459e-10	6.093725045411366e-06
/work/LAS/jernigan-lab/Ben/ProjectHIV/ProtGOs001/envelopeB62BlastOutUNI.tsv	GO:0016941	13	153585	18	3099283	14.574151483253935	5.345041734751195e-10	6.795686061562669e-06
/work/LAS/jernigan-lab/Ben/ProjectHIV/ProtGOs001/envelopeB62BlastOutUNI.tsv	GO:0033192	15	153585	28	3099283	10.81049697933671	5.532361029589665e-10	7.033843813020301e-06
/work/LAS/jernigan-lab/Ben/ProjectHIV/ProtGOs001/envelopeB62BlastOutUNI.tsv	GO:0030898	31	153585	150	3099283	4.170449501361895	5.606632205556871e-10	7.128272186145006e-06
/work/LAS/jernigan-lab/Ben/ProjectHIV/ProtGOs001/envelopeB62BlastOutUNI.tsv	GO:0005544	41	153585	251	3099283	3.2962684016676076	6.205536120661121e-10	7.88971862380855e-06
/work/LAS/jernigan-lab/Ben/ProjectHIV/ProtGOs001/envelopeB62BlastOutUNI.tsv	GO:0005524	4807	153585	88281	3099283	1.098801668483444	6.250077147952188e-10	7.946348085906412e-06
/work/LAS/jernigan-lab/Ben/ProjectHIV/ProtGOs001/envelopeB62BlastOutUNI.tsv	GO:1902995	19	153585	54	3099283	7.100227645687815	8.65571560040276e-10	1.100487681435207e-05
/work/LAS/jernigan-lab/Ben/ProjectHIV/ProtGOs001/envelopeB62BlastOutUNI.tsv	GO:0005930	54	153585	397	3099283	2.7448314748542577	9.352429106267098e-10	1.1890678365707989e-05
/work/LAS/jernigan-lab/Ben/ProjectHIV/ProtGOs001/envelopeB62BlastOutUNI.tsv	GO:0102545	27	153585	118	3099283	4.617364811513307	1.0490207776004397e-09	1.3337250166411991e-05
/work/LAS/jernigan-lab/Ben/ProjectHIV/ProtGOs001/envelopeB62BlastOutUNI.tsv	GO:0031012	102	153585	1036	3099283	1.9867940394456656	1.2397816641676372e-09	1.5762584078227338e-05
/work/LAS/jernigan-lab/Ben/ProjectHIV/ProtGOs001/envelopeB62BlastOutUNI.tsv	GO:0042802	480	153585	7187	3099283	1.347739709682161	1.2605710132665107e-09	1.6026899862670417e-05
/work/LAS/jernigan-lab/Ben/ProjectHIV/ProtGOs001/envelopeB62BlastOutUNI.tsv	GO:0008013	46	153585	314	3099283	2.956246307725198	1.3496346482983264e-09	1.715925491846492e-05
/work/LAS/jernigan-lab/Ben/ProjectHIV/ProtGOs001/envelopeB62BlastOutUNI.tsv	GO:0005925	94	153585	927	3099283	2.0462587594113066	1.4314856452686715e-09	1.8199908493945888e-05
/work/LAS/jernigan-lab/Ben/ProjectHIV/ProtGOs001/envelopeB62BlastOutUNI.tsv	GO:0019901	160	153585	1892	3099283	1.7065196077317992	1.6701981197207144e-09	2.1234898894129165e-05
/work/LAS/jernigan-lab/Ben/ProjectHIV/ProtGOs001/envelopeB62BlastOutUNI.tsv	GO:0006468	166	153585	1990	3099283	1.6833229467322288	1.683865904999436e-09	2.1408671116162828e-05
/work/LAS/jernigan-lab/Ben/ProjectHIV/ProtGOs001/envelopeB62BlastOutUNI.tsv	GO:0070062	189	153585	2356	3099283	1.618821449197789	2.412772473211358e-09	3.067598922440921e-05
/work/LAS/jernigan-lab/Ben/ProjectHIV/ProtGOs001/envelopeB62BlastOutUNI.tsv	GO:0005856	189	153585	2359	3099283	1.61676275299279	2.4924441836023696e-09	3.1688935350320525e-05
/work/LAS/jernigan-lab/Ben/ProjectHIV/ProtGOs001/envelopeB62BlastOutUNI.tsv	GO:0006457	492	153585	7447	3099283	1.3332026891127748	2.856831558365477e-09	3.6321756433058674e-05
/work/LAS/jernigan-lab/Ben/ProjectHIV/ProtGOs001/envelopeB62BlastOutUNI.tsv	GO:0004523	129	153585	1443	3099283	1.803997001125627	2.88600904642697e-09	3.669271901627249e-05
/work/LAS/jernigan-lab/Ben/ProjectHIV/ProtGOs001/envelopeB62BlastOutUNI.tsv	GO:0015278	16	153585	39	3099283	8.278807943150165	3.1027036678810586e-09	3.944777443343978e-05
/work/LAS/jernigan-lab/Ben/ProjectHIV/ProtGOs001/envelopeB62BlastOutUNI.tsv	GO:0097720	15	153585	33	3099283	9.17254289155842	3.187103362124567e-09	4.0520832146051744e-05
/work/LAS/jernigan-lab/Ben/ProjectHIV/ProtGOs001/envelopeB62BlastOutUNI.tsv	GO:0007009	23	153585	91	3099283	5.100337036405012	3.5006349443679763e-09	4.450707268269445e-05
/work/LAS/jernigan-lab/Ben/ProjectHIV/ProtGOs001/envelopeB62BlastOutUNI.tsv	GO:0019673	14	153585	28	3099283	10.089797180714262	4.112487163430145e-09	5.228616179585086e-05
/work/LAS/jernigan-lab/Ben/ProjectHIV/ProtGOs001/envelopeB62BlastOutUNI.tsv	GO:0016165	15	153585	34	3099283	8.90276221827729	4.39116475496271e-09	5.582926869459589e-05
/work/LAS/jernigan-lab/Ben/ProjectHIV/ProtGOs001/envelopeB62BlastOutUNI.tsv	GO:0006643	13	153585	23	3099283	11.405857682546557	4.79117979767637e-09	6.091505994765737e-05
/work/LAS/jernigan-lab/Ben/ProjectHIV/ProtGOs001/envelopeB62BlastOutUNI.tsv	GO:0030518	18	153585	54	3099283	6.726531453809509	4.808909679788041e-09	6.114047766882515e-05
/work/LAS/jernigan-lab/Ben/ProjectHIV/ProtGOs001/envelopeB62BlastOutUNI.tsv	GO:0042060	51	153585	386	3099283	2.6662158353182766	4.8536927234575944e-09	6.170984928603985e-05
/work/LAS/jernigan-lab/Ben/ProjectHIV/ProtGOs001/envelopeB62BlastOutUNI.tsv	GO:0039616	16	153585	41	3099283	7.8749636532404	5.517667516149492e-09	7.015162480032465e-05
/work/LAS/jernigan-lab/Ben/ProjectHIV/ProtGOs001/envelopeB62BlastOutUNI.tsv	GO:0006289	157	153585	1888	3099283	1.6780700819620118	5.812767547575045e-09	7.390352659986913e-05
/work/LAS/jernigan-lab/Ben/ProjectHIV/ProtGOs001/envelopeB62BlastOutUNI.tsv	GO:0015379	17	153585	48	3099283	7.146939669672602	6.0766834221151224e-09	7.725895302877166e-05
/work/LAS/jernigan-lab/Ben/ProjectHIV/ProtGOs001/envelopeB62BlastOutUNI.tsv	GO:0055075	20	153585	70	3099283	5.765598388979579	6.259368040422052e-09	7.958160526592597e-05
/work/LAS/jernigan-lab/Ben/ProjectHIV/ProtGOs001/envelopeB62BlastOutUNI.tsv	GO:0055064	16	153585	42	3099283	7.687464518639438	7.283468112523772e-09	9.260201358262723e-05
/work/LAS/jernigan-lab/Ben/ProjectHIV/ProtGOs001/envelopeB62BlastOutUNI.tsv	GO:0046470	27	153585	131	3099283	4.159153036324963	7.330181767081727e-09	9.319593098667708e-05
/work/LAS/jernigan-lab/Ben/ProjectHIV/ProtGOs001/envelopeB62BlastOutUNI.tsv	GO:0043005	145	153585	1715	3099283	1.7061464620449773	7.80676478738554e-09	9.925520750681975e-05
/work/LAS/jernigan-lab/Ben/ProjectHIV/ProtGOs001/envelopeB62BlastOutUNI.tsv	GO:0039707	52	153585	406	3099283	2.5845785881632595	7.837295717717131e-09	9.96433777550556e-05
/work/LAS/jernigan-lab/Ben/ProjectHIV/ProtGOs001/envelopeB62BlastOutUNI.tsv	GO:0030198	68	153585	602	3099283	2.279422618898903	8.104897534356617e-09	0.00010304566725181003
/work/LAS/jernigan-lab/Ben/ProjectHIV/ProtGOs001/envelopeB62BlastOutUNI.tsv	GO:0005938	99	153585	1032	3099283	1.9358331800207595	9.142058771502434e-09	0.00011623213522088194
/work/LAS/jernigan-lab/Ben/ProjectHIV/ProtGOs001/envelopeB62BlastOutUNI.tsv	GO:0010863	16	153585	43	3099283	7.508686274019916	9.5527791354353e-09	0.0001214540339279244
/work/LAS/jernigan-lab/Ben/ProjectHIV/ProtGOs001/envelopeB62BlastOutUNI.tsv	GO:0000734	13	153585	25	3099283	10.493389067942832	1.0269889951683636e-08	0.00013057138084570576
/work/LAS/jernigan-lab/Ben/ProjectHIV/ProtGOs001/envelopeB62BlastOutUNI.tsv	GO:0030522	13	153585	25	3099283	10.493389067942832	1.0269889951683636e-08	0.00013057138084570576
/work/LAS/jernigan-lab/Ben/ProjectHIV/ProtGOs001/envelopeB62BlastOutUNI.tsv	GO:0001701	71	153585	652	3099283	2.1974711651248855	1.1056838739663172e-08	0.00014057664773607756
/work/LAS/jernigan-lab/Ben/ProjectHIV/ProtGOs001/envelopeB62BlastOutUNI.tsv	GO:0010390	21	153585	81	3099283	5.231746686296284	1.128336832389263e-08	0.00014345674486997088
/work/LAS/jernigan-lab/Ben/ProjectHIV/ProtGOs001/envelopeB62BlastOutUNI.tsv	GO:0005497	12	153585	20	3099283	12.107756616857115	1.1399233688675156e-08	0.00014492985711781593
/work/LAS/jernigan-lab/Ben/ProjectHIV/ProtGOs001/envelopeB62BlastOutUNI.tsv	GO:0009428	33	153585	194	3099283	3.4326114119955737	1.149992591068097e-08	0.00014621005802839784
/work/LAS/jernigan-lab/Ben/ProjectHIV/ProtGOs001/envelopeB62BlastOutUNI.tsv	GO:0046509	10	153585	11	3099283	18.34508578311684	1.2000695924486158e-08	0.000152576847983917
/work/LAS/jernigan-lab/Ben/ProjectHIV/ProtGOs001/envelopeB62BlastOutUNI.tsv	GO:0039545	35	153585	216	3099283	3.269841678935178	1.2637935034613688e-08	0.00016067870603007843
/work/LAS/jernigan-lab/Ben/ProjectHIV/ProtGOs001/envelopeB62BlastOutUNI.tsv	GO:0045879	25	153585	117	3099283	4.311879137057377	1.3938239905494545e-08	0.00017721078215845765
/work/LAS/jernigan-lab/Ben/ProjectHIV/ProtGOs001/envelopeB62BlastOutUNI.tsv	GO:0005178	61	153585	529	3099283	2.326947553964348	1.6457165325179392e-08	0.0002092363999443308
/work/LAS/jernigan-lab/Ben/ProjectHIV/ProtGOs001/envelopeB62BlastOutUNI.tsv	GO:0032436	44	153585	322	3099283	2.7574600990771896	1.9182855603067263e-08	0.00024389082613739718
/work/LAS/jernigan-lab/Ben/ProjectHIV/ProtGOs001/envelopeB62BlastOutUNI.tsv	GO:0043137	40	153585	276	3099283	2.924578892960656	1.9790907093778063e-08	0.0002516215927902943
/work/LAS/jernigan-lab/Ben/ProjectHIV/ProtGOs001/envelopeB62BlastOutUNI.tsv	GO:0005085	59	153585	503	3099283	2.36699019348764	2.0609152272244494e-08	0.0002620247619893165
/work/LAS/jernigan-lab/Ben/ProjectHIV/ProtGOs001/envelopeB62BlastOutUNI.tsv	GO:0003682	164	153585	2041	3099283	1.6214862691201755	2.162093478208562e-08	0.00027488856481943654
/work/LAS/jernigan-lab/Ben/ProjectHIV/ProtGOs001/envelopeB62BlastOutUNI.tsv	GO:0017119	24	153585	111	3099283	4.3631555376061675	2.208756140981326e-08	0.0002808212557643658
/work/LAS/jernigan-lab/Ben/ProjectHIV/ProtGOs001/envelopeB62BlastOutUNI.tsv	GO:0007168	24	153585	111	3099283	4.3631555376061675	2.208756140981326e-08	0.0002808212557643658
/work/LAS/jernigan-lab/Ben/ProjectHIV/ProtGOs001/envelopeB62BlastOutUNI.tsv	GO:0039595	18	153585	61	3099283	5.954634401733007	2.3257510613207416e-08	0.00029569598993631907
/work/LAS/jernigan-lab/Ben/ProjectHIV/ProtGOs001/envelopeB62BlastOutUNI.tsv	GO:0016567	167	153585	2090	3099283	1.6124364872529013	2.3441906369575714e-08	0.0002980403975827856
/work/LAS/jernigan-lab/Ben/ProjectHIV/ProtGOs001/envelopeB62BlastOutUNI.tsv	GO:2001237	27	153585	140	3099283	3.8917789125612154	2.471300233345973e-08	0.00031420111166760703
/work/LAS/jernigan-lab/Ben/ProjectHIV/ProtGOs001/envelopeB62BlastOutUNI.tsv	GO:0038083	27	153585	140	3099283	3.8917789125612154	2.471300233345973e-08	0.00031420111166760703
/work/LAS/jernigan-lab/Ben/ProjectHIV/ProtGOs001/envelopeB62BlastOutUNI.tsv	GO:0004883	11	153585	17	3099283	13.057384586806693	2.6374511643495585e-08	0.00033532554103540287
/work/LAS/jernigan-lab/Ben/ProjectHIV/ProtGOs001/envelopeB62BlastOutUNI.tsv	GO:0005899	11	153585	17	3099283	13.057384586806693	2.6374511643495585e-08	0.00033532554103540287
/work/LAS/jernigan-lab/Ben/ProjectHIV/ProtGOs001/envelopeB62BlastOutUNI.tsv	GO:0007155	170	153585	2143	3099283	1.6008077654889636	2.663245281683398e-08	0.00033860500511322724
/work/LAS/jernigan-lab/Ben/ProjectHIV/ProtGOs001/envelopeB62BlastOutUNI.tsv	GO:0006298	130	153585	1519	3099283	1.7270225589109336	2.7564542502247202e-08	0.00035045559337357093
/work/LAS/jernigan-lab/Ben/ProjectHIV/ProtGOs001/envelopeB62BlastOutUNI.tsv	GO:0010468	116	153585	1306	3099283	1.7923682587486285	2.8656554936619506e-08	0.0003643394394641804
/work/LAS/jernigan-lab/Ben/ProjectHIV/ProtGOs001/envelopeB62BlastOutUNI.tsv	GO:0043551	13	153585	28	3099283	9.369097382091816	2.923836017467134e-08	0.0003717365112607714
/work/LAS/jernigan-lab/Ben/ProjectHIV/ProtGOs001/envelopeB62BlastOutUNI.tsv	GO:0045893	238	153585	3246	3099283	1.4795882495440509	3.1835994632638234e-08	0.0004047628357593625
/work/LAS/jernigan-lab/Ben/ProjectHIV/ProtGOs001/envelopeB62BlastOutUNI.tsv	GO:0007076	24	153585	114	3099283	4.248335655037584	3.4299439330061554e-08	0.0004360830716424026
/work/LAS/jernigan-lab/Ben/ProjectHIV/ProtGOs001/envelopeB62BlastOutUNI.tsv	GO:0051209	24	153585	114	3099283	4.248335655037584	3.4299439330061554e-08	0.0004360830716424026
/work/LAS/jernigan-lab/Ben/ProjectHIV/ProtGOs001/envelopeB62BlastOutUNI.tsv	GO:0004375	61	153585	538	3099283	2.2880209220207064	3.489634338273984e-08	0.00044367210976815435
/work/LAS/jernigan-lab/Ben/ProjectHIV/ProtGOs001/envelopeB62BlastOutUNI.tsv	GO:1905515	30	153585	173	3099283	3.499351623369108	3.544339938578613e-08	0.0004506273797908849
/work/LAS/jernigan-lab/Ben/ProjectHIV/ProtGOs001/envelopeB62BlastOutUNI.tsv	GO:0043186	30	153585	173	3099283	3.499351623369108	3.544339938578613e-08	0.0004506273797908849
/work/LAS/jernigan-lab/Ben/ProjectHIV/ProtGOs001/envelopeB62BlastOutUNI.tsv	GO:0005219	10	153585	13	3099283	15.522764893406558	3.5669466169825794e-08	0.0004535015928831651
/work/LAS/jernigan-lab/Ben/ProjectHIV/ProtGOs001/envelopeB62BlastOutUNI.tsv	GO:0008074	10	153585	13	3099283	15.522764893406558	3.5669466169825794e-08	0.0004535015928831651
/work/LAS/jernigan-lab/Ben/ProjectHIV/ProtGOs001/envelopeB62BlastOutUNI.tsv	GO:0005009	12	153585	23	3099283	10.52848401465836	3.6886001509553713e-08	0.0004689686231924659
/work/LAS/jernigan-lab/Ben/ProjectHIV/ProtGOs001/envelopeB62BlastOutUNI.tsv	GO:0044877	145	153585	1758	3099283	1.6644147795262436	3.946344099047154e-08	0.0005017381887528552
/work/LAS/jernigan-lab/Ben/ProjectHIV/ProtGOs001/envelopeB62BlastOutUNI.tsv	GO:0030027	75	153585	728	3099283	2.078941726795521	3.961822754810095e-08	0.0005037061450465555
/work/LAS/jernigan-lab/Ben/ProjectHIV/ProtGOs001/envelopeB62BlastOutUNI.tsv	GO:0034446	30	153585	174	3099283	3.479240407142849	3.9676791872415396e-08	0.0005044507318658893
/work/LAS/jernigan-lab/Ben/ProjectHIV/ProtGOs001/envelopeB62BlastOutUNI.tsv	GO:0003727	40	153585	285	3099283	2.832223770025056	4.310224936339494e-08	0.0005480019984062033
/work/LAS/jernigan-lab/Ben/ProjectHIV/ProtGOs001/envelopeB62BlastOutUNI.tsv	GO:0004165	27	153585	145	3099283	3.757579639714277	4.6607589347586e-08	0.0005925688909652084
/work/LAS/jernigan-lab/Ben/ProjectHIV/ProtGOs001/envelopeB62BlastOutUNI.tsv	GO:0045499	23	153585	107	3099283	4.337669816008001	4.7110696093402766e-08	0.0005989653901315228
/work/LAS/jernigan-lab/Ben/ProjectHIV/ProtGOs001/envelopeB62BlastOutUNI.tsv	GO:0042351	14	153585	36	3099283	7.8476200294444265	5.100756064159193e-08	0.0006485101259971998
/work/LAS/jernigan-lab/Ben/ProjectHIV/ProtGOs001/envelopeB62BlastOutUNI.tsv	GO:0045111	24	153585	117	3099283	4.139403971575082	5.254489761103795e-08	0.0006680558282267365
/work/LAS/jernigan-lab/Ben/ProjectHIV/ProtGOs001/envelopeB62BlastOutUNI.tsv	GO:0043041	12	153585	24	3099283	10.089797180714262	5.293341228535153e-08	0.0006729954037959594
/work/LAS/jernigan-lab/Ben/ProjectHIV/ProtGOs001/envelopeB62BlastOutUNI.tsv	GO:0043547	64	153585	588	3099283	2.1964184338969823	5.308889998956703e-08	0.0006749722744673552
/work/LAS/jernigan-lab/Ben/ProjectHIV/ProtGOs001/envelopeB62BlastOutUNI.tsv	GO:0005096	106	153585	1181	3099283	1.8112083000096728	5.5333461286413565e-08	0.000703509626795462
/work/LAS/jernigan-lab/Ben/ProjectHIV/ProtGOs001/envelopeB62BlastOutUNI.tsv	GO:0043043	10	153585	14	3099283	14.413995972448946	5.8536087336713894e-08	0.0007442278143989804
/work/LAS/jernigan-lab/Ben/ProjectHIV/ProtGOs001/envelopeB62BlastOutUNI.tsv	GO:1905832	10	153585	14	3099283	14.413995972448946	5.8536087336713894e-08	0.0007442278143989804
/work/LAS/jernigan-lab/Ben/ProjectHIV/ProtGOs001/envelopeB62BlastOutUNI.tsv	GO:0031122	41	153585	301	3099283	2.7487155110251478	6.147263252781762e-08	0.0007815630499586733
/work/LAS/jernigan-lab/Ben/ProjectHIV/ProtGOs001/envelopeB62BlastOutUNI.tsv	GO:0010976	53	153585	447	3099283	2.392658839274523	6.495772350518992e-08	0.0008258724966449848
/work/LAS/jernigan-lab/Ben/ProjectHIV/ProtGOs001/envelopeB62BlastOutUNI.tsv	GO:0045494	28	153585	158	3099283	3.576130646329106	6.654717194222492e-08	0.0008460807440734476
/work/LAS/jernigan-lab/Ben/ProjectHIV/ProtGOs001/envelopeB62BlastOutUNI.tsv	GO:0098609	59	153585	522	3099283	2.2808353780158677	6.694811817462956e-08	0.0008511783744722402
/work/LAS/jernigan-lab/Ben/ProjectHIV/ProtGOs001/envelopeB62BlastOutUNI.tsv	GO:0010903	14	153585	37	3099283	7.635522190810793	6.723430247172565e-08	0.0008548169216255199
/work/LAS/jernigan-lab/Ben/ProjectHIV/ProtGOs001/envelopeB62BlastOutUNI.tsv	GO:0005829	1570	153585	27451	3099283	1.1541278331369635	6.983783982999917e-08	0.0008879182955986095
/work/LAS/jernigan-lab/Ben/ProjectHIV/ProtGOs001/envelopeB62BlastOutUNI.tsv	GO:0019145	15	153585	44	3099283	6.879407168668815	7.095252395798582e-08	0.0009020903896018317
/work/LAS/jernigan-lab/Ben/ProjectHIV/ProtGOs001/envelopeB62BlastOutUNI.tsv	GO:0048179	13	153585	31	3099283	8.462410538663574	7.538156256224984e-08	0.0009584011864164445
/work/LAS/jernigan-lab/Ben/ProjectHIV/ProtGOs001/envelopeB62BlastOutUNI.tsv	GO:0016702	26	153585	139	3099283	3.774600384152098	7.559986414257805e-08	0.0009611766727087373
/work/LAS/jernigan-lab/Ben/ProjectHIV/ProtGOs001/envelopeB62BlastOutUNI.tsv	GO:0035097	26	153585	139	3099283	3.774600384152098	7.559986414257805e-08	0.0009611766727087373
/work/LAS/jernigan-lab/Ben/ProjectHIV/ProtGOs001/envelopeB62BlastOutUNI.tsv	GO:0004139	44	153585	338	3099283	2.6269294434995714	7.655958657766894e-08	0.0009733785837484829
/work/LAS/jernigan-lab/Ben/ProjectHIV/ProtGOs001/envelopeB62BlastOutUNI.tsv	GO:0046386	44	153585	340	3099283	2.6114769173613386	8.6583609034268e-08	0.0011008240052616835
/work/LAS/jernigan-lab/Ben/ProjectHIV/ProtGOs001/envelopeB62BlastOutUNI.tsv	GO:0030423	14	153585	38	3099283	7.434587396315773	8.798395986263631e-08	0.001118628065693558
/work/LAS/jernigan-lab/Ben/ProjectHIV/ProtGOs001/envelopeB62BlastOutUNI.tsv	GO:0080030	31	153585	192	3099283	3.2581636729389807	8.858522187858959e-08	0.001126272510964388
/work/LAS/jernigan-lab/Ben/ProjectHIV/ProtGOs001/envelopeB62BlastOutUNI.tsv	GO:0006007	44	153585	342	3099283	2.596205122522968	9.833419094976255e-08	0.001250220903735281
/work/LAS/jernigan-lab/Ben/ProjectHIV/ProtGOs001/envelopeB62BlastOutUNI.tsv	GO:0016485	47	153585	375	3099283	2.529175826632375	9.840248417515925e-08	0.0012510891838029747
/work/LAS/jernigan-lab/Ben/ProjectHIV/ProtGOs001/envelopeB62BlastOutUNI.tsv	GO:0009791	42	153585	314	3099283	2.6991814114012675	1.0045158408433963e-07	0.0012771414400482941
/work/LAS/jernigan-lab/Ben/ProjectHIV/ProtGOs001/envelopeB62BlastOutUNI.tsv	GO:0006286	12	153585	26	3099283	9.313658936043934	1.0480314864873083e-07	0.0013324672319199639
/work/LAS/jernigan-lab/Ben/ProjectHIV/ProtGOs001/envelopeB62BlastOutUNI.tsv	GO:2000767	14	153585	39	3099283	7.243956950256393	1.1434379610724981e-07	0.001453767023707574
/work/LAS/jernigan-lab/Ben/ProjectHIV/ProtGOs001/envelopeB62BlastOutUNI.tsv	GO:0033737	14	153585	39	3099283	7.243956950256393	1.1434379610724981e-07	0.001453767023707574
/work/LAS/jernigan-lab/Ben/ProjectHIV/ProtGOs001/envelopeB62BlastOutUNI.tsv	GO:0004842	103	153585	1153	3099283	1.8026870938656878	1.1440743725610677e-07	0.0014545761572741416
/work/LAS/jernigan-lab/Ben/ProjectHIV/ProtGOs001/envelopeB62BlastOutUNI.tsv	GO:0043231	202	153585	2713	3099283	1.502498363807063	1.1599405912013734e-07	0.0014747484676534263
/work/LAS/jernigan-lab/Ben/ProjectHIV/ProtGOs001/envelopeB62BlastOutUNI.tsv	GO:0044162	24	153585	123	3099283	3.9374818266202	1.1868789613396188e-07	0.0015089979114471914
/work/LAS/jernigan-lab/Ben/ProjectHIV/ProtGOs001/envelopeB62BlastOutUNI.tsv	GO:0060271	81	153585	832	3099283	1.9645999318217675	1.1920265638919611e-07	0.0015155425733322393
/work/LAS/jernigan-lab/Ben/ProjectHIV/ProtGOs001/envelopeB62BlastOutUNI.tsv	GO:0003779	131	153585	1579	3099283	1.674177872924089	1.2936799150824334e-07	0.0016447846440358059
/work/LAS/jernigan-lab/Ben/ProjectHIV/ProtGOs001/envelopeB62BlastOutUNI.tsv	GO:0051056	30	153585	185	3099283	3.272366653204626	1.301332512334229e-07	0.001654514156181739
/work/LAS/jernigan-lab/Ben/ProjectHIV/ProtGOs001/envelopeB62BlastOutUNI.tsv	GO:0000738	20	153585	87	3099283	4.6389872095237985	1.3537295177393155e-07	0.0017211317088537657
/work/LAS/jernigan-lab/Ben/ProjectHIV/ProtGOs001/envelopeB62BlastOutUNI.tsv	GO:0004534	20	153585	87	3099283	4.6389872095237985	1.3537295177393155e-07	0.0017211317088537657
/work/LAS/jernigan-lab/Ben/ProjectHIV/ProtGOs001/envelopeB62BlastOutUNI.tsv	GO:0003015	12	153585	27	3099283	8.968708605079344	1.4483404813252405e-07	0.0018414200879569107
/work/LAS/jernigan-lab/Ben/ProjectHIV/ProtGOs001/envelopeB62BlastOutUNI.tsv	GO:0044295	25	153585	135	3099283	3.7369619187830603	1.5734380947020258e-07	0.0020004691936041557
/work/LAS/jernigan-lab/Ben/ProjectHIV/ProtGOs001/envelopeB62BlastOutUNI.tsv	GO:0017108	53	153585	458	3099283	2.335193233964436	1.6583134109966575e-07	0.00210837967074115
/work/LAS/jernigan-lab/Ben/ProjectHIV/ProtGOs001/envelopeB62BlastOutUNI.tsv	GO:0005216	57	153585	515	3099283	2.2334696671872347	1.7533984767620354e-07	0.002229270823355252
/work/LAS/jernigan-lab/Ben/ProjectHIV/ProtGOs001/envelopeB62BlastOutUNI.tsv	GO:0071277	42	153585	325	3099283	2.607824502092302	1.759611650149709e-07	0.00223717025200034
/work/LAS/jernigan-lab/Ben/ProjectHIV/ProtGOs001/envelopeB62BlastOutUNI.tsv	GO:0005819	75	153585	760	3099283	1.9914073382988675	1.8996238643495765e-07	0.0024151817811340517
/work/LAS/jernigan-lab/Ben/ProjectHIV/ProtGOs001/envelopeB62BlastOutUNI.tsv	GO:0009949	12	153585	28	3099283	8.648397583469368	1.9795858427833215e-07	0.0025168454405147147
/work/LAS/jernigan-lab/Ben/ProjectHIV/ProtGOs001/envelopeB62BlastOutUNI.tsv	GO:0016486	16	153585	56	3099283	5.765598388979579	1.9955031013192644e-07	0.0025370826430173125
/work/LAS/jernigan-lab/Ben/ProjectHIV/ProtGOs001/envelopeB62BlastOutUNI.tsv	GO:1990447	9	153585	12	3099283	15.134695771071394	2.0388009641886012e-07	0.0025921315458693876
/work/LAS/jernigan-lab/Ben/ProjectHIV/ProtGOs001/envelopeB62BlastOutUNI.tsv	GO:0009016	9	153585	12	3099283	15.134695771071394	2.0388009641886012e-07	0.0025921315458693876
/work/LAS/jernigan-lab/Ben/ProjectHIV/ProtGOs001/envelopeB62BlastOutUNI.tsv	GO:0045211	73	153585	737	3099283	1.9987929286082529	2.0765361950758686e-07	0.0026401081184194595
/work/LAS/jernigan-lab/Ben/ProjectHIV/ProtGOs001/envelopeB62BlastOutUNI.tsv	GO:0016316	8	153585	8	3099283	20.179594361428524	2.2576569547991494e-07	0.0028703850523316386
/work/LAS/jernigan-lab/Ben/ProjectHIV/ProtGOs001/envelopeB62BlastOutUNI.tsv	GO:0008104	49	153585	414	3099283	2.388406095917869	2.2975236774487105e-07	0.0029210716035082906
/work/LAS/jernigan-lab/Ben/ProjectHIV/ProtGOs001/envelopeB62BlastOutUNI.tsv	GO:0035753	13	153585	35	3099283	7.495277905673452	2.3449725255848493e-07	0.0029813980690285772
/work/LAS/jernigan-lab/Ben/ProjectHIV/ProtGOs001/envelopeB62BlastOutUNI.tsv	GO:0044172	28	153585	170	3099283	3.3236978948235216	2.526080183297705e-07	0.0032116583450447025
/work/LAS/jernigan-lab/Ben/ProjectHIV/ProtGOs001/envelopeB62BlastOutUNI.tsv	GO:0000820	25	153585	139	3099283	3.6294234463000943	2.5548079285134013e-07	0.0032481828003119383
/work/LAS/jernigan-lab/Ben/ProjectHIV/ProtGOs001/envelopeB62BlastOutUNI.tsv	GO:0045184	25	153585	140	3099283	3.6034989931122365	2.876023892917758e-07	0.0036565767774556376
/work/LAS/jernigan-lab/Ben/ProjectHIV/ProtGOs001/envelopeB62BlastOutUNI.tsv	GO:0010804	17	153585	66	3099283	5.197774305216438	2.939177724889162e-07	0.0037368705594240806
/work/LAS/jernigan-lab/Ben/ProjectHIV/ProtGOs001/envelopeB62BlastOutUNI.tsv	GO:0007156	55	153585	496	3099283	2.237656632819695	2.956657737537327e-07	0.003759094647504958
/work/LAS/jernigan-lab/Ben/ProjectHIV/ProtGOs001/envelopeB62BlastOutUNI.tsv	GO:0046834	13	153585	36	3099283	7.287075741626968	3.0530846008511283e-07	0.0038816917615221245
/work/LAS/jernigan-lab/Ben/ProjectHIV/ProtGOs001/envelopeB62BlastOutUNI.tsv	GO:0030300	14	153585	43	3099283	6.570100489767427	3.0613437415633336e-07	0.003892192433023622
/work/LAS/jernigan-lab/Ben/ProjectHIV/ProtGOs001/envelopeB62BlastOutUNI.tsv	GO:0051017	32	153585	217	3099283	2.975792716892686	3.430343548689395e-07	0.004361338787803697
/work/LAS/jernigan-lab/Ben/ProjectHIV/ProtGOs001/envelopeB62BlastOutUNI.tsv	GO:0007512	15	153585	51	3099283	5.935174812184861	3.4871701440160244e-07	0.0044335881211019735
/work/LAS/jernigan-lab/Ben/ProjectHIV/ProtGOs001/envelopeB62BlastOutUNI.tsv	GO:0007507	84	153585	900	3099283	1.8834288070666623	3.5630305482929374e-07	0.004530037039099641
/work/LAS/jernigan-lab/Ben/ProjectHIV/ProtGOs001/envelopeB62BlastOutUNI.tsv	GO:0043410	55	153585	503	3099283	2.206516282064749	3.893052125825522e-07	0.004949626472774568
/work/LAS/jernigan-lab/Ben/ProjectHIV/ProtGOs001/envelopeB62BlastOutUNI.tsv	GO:0000146	26	153585	154	3099283	3.406944502578842	4.3740252430814745e-07	0.005561135694053787
/work/LAS/jernigan-lab/Ben/ProjectHIV/ProtGOs001/envelopeB62BlastOutUNI.tsv	GO:0008168	115	153585	1373	3099283	1.6902063740453608	4.528069829167855e-07	0.005756987980804011
/work/LAS/jernigan-lab/Ben/ProjectHIV/ProtGOs001/envelopeB62BlastOutUNI.tsv	GO:0097060	25	153585	144	3099283	3.503401798859119	4.570295555378737e-07	0.005810673769108526
/work/LAS/jernigan-lab/Ben/ProjectHIV/ProtGOs001/envelopeB62BlastOutUNI.tsv	GO:0033650	31	153585	209	3099283	2.993145575140116	4.6309243003980353e-07	0.005887757155526062
/work/LAS/jernigan-lab/Ben/ProjectHIV/ProtGOs001/envelopeB62BlastOutUNI.tsv	GO:0030054	65	153585	642	3099283	2.0431053481197106	4.856399575404888e-07	0.006174426420169775
/work/LAS/jernigan-lab/Ben/ProjectHIV/ProtGOs001/envelopeB62BlastOutUNI.tsv	GO:0005088	17	153585	69	3099283	4.971784118033115	5.01459833716651e-07	0.0063755603258735015
/work/LAS/jernigan-lab/Ben/ProjectHIV/ProtGOs001/envelopeB62BlastOutUNI.tsv	GO:0032924	17	153585	69	3099283	4.971784118033115	5.01459833716651e-07	0.0063755603258735015
/work/LAS/jernigan-lab/Ben/ProjectHIV/ProtGOs001/envelopeB62BlastOutUNI.tsv	GO:0006303	38	153585	288	3099283	2.6625853671329303	5.127421520657924e-07	0.006519003721364485
/work/LAS/jernigan-lab/Ben/ProjectHIV/ProtGOs001/envelopeB62BlastOutUNI.tsv	GO:0051984	11	153585	25	3099283	8.879021519028552	5.192161391470764e-07	0.006601313993115929
/work/LAS/jernigan-lab/Ben/ProjectHIV/ProtGOs001/envelopeB62BlastOutUNI.tsv	GO:0043559	11	153585	25	3099283	8.879021519028552	5.192161391470764e-07	0.006601313993115929
/work/LAS/jernigan-lab/Ben/ProjectHIV/ProtGOs001/envelopeB62BlastOutUNI.tsv	GO:0005021	11	153585	25	3099283	8.879021519028552	5.192161391470764e-07	0.006601313993115929
/work/LAS/jernigan-lab/Ben/ProjectHIV/ProtGOs001/envelopeB62BlastOutUNI.tsv	GO:0072382	9	153585	14	3099283	12.972596375204052	5.199472704200793e-07	0.006610609596120888
/work/LAS/jernigan-lab/Ben/ProjectHIV/ProtGOs001/envelopeB62BlastOutUNI.tsv	GO:0051293	9	153585	14	3099283	12.972596375204052	5.199472704200793e-07	0.006610609596120888
/work/LAS/jernigan-lab/Ben/ProjectHIV/ProtGOs001/envelopeB62BlastOutUNI.tsv	GO:0039618	19	153585	87	3099283	4.407037849047609	5.425513015266458e-07	0.006897997247609774
/work/LAS/jernigan-lab/Ben/ProjectHIV/ProtGOs001/envelopeB62BlastOutUNI.tsv	GO:0051897	53	153585	479	3099283	2.232815242496267	5.450665126419266e-07	0.006929975641729455
/work/LAS/jernigan-lab/Ben/ProjectHIV/ProtGOs001/envelopeB62BlastOutUNI.tsv	GO:0030658	27	153585	167	3099283	3.262569148254911	5.644388056049589e-07	0.007176274974461447
/work/LAS/jernigan-lab/Ben/ProjectHIV/ProtGOs001/envelopeB62BlastOutUNI.tsv	GO:0004622	28	153585	178	3099283	3.174318214157296	5.749251102966361e-07	0.007309597852311432
/work/LAS/jernigan-lab/Ben/ProjectHIV/ProtGOs001/envelopeB62BlastOutUNI.tsv	GO:0047388	24	153585	136	3099283	3.561104887310916	5.929226320357862e-07	0.007538418343702986
/work/LAS/jernigan-lab/Ben/ProjectHIV/ProtGOs001/envelopeB62BlastOutUNI.tsv	GO:0008882	24	153585	136	3099283	3.561104887310916	5.929226320357862e-07	0.007538418343702986
/work/LAS/jernigan-lab/Ben/ProjectHIV/ProtGOs001/envelopeB62BlastOutUNI.tsv	GO:1990239	14	153585	46	3099283	6.141615675217377	6.036779270309214e-07	0.007675161164271135
/work/LAS/jernigan-lab/Ben/ProjectHIV/ProtGOs001/envelopeB62BlastOutUNI.tsv	GO:0014898	14	153585	46	3099283	6.141615675217377	6.036779270309214e-07	0.007675161164271135
/work/LAS/jernigan-lab/Ben/ProjectHIV/ProtGOs001/envelopeB62BlastOutUNI.tsv	GO:0005912	58	153585	549	3099283	2.131906143830336	6.78175129163647e-07	0.008622318592186607
/work/LAS/jernigan-lab/Ben/ProjectHIV/ProtGOs001/envelopeB62BlastOutUNI.tsv	GO:0000209	78	153585	834	3099283	1.887300192076049	6.901388637442849e-07	0.008774425513644839
/work/LAS/jernigan-lab/Ben/ProjectHIV/ProtGOs001/envelopeB62BlastOutUNI.tsv	GO:1905232	10	153585	20	3099283	10.089797180714262	6.903870117276242e-07	0.008777580467105013
/work/LAS/jernigan-lab/Ben/ProjectHIV/ProtGOs001/envelopeB62BlastOutUNI.tsv	GO:0031514	55	153585	509	3099283	2.1805062669520017	7.100921679784061e-07	0.009028111823677456
/work/LAS/jernigan-lab/Ben/ProjectHIV/ProtGOs001/envelopeB62BlastOutUNI.tsv	GO:0045296	52	153585	469	3099283	2.237396389753269	7.144687394052274e-07	0.009083755552798061
/work/LAS/jernigan-lab/Ben/ProjectHIV/ProtGOs001/envelopeB62BlastOutUNI.tsv	GO:0005871	34	153585	249	3099283	2.7554466196328105	7.374366502870408e-07	0.009375769571749437
/work/LAS/jernigan-lab/Ben/ProjectHIV/ProtGOs001/envelopeB62BlastOutUNI.tsv	GO:0000723	43	153585	358	3099283	2.4238060266520294	7.480259185226654e-07	0.009510401528097167
/work/LAS/jernigan-lab/Ben/ProjectHIV/ProtGOs001/envelopeB62BlastOutUNI.tsv	GO:0070269	14	153585	47	3099283	6.010943001276582	7.493348953229376e-07	0.009527043859135829
/work/LAS/jernigan-lab/Ben/ProjectHIV/ProtGOs001/envelopeB62BlastOutUNI.tsv	GO:0005119	9	153585	15	3099283	12.107756616857115	7.967939826519182e-07	0.010130438695436488
/work/LAS/jernigan-lab/Ben/ProjectHIV/ProtGOs001/envelopeB62BlastOutUNI.tsv	GO:0045720	9	153585	15	3099283	12.107756616857115	7.967939826519182e-07	0.010130438695436488
/work/LAS/jernigan-lab/Ben/ProjectHIV/ProtGOs001/envelopeB62BlastOutUNI.tsv	GO:0036064	60	153585	578	3099283	2.0947675807711272	8.05691127545981e-07	0.010243556995619602
/work/LAS/jernigan-lab/Ben/ProjectHIV/ProtGOs001/envelopeB62BlastOutUNI.tsv	GO:0031581	12	153585	33	3099283	7.3380343132467365	8.171453805463685e-07	0.010389186368266528
/work/LAS/jernigan-lab/Ben/ProjectHIV/ProtGOs001/envelopeB62BlastOutUNI.tsv	GO:0060354	13	153585	40	3099283	6.558368167464271	8.190967386350323e-07	0.0104139959350058
/work/LAS/jernigan-lab/Ben/ProjectHIV/ProtGOs001/envelopeB62BlastOutUNI.tsv	GO:0008022	68	153585	695	3099283	1.9744063547872515	8.485098705883599e-07	0.010787954494660407
/work/LAS/jernigan-lab/Ben/ProjectHIV/ProtGOs001/envelopeB62BlastOutUNI.tsv	GO:0006430	61	153585	599	3099283	2.055017121948481	8.554166095732875e-07	0.010875766774114776
/work/LAS/jernigan-lab/Ben/ProjectHIV/ProtGOs001/envelopeB62BlastOutUNI.tsv	GO:0004824	61	153585	600	3099283	2.0515920934119	8.874846422449051e-07	0.011283479741501724
/work/LAS/jernigan-lab/Ben/ProjectHIV/ProtGOs001/envelopeB62BlastOutUNI.tsv	GO:0043153	25	153585	150	3099283	3.3632657269047543	8.882852670577298e-07	0.011293658885371977
/work/LAS/jernigan-lab/Ben/ProjectHIV/ProtGOs001/envelopeB62BlastOutUNI.tsv	GO:0016052	49	153585	437	3099283	2.2627005119221915	8.973697343101621e-07	0.0114091588020194
/work/LAS/jernigan-lab/Ben/ProjectHIV/ProtGOs001/envelopeB62BlastOutUNI.tsv	GO:0051085	45	153585	383	3099283	2.370970616878025	8.996349177184474e-07	0.01143795834387234
/work/LAS/jernigan-lab/Ben/ProjectHIV/ProtGOs001/envelopeB62BlastOutUNI.tsv	GO:0030016	28	153585	183	3099283	3.087588208306004	9.377052618578292e-07	0.01192198469926044
/work/LAS/jernigan-lab/Ben/ProjectHIV/ProtGOs001/envelopeB62BlastOutUNI.tsv	GO:0071391	15	153585	56	3099283	5.405248489668355	9.502146873149715e-07	0.012081029534522548
/work/LAS/jernigan-lab/Ben/ProjectHIV/ProtGOs001/envelopeB62BlastOutUNI.tsv	GO:0034349	11	153585	27	3099283	8.221316221322732	9.525852761534015e-07	0.012111169201014347
/work/LAS/jernigan-lab/Ben/ProjectHIV/ProtGOs001/envelopeB62BlastOutUNI.tsv	GO:0002027	21	153585	110	3099283	3.8524680144545367	9.673196954772783e-07	0.012298502608298116
/work/LAS/jernigan-lab/Ben/ProjectHIV/ProtGOs001/envelopeB62BlastOutUNI.tsv	GO:0010875	22	153585	120	3099283	3.6995922995952295	9.806014373490021e-07	0.012467366674455213
/work/LAS/jernigan-lab/Ben/ProjectHIV/ProtGOs001/envelopeB62BlastOutUNI.tsv	GO:0036120	17	153585	73	3099283	4.699357591017602	9.830529525852184e-07	0.012498535239168466
/work/LAS/jernigan-lab/Ben/ProjectHIV/ProtGOs001/envelopeB62BlastOutUNI.tsv	GO:0016358	26	153585	162	3099283	3.2387003296119854	1.0215684159928206e-06	0.012988220840932721
/work/LAS/jernigan-lab/Ben/ProjectHIV/ProtGOs001/envelopeB62BlastOutUNI.tsv	GO:0030017	28	153585	184	3099283	3.0708078376086885	1.0318363247387066e-06	0.013118767032727916
/work/LAS/jernigan-lab/Ben/ProjectHIV/ProtGOs001/envelopeB62BlastOutUNI.tsv	GO:0035254	13	153585	41	3099283	6.398407968257825	1.032003565640908e-06	0.013120893333558505
/work/LAS/jernigan-lab/Ben/ProjectHIV/ProtGOs001/envelopeB62BlastOutUNI.tsv	GO:0001540	36	153585	273	3099283	2.661045410298267	1.069465791215285e-06	0.013597188069511134
/work/LAS/jernigan-lab/Ben/ProjectHIV/ProtGOs001/envelopeB62BlastOutUNI.tsv	GO:0006635	67	153585	687	3099283	1.9680244864857512	1.1375412448266807e-06	0.014462699386726417
/work/LAS/jernigan-lab/Ben/ProjectHIV/ProtGOs001/envelopeB62BlastOutUNI.tsv	GO:0030956	71	153585	743	3099283	1.9283327047933045	1.2265555118553598e-06	0.015594426777729044
/work/LAS/jernigan-lab/Ben/ProjectHIV/ProtGOs001/envelopeB62BlastOutUNI.tsv	GO:0001302	21	153585	112	3099283	3.7836739427678485	1.247231409785104e-06	0.015857300144007814
/work/LAS/jernigan-lab/Ben/ProjectHIV/ProtGOs001/envelopeB62BlastOutUNI.tsv	GO:0005640	22	153585	122	3099283	3.6389432455035045	1.248710011253338e-06	0.01587609908307494
/work/LAS/jernigan-lab/Ben/ProjectHIV/ProtGOs001/envelopeB62BlastOutUNI.tsv	GO:0004021	11	153585	28	3099283	7.92769778484692	1.2699161188797173e-06	0.016145713535436725
/work/LAS/jernigan-lab/Ben/ProjectHIV/ProtGOs001/envelopeB62BlastOutUNI.tsv	GO:0016906	11	153585	28	3099283	7.92769778484692	1.2699161188797173e-06	0.016145713535436725
/work/LAS/jernigan-lab/Ben/ProjectHIV/ProtGOs001/envelopeB62BlastOutUNI.tsv	GO:0140157	7	153585	7	3099283	20.179594361428524	1.3372166426941334e-06	0.017001372395213214
/work/LAS/jernigan-lab/Ben/ProjectHIV/ProtGOs001/envelopeB62BlastOutUNI.tsv	GO:0005509	317	153585	4777	3099283	1.3391106159876163	1.342200680846848e-06	0.017064739456286827
/work/LAS/jernigan-lab/Ben/ProjectHIV/ProtGOs001/envelopeB62BlastOutUNI.tsv	GO:0050839	33	153585	246	3099283	2.7070187558013874	1.5041315718322003e-06	0.019123528804274596
/work/LAS/jernigan-lab/Ben/ProjectHIV/ProtGOs001/envelopeB62BlastOutUNI.tsv	GO:0005929	81	153585	897	3099283	1.8222376179216393	1.6427888044705385e-06	0.020886416860038427
/work/LAS/jernigan-lab/Ben/ProjectHIV/ProtGOs001/envelopeB62BlastOutUNI.tsv	GO:0042800	15	153585	59	3099283	5.1304053461258965	1.6568425721932142e-06	0.021065096462864526
/work/LAS/jernigan-lab/Ben/ProjectHIV/ProtGOs001/envelopeB62BlastOutUNI.tsv	GO:0008883	59	153585	585	3099283	2.035206952691082	1.6757899655830566e-06	0.021305993622422983
/work/LAS/jernigan-lab/Ben/ProjectHIV/ProtGOs001/envelopeB62BlastOutUNI.tsv	GO:0102205	11	153585	29	3099283	7.654328895714268	1.676520691725076e-06	0.021315284074592617
/work/LAS/jernigan-lab/Ben/ProjectHIV/ProtGOs001/envelopeB62BlastOutUNI.tsv	GO:0102202	11	153585	29	3099283	7.654328895714268	1.676520691725076e-06	0.021315284074592617
/work/LAS/jernigan-lab/Ben/ProjectHIV/ProtGOs001/envelopeB62BlastOutUNI.tsv	GO:0102203	11	153585	29	3099283	7.654328895714268	1.676520691725076e-06	0.021315284074592617
/work/LAS/jernigan-lab/Ben/ProjectHIV/ProtGOs001/envelopeB62BlastOutUNI.tsv	GO:0048156	21	153585	115	3099283	3.6849694051304263	1.8071972728239065e-06	0.022976706126683146
/work/LAS/jernigan-lab/Ben/ProjectHIV/ProtGOs001/envelopeB62BlastOutUNI.tsv	GO:0051103	27	153585	179	3099283	3.043849428818828	1.846225369453123e-06	0.023472909347227008
/work/LAS/jernigan-lab/Ben/ProjectHIV/ProtGOs001/envelopeB62BlastOutUNI.tsv	GO:0000335	8	153585	12	3099283	13.453062907619017	1.863238614358659e-06	0.02368921574295599
/work/LAS/jernigan-lab/Ben/ProjectHIV/ProtGOs001/envelopeB62BlastOutUNI.tsv	GO:0000034	31	153585	225	3099283	2.780299667574597	1.8675051157855281e-06	0.023743460042097205
/work/LAS/jernigan-lab/Ben/ProjectHIV/ProtGOs001/envelopeB62BlastOutUNI.tsv	GO:0001726	44	153585	385	3099283	2.3062393555918312	1.8983404923069343e-06	0.02413550101919036
/work/LAS/jernigan-lab/Ben/ProjectHIV/ProtGOs001/envelopeB62BlastOutUNI.tsv	GO:0051569	13	153585	44	3099283	5.962152879512973	1.9960878725216854e-06	0.025378261211240708
/work/LAS/jernigan-lab/Ben/ProjectHIV/ProtGOs001/envelopeB62BlastOutUNI.tsv	GO:0005112	20	153585	106	3099283	3.807470634231797	2.0310194621856503e-06	0.02582238144222836
/work/LAS/jernigan-lab/Ben/ProjectHIV/ProtGOs001/envelopeB62BlastOutUNI.tsv	GO:0019899	116	153585	1440	3099283	1.6255784346706312	2.1082238073129398e-06	0.026803957486176717
/work/LAS/jernigan-lab/Ben/ProjectHIV/ProtGOs001/envelopeB62BlastOutUNI.tsv	GO:0039625	16	153585	69	3099283	4.679326228737049	2.1272076288979115e-06	0.027045317793808046
/work/LAS/jernigan-lab/Ben/ProjectHIV/ProtGOs001/envelopeB62BlastOutUNI.tsv	GO:1903861	17	153585	78	3099283	4.398116719798525	2.1542105723568413e-06	0.02738863321694488
/work/LAS/jernigan-lab/Ben/ProjectHIV/ProtGOs001/envelopeB62BlastOutUNI.tsv	GO:0051180	11	153585	30	3099283	7.399184599190459	2.193061204696874e-06	0.027882580156516058
/work/LAS/jernigan-lab/Ben/ProjectHIV/ProtGOs001/envelopeB62BlastOutUNI.tsv	GO:0039548	22	153585	127	3099283	3.4956777633970675	2.236803888488284e-06	0.028438724638240043
/work/LAS/jernigan-lab/Ben/ProjectHIV/ProtGOs001/envelopeB62BlastOutUNI.tsv	GO:0035091	43	153585	374	3099283	2.320113790217718	2.283210701312111e-06	0.02902874085648218
/work/LAS/jernigan-lab/Ben/ProjectHIV/ProtGOs001/envelopeB62BlastOutUNI.tsv	GO:0035327	21	153585	117	3099283	3.6219784751281967	2.2987159550942405e-06	0.029225874653068175
/work/LAS/jernigan-lab/Ben/ProjectHIV/ProtGOs001/envelopeB62BlastOutUNI.tsv	GO:0007520	18	153585	88	3099283	4.127644301201289	2.404354638877635e-06	0.030568964878690253
/work/LAS/jernigan-lab/Ben/ProjectHIV/ProtGOs001/envelopeB62BlastOutUNI.tsv	GO:0008093	13	153585	45	3099283	5.829660593301574	2.4612440321494555e-06	0.031292256624748174
/work/LAS/jernigan-lab/Ben/ProjectHIV/ProtGOs001/envelopeB62BlastOutUNI.tsv	GO:0005858	13	153585	45	3099283	5.829660593301574	2.4612440321494555e-06	0.031292256624748174
/work/LAS/jernigan-lab/Ben/ProjectHIV/ProtGOs001/envelopeB62BlastOutUNI.tsv	GO:0008305	17	153585	79	3099283	4.342444356256771	2.502606990445301e-06	0.031818145276521555
/work/LAS/jernigan-lab/Ben/ProjectHIV/ProtGOs001/envelopeB62BlastOutUNI.tsv	GO:0008091	9	153585	18	3099283	10.089797180714262	2.509800059230683e-06	0.03190959795305891
/work/LAS/jernigan-lab/Ben/ProjectHIV/ProtGOs001/envelopeB62BlastOutUNI.tsv	GO:0046068	10	153585	24	3099283	8.408164317261885	2.5320164772482205e-06	0.03219205749173387
/work/LAS/jernigan-lab/Ben/ProjectHIV/ProtGOs001/envelopeB62BlastOutUNI.tsv	GO:0048471	212	153585	3013	3099283	1.4198718900175398	2.543966672850151e-06	0.03234399227861682
/work/LAS/jernigan-lab/Ben/ProjectHIV/ProtGOs001/envelopeB62BlastOutUNI.tsv	GO:0005815	59	153585	588	3099283	2.0248232437487808	2.5531252163038224e-06	0.032460434000086795
/work/LAS/jernigan-lab/Ben/ProjectHIV/ProtGOs001/envelopeB62BlastOutUNI.tsv	GO:0007264	49	153585	457	3099283	2.1636764194967126	2.760748018484323e-06	0.03510015030700968
/work/LAS/jernigan-lab/Ben/ProjectHIV/ProtGOs001/envelopeB62BlastOutUNI.tsv	GO:0000151	48	153585	439	3099283	2.2064248960104083	2.7612563538929655e-06	0.03510661328339516
/work/LAS/jernigan-lab/Ben/ProjectHIV/ProtGOs001/envelopeB62BlastOutUNI.tsv	GO:0000386	11	153585	31	3099283	7.160501225023025	2.8439696837665462e-06	0.03615823055940787
/work/LAS/jernigan-lab/Ben/ProjectHIV/ProtGOs001/envelopeB62BlastOutUNI.tsv	GO:0008584	43	153585	379	3099283	2.2895054288691994	2.8784521336045473e-06	0.036596640426648216
/work/LAS/jernigan-lab/Ben/ProjectHIV/ProtGOs001/envelopeB62BlastOutUNI.tsv	GO:0048763	8	153585	13	3099283	12.418211914725246	2.884382345016072e-06	0.03667203713453434
/work/LAS/jernigan-lab/Ben/ProjectHIV/ProtGOs001/envelopeB62BlastOutUNI.tsv	GO:0046905	8	153585	13	3099283	12.418211914725246	2.884382345016072e-06	0.03667203713453434
/work/LAS/jernigan-lab/Ben/ProjectHIV/ProtGOs001/envelopeB62BlastOutUNI.tsv	GO:0030665	21	153585	119	3099283	3.561104887310916	2.908947732457262e-06	0.03698436147046163
/work/LAS/jernigan-lab/Ben/ProjectHIV/ProtGOs001/envelopeB62BlastOutUNI.tsv	GO:0042157	29	153585	207	3099283	2.8270929298619674	2.933014785577573e-06	0.037290349983833265
/work/LAS/jernigan-lab/Ben/ProjectHIV/ProtGOs001/envelopeB62BlastOutUNI.tsv	GO:0060228	14	153585	54	3099283	5.231746686296284	3.0032913316285235e-06	0.038183845990325045
/work/LAS/jernigan-lab/Ben/ProjectHIV/ProtGOs001/envelopeB62BlastOutUNI.tsv	GO:0060021	30	153585	219	3099283	2.7643279947162362	3.0034498342355942e-06	0.038185861192471346
/work/LAS/jernigan-lab/Ben/ProjectHIV/ProtGOs001/envelopeB62BlastOutUNI.tsv	GO:0042632	43	153585	380	3099283	2.2834804145827015	3.024068313410129e-06	0.038448004536696376
/work/LAS/jernigan-lab/Ben/ProjectHIV/ProtGOs001/envelopeB62BlastOutUNI.tsv	GO:0006893	25	153585	162	3099283	3.114134932319217	3.038454366937688e-06	0.038630908821245764
/work/LAS/jernigan-lab/Ben/ProjectHIV/ProtGOs001/envelopeB62BlastOutUNI.tsv	GO:0042383	49	153585	460	3099283	2.149565486326082	3.1215618455236606e-06	0.03968753730398782
/work/LAS/jernigan-lab/Ben/ProjectHIV/ProtGOs001/envelopeB62BlastOutUNI.tsv	GO:0007179	38	153585	314	3099283	2.4421165150773376	3.1780261524995588e-06	0.04040542450287939
/work/LAS/jernigan-lab/Ben/ProjectHIV/ProtGOs001/envelopeB62BlastOutUNI.tsv	GO:0007528	23	153585	141	3099283	3.2917068816514616	3.2719934864853707e-06	0.041600125187175006
/work/LAS/jernigan-lab/Ben/ProjectHIV/ProtGOs001/envelopeB62BlastOutUNI.tsv	GO:0032587	38	153585	315	3099283	2.434363764235822	3.315020456992162e-06	0.042147170090198346
/work/LAS/jernigan-lab/Ben/ProjectHIV/ProtGOs001/envelopeB62BlastOutUNI.tsv	GO:0043021	39	153585	330	3099283	2.384861151805189	3.3724818931043123e-06	0.04287773478892823
/work/LAS/jernigan-lab/Ben/ProjectHIV/ProtGOs001/envelopeB62BlastOutUNI.tsv	GO:0035459	9	153585	19	3099283	9.558755223834565	3.5428159500388316e-06	0.045043361988793704
/work/LAS/jernigan-lab/Ben/ProjectHIV/ProtGOs001/envelopeB62BlastOutUNI.tsv	GO:0031252	33	153585	253	3099283	2.63212100366459	3.5735023666475487e-06	0.045433509089556935
/work/LAS/jernigan-lab/Ben/ProjectHIV/ProtGOs001/envelopeB62BlastOutUNI.tsv	GO:0034440	14	153585	55	3099283	5.136624019272715	3.603837183557276e-06	0.04581918595174721
/work/LAS/jernigan-lab/Ben/ProjectHIV/ProtGOs001/envelopeB62BlastOutUNI.tsv	GO:0071383	14	153585	55	3099283	5.136624019272715	3.603837183557276e-06	0.04581918595174721
/work/LAS/jernigan-lab/Ben/ProjectHIV/ProtGOs001/envelopeB62BlastOutUNI.tsv	GO:0032922	38	153585	317	3099283	2.419005002316353	3.626853672559946e-06	0.04611181759292715
/work/LAS/jernigan-lab/Ben/ProjectHIV/ProtGOs001/envelopeB62BlastOutUNI.tsv	GO:0036312	11	153585	32	3099283	6.936735561741055	3.6579476767899204e-06	0.04650714676270705
/work/LAS/jernigan-lab/Ben/ProjectHIV/ProtGOs001/envelopeB62BlastOutUNI.tsv	GO:0060976	19	153585	101	3099283	3.7961613155162572	3.756878933497589e-06	0.04776495876048835