/work/LAS/jernigan-lab/Ben/ProjectHIV/ProtGOs001/envelopeB62BlastOutUNI.tsv	GO:0044571	80	29815	210	3099283	39.60017568657515	2.53848322264444e-90	1.3380345066558844e-86
/work/LAS/jernigan-lab/Ben/ProjectHIV/ProtGOs001/envelopeB62BlastOutUNI.tsv	GO:0031071	81	29815	300	3099283	28.066624517860138	2.629342801874014e-81	1.3859265908677927e-77
/work/LAS/jernigan-lab/Ben/ProjectHIV/ProtGOs001/envelopeB62BlastOutUNI.tsv	GO:0045277	89	29815	473	3099283	19.559389101006595	3.5501887524821814e-77	1.8713044914333578e-73
/work/LAS/jernigan-lab/Ben/ProjectHIV/ProtGOs001/envelopeB62BlastOutUNI.tsv	GO:0006119	82	29815	417	3099283	20.44109788137962	1.3079093952612634e-72	6.893990422422119e-69
/work/LAS/jernigan-lab/Ben/ProjectHIV/ProtGOs001/envelopeB62BlastOutUNI.tsv	GO:0039505	45	29815	50	3099283	93.55541505953379	2.090247404287286e-64	1.1017694067998284e-60
/work/LAS/jernigan-lab/Ben/ProjectHIV/ProtGOs001/envelopeB62BlastOutUNI.tsv	GO:0009060	100	29815	971	3099283	10.70550578550564	7.993264739524595e-64	4.213249844203414e-60
/work/LAS/jernigan-lab/Ben/ProjectHIV/ProtGOs001/envelopeB62BlastOutUNI.tsv	GO:0046776	45	29815	61	3099283	76.68476644224081	1.2536154936047697e-61	6.607807266790742e-58
/work/LAS/jernigan-lab/Ben/ProjectHIV/ProtGOs001/envelopeB62BlastOutUNI.tsv	GO:0004129	100	29815	1037	3099283	10.02415247610991	2.2470780608579868e-61	1.1844348458782449e-57
/work/LAS/jernigan-lab/Ben/ProjectHIV/ProtGOs001/envelopeB62BlastOutUNI.tsv	GO:0020002	126	29815	2048	3099283	6.395389701335318	3.2441157325447065e-56	1.7099734026243146e-52
/work/LAS/jernigan-lab/Ben/ProjectHIV/ProtGOs001/envelopeB62BlastOutUNI.tsv	GO:0039504	45	29815	90	3099283	51.975230588629884	7.6592537071207065e-56	4.037192629023324e-52
/work/LAS/jernigan-lab/Ben/ProjectHIV/ProtGOs001/envelopeB62BlastOutUNI.tsv	GO:0004533	43	29815	75	3099283	59.5982644082956	2.0003659944023065e-55	1.0543929156494558e-51
/work/LAS/jernigan-lab/Ben/ProjectHIV/ProtGOs001/envelopeB62BlastOutUNI.tsv	GO:0039651	34	29815	43	3099283	82.19338790760075	1.076181370252882e-47	5.672552002602941e-44
/work/LAS/jernigan-lab/Ben/ProjectHIV/ProtGOs001/envelopeB62BlastOutUNI.tsv	GO:0047151	51	29815	256	3099283	20.70888093765722	4.421590734929784e-46	2.330620476381489e-42
/work/LAS/jernigan-lab/Ben/ProjectHIV/ProtGOs001/envelopeB62BlastOutUNI.tsv	GO:0030698	51	29815	256	3099283	20.70888093765722	4.421590734929784e-46	2.330620476381489e-42
/work/LAS/jernigan-lab/Ben/ProjectHIV/ProtGOs001/envelopeB62BlastOutUNI.tsv	GO:0039521	45	29815	176	3099283	26.57824291464028	4.817500040203148e-45	2.5393042711910795e-41
/work/LAS/jernigan-lab/Ben/ProjectHIV/ProtGOs001/envelopeB62BlastOutUNI.tsv	GO:0004654	73	29815	783	3099283	9.691422306436735	2.1779926572210677e-44	1.1480199296212247e-40
/work/LAS/jernigan-lab/Ben/ProjectHIV/ProtGOs001/envelopeB62BlastOutUNI.tsv	GO:0044826	45	29815	192	3099283	24.36338933842026	1.3647596093160702e-43	7.193647900705006e-40
/work/LAS/jernigan-lab/Ben/ProjectHIV/ProtGOs001/envelopeB62BlastOutUNI.tsv	GO:0039657	46	29815	218	3099283	21.934500982357566	1.0131390660451162e-42	5.3402560171238076e-39
/work/LAS/jernigan-lab/Ben/ProjectHIV/ProtGOs001/envelopeB62BlastOutUNI.tsv	GO:0075713	45	29815	203	3099283	23.043205679688125	1.1717899526964656e-42	6.17650484066307e-39
/work/LAS/jernigan-lab/Ben/ProjectHIV/ProtGOs001/envelopeB62BlastOutUNI.tsv	GO:0006396	87	29815	1370	3099283	6.601233666001168	2.225887941952749e-40	1.1732655342032939e-36
/work/LAS/jernigan-lab/Ben/ProjectHIV/ProtGOs001/envelopeB62BlastOutUNI.tsv	GO:0003964	46	29815	326	3099283	14.667856485134815	9.253785664695408e-36	4.8776704238609494e-32
/work/LAS/jernigan-lab/Ben/ProjectHIV/ProtGOs001/envelopeB62BlastOutUNI.tsv	GO:0072494	34	29815	147	3099283	24.04296380970634	3.582898195632321e-33	1.8885456389177966e-29
/work/LAS/jernigan-lab/Ben/ProjectHIV/ProtGOs001/envelopeB62BlastOutUNI.tsv	GO:0017124	50	29815	517	3099283	10.053236090644079	1.229670909327532e-31	6.481595363065421e-28
/work/LAS/jernigan-lab/Ben/ProjectHIV/ProtGOs001/envelopeB62BlastOutUNI.tsv	GO:0044178	46	29815	435	3099283	10.992462561273447	8.954063123985219e-31	4.719686672652609e-27
/work/LAS/jernigan-lab/Ben/ProjectHIV/ProtGOs001/envelopeB62BlastOutUNI.tsv	GO:0015074	47	29815	474	3099283	10.307324209559512	2.8117592831171587e-30	1.4820783181310543e-26
/work/LAS/jernigan-lab/Ben/ProjectHIV/ProtGOs001/envelopeB62BlastOutUNI.tsv	GO:0039579	25	29815	70	3099283	37.125164706164206	8.814824387270465e-29	4.646293934530262e-25
/work/LAS/jernigan-lab/Ben/ProjectHIV/ProtGOs001/envelopeB62BlastOutUNI.tsv	GO:0051537	89	29815	2202	3099283	4.201449157482343	1.5810162563055809e-27	8.333536686986717e-24
/work/LAS/jernigan-lab/Ben/ProjectHIV/ProtGOs001/envelopeB62BlastOutUNI.tsv	GO:0006402	74	29815	1582	3099283	4.862410952665754	9.219331722312662e-27	4.859509750831004e-23
/work/LAS/jernigan-lab/Ben/ProjectHIV/ProtGOs001/envelopeB62BlastOutUNI.tsv	GO:0006351	148	29815	5833	3099283	2.6375224162925504	4.7368999031124344e-24	2.4968199389305643e-20
/work/LAS/jernigan-lab/Ben/ProjectHIV/ProtGOs001/envelopeB62BlastOutUNI.tsv	GO:0003910	29	29815	193	3099283	15.619499347878412	7.749347064866408e-24	4.0846808378910837e-20
/work/LAS/jernigan-lab/Ben/ProjectHIV/ProtGOs001/envelopeB62BlastOutUNI.tsv	GO:0051103	28	29815	179	3099283	16.260407334990354	1.7068000661750508e-23	8.996543148808692e-20
/work/LAS/jernigan-lab/Ben/ProjectHIV/ProtGOs001/envelopeB62BlastOutUNI.tsv	GO:0003887	60	29815	1225	3099283	5.091451159702519	5.80526964904679e-23	3.0599576320125633e-19
/work/LAS/jernigan-lab/Ben/ProjectHIV/ProtGOs001/envelopeB62BlastOutUNI.tsv	GO:0075732	44	29815	636	3099283	7.19154133930728	1.2428780206525036e-22	6.551210046859346e-19
/work/LAS/jernigan-lab/Ben/ProjectHIV/ProtGOs001/envelopeB62BlastOutUNI.tsv	GO:0003968	54	29815	1027	3099283	5.465749662679676	3.7610674388447223e-22	1.9824586470150533e-18
/work/LAS/jernigan-lab/Ben/ProjectHIV/ProtGOs001/envelopeB62BlastOutUNI.tsv	GO:0020037	151	29815	6337	3099283	2.4769638058649557	5.276361443596485e-22	2.7811701169197074e-18
/work/LAS/jernigan-lab/Ben/ProjectHIV/ProtGOs001/envelopeB62BlastOutUNI.tsv	GO:0019013	49	29815	855	3099283	5.95739485109442	9.990381248133507e-22	5.265929955891171e-18
/work/LAS/jernigan-lab/Ben/ProjectHIV/ProtGOs001/envelopeB62BlastOutUNI.tsv	GO:0002161	83	29815	2398	3099283	3.5979517421653715	1.0192027848858805e-21	5.3722178791334764e-18
/work/LAS/jernigan-lab/Ben/ProjectHIV/ProtGOs001/envelopeB62BlastOutUNI.tsv	GO:0032549	50	29815	953	3099283	5.453854206571866	1.3455578929144552e-20	7.092435653552094e-17
/work/LAS/jernigan-lab/Ben/ProjectHIV/ProtGOs001/envelopeB62BlastOutUNI.tsv	GO:0009653	32	29815	372	3099283	8.941975155033099	1.8787472215092383e-19	9.902876604575194e-16
/work/LAS/jernigan-lab/Ben/ProjectHIV/ProtGOs001/envelopeB62BlastOutUNI.tsv	GO:0005751	22	29815	147	3099283	15.55721187686881	1.9953781005252036e-18	1.0517637967868348e-14
/work/LAS/jernigan-lab/Ben/ProjectHIV/ProtGOs001/envelopeB62BlastOutUNI.tsv	GO:0004190	50	29815	1096	3099283	4.7422655646560115	3.2386527385987666e-18	1.70709385851541e-14
/work/LAS/jernigan-lab/Ben/ProjectHIV/ProtGOs001/envelopeB62BlastOutUNI.tsv	GO:0031177	36	29815	546	3099283	6.853876561138007	3.422095752769256e-18	1.803786671284675e-14
/work/LAS/jernigan-lab/Ben/ProjectHIV/ProtGOs001/envelopeB62BlastOutUNI.tsv	GO:0008694	22	29815	152	3099283	15.045461486182335	3.779140552137148e-18	1.991984985031491e-14
/work/LAS/jernigan-lab/Ben/ProjectHIV/ProtGOs001/envelopeB62BlastOutUNI.tsv	GO:0030683	27	29815	275	3099283	10.206045279221868	5.500306560997411e-18	2.899211588301736e-14
/work/LAS/jernigan-lab/Ben/ProjectHIV/ProtGOs001/envelopeB62BlastOutUNI.tsv	GO:0006428	36	29815	581	3099283	6.44099243094897	2.1577749213593348e-17	1.1373631610485053e-13
/work/LAS/jernigan-lab/Ben/ProjectHIV/ProtGOs001/envelopeB62BlastOutUNI.tsv	GO:0004822	36	29815	583	3099283	6.418896402026332	2.387990336741329e-17	1.2587097064963545e-13
/work/LAS/jernigan-lab/Ben/ProjectHIV/ProtGOs001/envelopeB62BlastOutUNI.tsv	GO:0044220	25	29815	241	3099283	10.783242860711594	2.776086205680624e-17	1.463275039014257e-13
/work/LAS/jernigan-lab/Ben/ProjectHIV/ProtGOs001/envelopeB62BlastOutUNI.tsv	GO:0048384	18	29815	92	3099283	20.338133708594302	3.651407835745272e-17	1.9246570702213327e-13
/work/LAS/jernigan-lab/Ben/ProjectHIV/ProtGOs001/envelopeB62BlastOutUNI.tsv	GO:0019012	63	29815	1825	3099283	3.5884268789958167	7.585611735817201e-17	3.9983759459492467e-13
/work/LAS/jernigan-lab/Ben/ProjectHIV/ProtGOs001/envelopeB62BlastOutUNI.tsv	GO:0008733	19	29815	115	3099283	17.174424020590745	7.915394306389826e-17	4.172204338898077e-13
/work/LAS/jernigan-lab/Ben/ProjectHIV/ProtGOs001/envelopeB62BlastOutUNI.tsv	GO:0039520	25	29815	272	3099283	9.554270328792258	3.724561010660872e-16	1.9632161087193455e-12
/work/LAS/jernigan-lab/Ben/ProjectHIV/ProtGOs001/envelopeB62BlastOutUNI.tsv	GO:0039595	15	29815	61	3099283	25.56158881408027	7.99484156030722e-16	4.2140809864379356e-12
/work/LAS/jernigan-lab/Ben/ProjectHIV/ProtGOs001/envelopeB62BlastOutUNI.tsv	GO:0046718	50	29815	1280	3099283	4.0605648897367095	1.1556490707093279e-15	6.091426251708867e-12
/work/LAS/jernigan-lab/Ben/ProjectHIV/ProtGOs001/envelopeB62BlastOutUNI.tsv	GO:0030170	115	29815	5132	3099283	2.329365361532516	2.3796745662794774e-15	1.2543264638859125e-11
/work/LAS/jernigan-lab/Ben/ProjectHIV/ProtGOs001/envelopeB62BlastOutUNI.tsv	GO:0039694	42	29815	935	3099283	4.669432480689744	2.3987872715614884e-15	1.2644007708400605e-11
/work/LAS/jernigan-lab/Ben/ProjectHIV/ProtGOs001/envelopeB62BlastOutUNI.tsv	GO:0004197	40	29815	885	3099283	4.698325928915696	8.93581647310246e-15	4.710068862972307e-11
/work/LAS/jernigan-lab/Ben/ProjectHIV/ProtGOs001/envelopeB62BlastOutUNI.tsv	GO:0016793	18	29815	134	3099283	13.963494785005043	1.2868380232558856e-14	6.782923220581773e-11
/work/LAS/jernigan-lab/Ben/ProjectHIV/ProtGOs001/envelopeB62BlastOutUNI.tsv	GO:0030154	84	29815	3315	3099283	2.6340388352608812	2.8734887476410296e-14	1.5146159188815867e-10
/work/LAS/jernigan-lab/Ben/ProjectHIV/ProtGOs001/envelopeB62BlastOutUNI.tsv	GO:0039648	17	29815	121	3099283	14.60461024804476	3.562193142881251e-14	1.8776320056127073e-10
/work/LAS/jernigan-lab/Ben/ProjectHIV/ProtGOs001/envelopeB62BlastOutUNI.tsv	GO:0052734	12	29815	37	3099283	33.71366308451668	3.7364889378573605e-14	1.9695033191446147e-10
/work/LAS/jernigan-lab/Ben/ProjectHIV/ProtGOs001/envelopeB62BlastOutUNI.tsv	GO:0052733	12	29815	37	3099283	33.71366308451668	3.7364889378573605e-14	1.9695033191446147e-10
/work/LAS/jernigan-lab/Ben/ProjectHIV/ProtGOs001/envelopeB62BlastOutUNI.tsv	GO:0003899	98	29815	4213	3099283	2.4180263933946016	3.942752327513798e-14	2.0782247518325227e-10
/work/LAS/jernigan-lab/Ben/ProjectHIV/ProtGOs001/envelopeB62BlastOutUNI.tsv	GO:0071897	29	29815	481	3099283	6.267283522121691	4.8852782407343915e-14	2.575030160691098e-10
/work/LAS/jernigan-lab/Ben/ProjectHIV/ProtGOs001/envelopeB62BlastOutUNI.tsv	GO:0030266	12	29815	42	3099283	29.700131764931363	1.3291824661978732e-13	7.006120779328989e-10
/work/LAS/jernigan-lab/Ben/ProjectHIV/ProtGOs001/envelopeB62BlastOutUNI.tsv	GO:0005750	17	29815	136	3099283	12.993807647157471	1.996508984005073e-13	1.052359885469074e-09
/work/LAS/jernigan-lab/Ben/ProjectHIV/ProtGOs001/envelopeB62BlastOutUNI.tsv	GO:0039644	16	29815	118	3099283	14.094977786747087	3.261424151092224e-13	1.7190966700407112e-09
/work/LAS/jernigan-lab/Ben/ProjectHIV/ProtGOs001/envelopeB62BlastOutUNI.tsv	GO:0016020	158	29815	8665	3099283	1.8954613809586893	4.293495599119031e-13	2.263101530295641e-09
/work/LAS/jernigan-lab/Ben/ProjectHIV/ProtGOs001/envelopeB62BlastOutUNI.tsv	GO:0019082	18	29815	170	3099283	11.006519418768681	5.247165064266218e-13	2.7657807053747232e-09
/work/LAS/jernigan-lab/Ben/ProjectHIV/ProtGOs001/envelopeB62BlastOutUNI.tsv	GO:0042372	14	29815	83	3099283	17.533812728694418	6.803839200359916e-13	3.586303642509712e-09
/work/LAS/jernigan-lab/Ben/ProjectHIV/ProtGOs001/envelopeB62BlastOutUNI.tsv	GO:0002068	8	29815	8	3099283	103.95046117725977	8.178499243324449e-13	4.310886951156317e-09
/work/LAS/jernigan-lab/Ben/ProjectHIV/ProtGOs001/envelopeB62BlastOutUNI.tsv	GO:0019569	19	29815	218	3099283	9.05990257966943	2.8718139072833014e-12	1.5137331105290283e-08
/work/LAS/jernigan-lab/Ben/ProjectHIV/ProtGOs001/envelopeB62BlastOutUNI.tsv	GO:0004523	47	29815	1443	3099283	3.3857738567783846	3.780551385316118e-12	1.992728635200126e-08
/work/LAS/jernigan-lab/Ben/ProjectHIV/ProtGOs001/envelopeB62BlastOutUNI.tsv	GO:0052884	8	29815	11	3099283	75.60033540164346	4.6820819647161305e-12	2.4679254036018723e-08
/work/LAS/jernigan-lab/Ben/ProjectHIV/ProtGOs001/envelopeB62BlastOutUNI.tsv	GO:0044172	17	29815	170	3099283	10.395046117725977	5.296987617146011e-12	2.7920421729976627e-08
/work/LAS/jernigan-lab/Ben/ProjectHIV/ProtGOs001/envelopeB62BlastOutUNI.tsv	GO:0052885	8	29815	12	3099283	69.30030745150651	7.737436244028012e-12	4.078402644227165e-08
/work/LAS/jernigan-lab/Ben/ProjectHIV/ProtGOs001/envelopeB62BlastOutUNI.tsv	GO:1901827	8	29815	12	3099283	69.30030745150651	7.737436244028012e-12	4.078402644227165e-08
/work/LAS/jernigan-lab/Ben/ProjectHIV/ProtGOs001/envelopeB62BlastOutUNI.tsv	GO:0005525	228	29815	14627	3099283	1.6203394509069	1.9257745327008365e-11	1.0150757561866109e-07
/work/LAS/jernigan-lab/Ben/ProjectHIV/ProtGOs001/envelopeB62BlastOutUNI.tsv	GO:0004591	14	29815	111	3099283	13.110868977312043	2.32283000132104e-11	1.22436369369632e-07
/work/LAS/jernigan-lab/Ben/ProjectHIV/ProtGOs001/envelopeB62BlastOutUNI.tsv	GO:0016874	26	29815	519	3099283	5.207537554159449	4.627732195074931e-11	2.439277640023996e-07
/work/LAS/jernigan-lab/Ben/ProjectHIV/ProtGOs001/envelopeB62BlastOutUNI.tsv	GO:0004843	29	29815	672	3099283	4.485957401994841	1.0710393254146963e-10	5.645448284260864e-07
/work/LAS/jernigan-lab/Ben/ProjectHIV/ProtGOs001/envelopeB62BlastOutUNI.tsv	GO:0003723	273	29815	18668	3099283	1.5201669113666123	1.293849165635134e-10	6.819878952062791e-07
/work/LAS/jernigan-lab/Ben/ProjectHIV/ProtGOs001/envelopeB62BlastOutUNI.tsv	GO:0039502	30	29815	731	3099283	4.266092797972357	1.6291613487008825e-10	8.587309469002351e-07
/work/LAS/jernigan-lab/Ben/ProjectHIV/ProtGOs001/envelopeB62BlastOutUNI.tsv	GO:0044205	71	29815	3108	3099283	2.374672697421314	1.9499994277627543e-10	1.0278446983737479e-06
/work/LAS/jernigan-lab/Ben/ProjectHIV/ProtGOs001/envelopeB62BlastOutUNI.tsv	GO:0004744	7	29815	11	3099283	66.15029347643804	2.0715168868966116e-10	1.091896551083204e-06
/work/LAS/jernigan-lab/Ben/ProjectHIV/ProtGOs001/envelopeB62BlastOutUNI.tsv	GO:0003724	51	29815	1900	3099283	2.790249221073815	3.545920858231835e-10	1.8690548843740003e-06
/work/LAS/jernigan-lab/Ben/ProjectHIV/ProtGOs001/envelopeB62BlastOutUNI.tsv	GO:0070204	18	29815	263	3099283	7.1144802326641665	4.178010670032287e-10	2.2022294241740185e-06
/work/LAS/jernigan-lab/Ben/ProjectHIV/ProtGOs001/envelopeB62BlastOutUNI.tsv	GO:0030976	37	29815	1123	3099283	3.4249038856265464	4.97939156057315e-10	2.6246372915781073e-06
/work/LAS/jernigan-lab/Ben/ProjectHIV/ProtGOs001/envelopeB62BlastOutUNI.tsv	GO:0050660	73	29815	3334	3099283	2.2760598878044283	8.98048527387846e-10	4.733613787861336e-06
/work/LAS/jernigan-lab/Ben/ProjectHIV/ProtGOs001/envelopeB62BlastOutUNI.tsv	GO:0015990	17	29815	243	3099283	7.272254485651918	9.242578383254203e-10	4.87176306581329e-06
/work/LAS/jernigan-lab/Ben/ProjectHIV/ProtGOs001/envelopeB62BlastOutUNI.tsv	GO:0019904	37	29815	1179	3099283	3.2622282133660825	1.7454028098924112e-09	9.200018210942899e-06
/work/LAS/jernigan-lab/Ben/ProjectHIV/ProtGOs001/envelopeB62BlastOutUNI.tsv	GO:0008174	13	29815	133	3099283	10.160571393265993	2.089089000026809e-09	1.101158811914131e-05
/work/LAS/jernigan-lab/Ben/ProjectHIV/ProtGOs001/envelopeB62BlastOutUNI.tsv	GO:0003871	18	29815	298	3099283	6.2788869167472345	2.6858809631156212e-09	1.415727855658244e-05
/work/LAS/jernigan-lab/Ben/ProjectHIV/ProtGOs001/envelopeB62BlastOutUNI.tsv	GO:0050418	14	29815	165	3099283	8.820039130191738	2.7702770118023064e-09	1.4602130129209957e-05
/work/LAS/jernigan-lab/Ben/ProjectHIV/ProtGOs001/envelopeB62BlastOutUNI.tsv	GO:0008134	44	29815	1609	3099283	2.8426477885639714	3.1765918557845566e-09	1.67438156718404e-05
/work/LAS/jernigan-lab/Ben/ProjectHIV/ProtGOs001/envelopeB62BlastOutUNI.tsv	GO:0003678	36	29815	1157	3099283	3.234413658065127	3.5380500765221093e-09	1.8649061953348038e-05
/work/LAS/jernigan-lab/Ben/ProjectHIV/ProtGOs001/envelopeB62BlastOutUNI.tsv	GO:0006123	15	29815	200	3099283	7.7962845882944825	3.6574308076984985e-09	1.9278317787378786e-05
/work/LAS/jernigan-lab/Ben/ProjectHIV/ProtGOs001/envelopeB62BlastOutUNI.tsv	GO:0016168	35	29815	1111	3099283	3.2747670037840613	4.2753370416096615e-09	2.2535301546324525e-05
/work/LAS/jernigan-lab/Ben/ProjectHIV/ProtGOs001/envelopeB62BlastOutUNI.tsv	GO:0016462	26	29815	653	3099283	4.138915758972058	4.659460470430174e-09	2.456001613963745e-05
/work/LAS/jernigan-lab/Ben/ProjectHIV/ProtGOs001/envelopeB62BlastOutUNI.tsv	GO:0008776	19	29815	349	3099283	5.659194161512709	4.9178321868367805e-09	2.592189345681667e-05
/work/LAS/jernigan-lab/Ben/ProjectHIV/ProtGOs001/envelopeB62BlastOutUNI.tsv	GO:0042025	75	29815	3656	3099283	2.132462961787331	5.698959548914086e-09	3.003921578232615e-05
/work/LAS/jernigan-lab/Ben/ProjectHIV/ProtGOs001/envelopeB62BlastOutUNI.tsv	GO:0003922	26	29815	664	3099283	4.070349383446919	6.450487870304751e-09	3.400052156437634e-05
/work/LAS/jernigan-lab/Ben/ProjectHIV/ProtGOs001/envelopeB62BlastOutUNI.tsv	GO:0035315	7	29815	21	3099283	34.650153725753256	7.0893571276051804e-09	3.73680014196069e-05
/work/LAS/jernigan-lab/Ben/ProjectHIV/ProtGOs001/envelopeB62BlastOutUNI.tsv	GO:0008168	39	29815	1373	3099283	2.9527079285601827	8.981725042757347e-09	4.7342672700373976e-05
/work/LAS/jernigan-lab/Ben/ProjectHIV/ProtGOs001/envelopeB62BlastOutUNI.tsv	GO:0046872	681	29815	56162	3099283	1.2604655115863734	9.300364524820012e-09	4.9022221410326284e-05
/work/LAS/jernigan-lab/Ben/ProjectHIV/ProtGOs001/envelopeB62BlastOutUNI.tsv	GO:0006643	7	29815	23	3099283	31.637096880035582	1.198734371981127e-08	6.318528874712521e-05
/work/LAS/jernigan-lab/Ben/ProjectHIV/ProtGOs001/envelopeB62BlastOutUNI.tsv	GO:0016805	13	29815	157	3099283	8.607363027416413	1.3237461178533362e-08	6.977465787204936e-05
/work/LAS/jernigan-lab/Ben/ProjectHIV/ProtGOs001/envelopeB62BlastOutUNI.tsv	GO:0005743	102	29815	5684	3099283	1.8654023645461817	1.3773052142548378e-08	7.25977578433725e-05
/work/LAS/jernigan-lab/Ben/ProjectHIV/ProtGOs001/envelopeB62BlastOutUNI.tsv	GO:0008384	6	29815	13	3099283	47.977135927966046	1.826487035184912e-08	9.62741316245967e-05
/work/LAS/jernigan-lab/Ben/ProjectHIV/ProtGOs001/envelopeB62BlastOutUNI.tsv	GO:0000734	7	29815	25	3099283	29.106129129632734	1.9490938875273746e-08	0.00010273673881156791
/work/LAS/jernigan-lab/Ben/ProjectHIV/ProtGOs001/envelopeB62BlastOutUNI.tsv	GO:0003417	7	29815	25	3099283	29.106129129632734	1.9490938875273746e-08	0.00010273673881156791
/work/LAS/jernigan-lab/Ben/ProjectHIV/ProtGOs001/envelopeB62BlastOutUNI.tsv	GO:0005198	70	29815	3406	3099283	2.136386459896707	2.1598460282765168e-08	0.0001138454841504552
/work/LAS/jernigan-lab/Ben/ProjectHIV/ProtGOs001/envelopeB62BlastOutUNI.tsv	GO:0097550	9	29815	60	3099283	15.592569176588965	2.1941264357821276e-08	0.00011565240443007595
/work/LAS/jernigan-lab/Ben/ProjectHIV/ProtGOs001/envelopeB62BlastOutUNI.tsv	GO:0006286	7	29815	26	3099283	27.98666262464686	2.4532895117313145e-08	0.00012931289016335757
/work/LAS/jernigan-lab/Ben/ProjectHIV/ProtGOs001/envelopeB62BlastOutUNI.tsv	GO:0004329	17	29815	313	3099283	5.645871693333597	3.1883208167493865e-08	0.00016805639025086017
/work/LAS/jernigan-lab/Ben/ProjectHIV/ProtGOs001/envelopeB62BlastOutUNI.tsv	GO:0009405	114	29815	6711	3099283	1.7658102479820614	3.224663675345555e-08	0.00016997202232746418
/work/LAS/jernigan-lab/Ben/ProjectHIV/ProtGOs001/envelopeB62BlastOutUNI.tsv	GO:0008270	312	29815	23236	3099283	1.3957885990404995	3.2707365587338274e-08	0.00017240052401086003
/work/LAS/jernigan-lab/Ben/ProjectHIV/ProtGOs001/envelopeB62BlastOutUNI.tsv	GO:0004879	18	29815	382	3099283	4.898189270132659	9.76805638482006e-08	0.0005148742520438654
/work/LAS/jernigan-lab/Ben/ProjectHIV/ProtGOs001/envelopeB62BlastOutUNI.tsv	GO:0006085	19	29815	426	3099283	4.636288174572619	9.873494302998558e-08	0.000520431884711054
/work/LAS/jernigan-lab/Ben/ProjectHIV/ProtGOs001/envelopeB62BlastOutUNI.tsv	GO:0000112	7	29815	33	3099283	22.050097825479344	1.0099128157080909e-07	0.0005323250451597347
/work/LAS/jernigan-lab/Ben/ProjectHIV/ProtGOs001/envelopeB62BlastOutUNI.tsv	GO:0009522	32	29815	1098	3099283	3.0295216372243283	1.0407849520945857e-07	0.0005485977482490561
/work/LAS/jernigan-lab/Ben/ProjectHIV/ProtGOs001/envelopeB62BlastOutUNI.tsv	GO:0004832	17	29815	342	3099283	5.167128187173732	1.0658103078683315e-07	0.0005617886132773975
/work/LAS/jernigan-lab/Ben/ProjectHIV/ProtGOs001/envelopeB62BlastOutUNI.tsv	GO:0006438	17	29815	342	3099283	5.167128187173732	1.0658103078683315e-07	0.0005617886132773975
/work/LAS/jernigan-lab/Ben/ProjectHIV/ProtGOs001/envelopeB62BlastOutUNI.tsv	GO:0033683	9	29815	74	3099283	12.642623656693756	1.1288117509327841e-07	0.0005949966739166705
/work/LAS/jernigan-lab/Ben/ProjectHIV/ProtGOs001/envelopeB62BlastOutUNI.tsv	GO:0035753	7	29815	35	3099283	20.790092235451954	1.4372410825087532e-07	0.0007575697745903638
/work/LAS/jernigan-lab/Ben/ProjectHIV/ProtGOs001/envelopeB62BlastOutUNI.tsv	GO:0009755	15	29815	274	3099283	5.690718677587213	1.8231450562632015e-07	0.0009609797591563335
/work/LAS/jernigan-lab/Ben/ProjectHIV/ProtGOs001/envelopeB62BlastOutUNI.tsv	GO:0035032	6	29815	21	3099283	29.700131764931363	1.8664856720501631e-07	0.000983824597737641
/work/LAS/jernigan-lab/Ben/ProjectHIV/ProtGOs001/envelopeB62BlastOutUNI.tsv	GO:0043565	72	29815	3792	3099283	1.9737429337454386	2.0469142732408762e-07	0.001078928513425266
/work/LAS/jernigan-lab/Ben/ProjectHIV/ProtGOs001/envelopeB62BlastOutUNI.tsv	GO:0003727	15	29815	285	3099283	5.471076904066304	2.9360077727203717e-07	0.0015475696970009079
/work/LAS/jernigan-lab/Ben/ProjectHIV/ProtGOs001/envelopeB62BlastOutUNI.tsv	GO:0055012	6	29815	23	3099283	27.11751161145907	2.946675857050248e-07	0.0015531928442511858
/work/LAS/jernigan-lab/Ben/ProjectHIV/ProtGOs001/envelopeB62BlastOutUNI.tsv	GO:0060534	5	29815	11	3099283	47.250209626027164	3.144341876562398e-07	0.00165738260313604
/work/LAS/jernigan-lab/Ben/ProjectHIV/ProtGOs001/envelopeB62BlastOutUNI.tsv	GO:0048048	7	29815	40	3099283	18.19133070602046	3.2137671831424604e-07	0.0016939766822343908
/work/LAS/jernigan-lab/Ben/ProjectHIV/ProtGOs001/envelopeB62BlastOutUNI.tsv	GO:0001302	10	29815	112	3099283	9.281291176541052	3.226625978328421e-07	0.0017007545531769106
/work/LAS/jernigan-lab/Ben/ProjectHIV/ProtGOs001/envelopeB62BlastOutUNI.tsv	GO:1901612	8	29815	61	3099283	13.632847367509477	3.3905772370718084e-07	0.0017871732616605502
/work/LAS/jernigan-lab/Ben/ProjectHIV/ProtGOs001/envelopeB62BlastOutUNI.tsv	GO:0004037	7	29815	42	3099283	17.325076862876628	4.3170327558610906e-07	0.002275507965614381
/work/LAS/jernigan-lab/Ben/ProjectHIV/ProtGOs001/envelopeB62BlastOutUNI.tsv	GO:0006082	19	29815	475	3099283	4.158018447090391	4.81128994904987e-07	0.0025360309321441864
/work/LAS/jernigan-lab/Ben/ProjectHIV/ProtGOs001/envelopeB62BlastOutUNI.tsv	GO:0045162	6	29815	26	3099283	23.988567963983023	5.485279316536932e-07	0.0028912907277466172
/work/LAS/jernigan-lab/Ben/ProjectHIV/ProtGOs001/envelopeB62BlastOutUNI.tsv	GO:0051597	7	29815	44	3099283	16.53757336910951	5.722334329178577e-07	0.003016242424910028
/work/LAS/jernigan-lab/Ben/ProjectHIV/ProtGOs001/envelopeB62BlastOutUNI.tsv	GO:0050439	5	29815	13	3099283	39.98094660663837	6.070428145131037e-07	0.0031997226752985696
/work/LAS/jernigan-lab/Ben/ProjectHIV/ProtGOs001/envelopeB62BlastOutUNI.tsv	GO:0015116	10	29815	121	3099283	8.590947204732212	6.248092208670735e-07	0.0032933694031903444
/work/LAS/jernigan-lab/Ben/ProjectHIV/ProtGOs001/envelopeB62BlastOutUNI.tsv	GO:0004764	21	29815	584	3099283	3.7379446656206423	6.529697705046504e-07	0.0034418036603300127
/work/LAS/jernigan-lab/Ben/ProjectHIV/ProtGOs001/envelopeB62BlastOutUNI.tsv	GO:0033270	7	29815	45	3099283	16.170071738684854	6.557665343203352e-07	0.003456545402402487
/work/LAS/jernigan-lab/Ben/ProjectHIV/ProtGOs001/envelopeB62BlastOutUNI.tsv	GO:0034349	6	29815	27	3099283	23.100102483835503	6.649712793768039e-07	0.003505063613595133
/work/LAS/jernigan-lab/Ben/ProjectHIV/ProtGOs001/envelopeB62BlastOutUNI.tsv	GO:0006207	50	29815	2346	3099283	2.215482974792408	7.70622783063597e-07	0.00406195268952822
/work/LAS/jernigan-lab/Ben/ProjectHIV/ProtGOs001/envelopeB62BlastOutUNI.tsv	GO:0060740	6	29815	28	3099283	22.27509882369852	8.009001481855194e-07	0.004221544681085873
/work/LAS/jernigan-lab/Ben/ProjectHIV/ProtGOs001/envelopeB62BlastOutUNI.tsv	GO:0008683	5	29815	14	3099283	37.125164706164206	8.173206500592301e-07	0.004308097146462202
/work/LAS/jernigan-lab/Ben/ProjectHIV/ProtGOs001/envelopeB62BlastOutUNI.tsv	GO:0004510	5	29815	14	3099283	37.125164706164206	8.173206500592301e-07	0.004308097146462202
/work/LAS/jernigan-lab/Ben/ProjectHIV/ProtGOs001/envelopeB62BlastOutUNI.tsv	GO:0097453	4	29815	5	3099283	83.16036894180782	9.99929942182626e-07	0.005270630725244621
/work/LAS/jernigan-lab/Ben/ProjectHIV/ProtGOs001/envelopeB62BlastOutUNI.tsv	GO:0044208	26	29815	874	3099283	3.0923478153418236	1.0669566018736473e-06	0.005623928248475994
/work/LAS/jernigan-lab/Ben/ProjectHIV/ProtGOs001/envelopeB62BlastOutUNI.tsv	GO:0050251	5	29815	15	3099283	34.650153725753256	1.0811342023042836e-06	0.005698658380345879
/work/LAS/jernigan-lab/Ben/ProjectHIV/ProtGOs001/envelopeB62BlastOutUNI.tsv	GO:0002089	7	29815	51	3099283	14.267710357663105	1.402043180683829e-06	0.007390169605384462
/work/LAS/jernigan-lab/Ben/ProjectHIV/ProtGOs001/envelopeB62BlastOutUNI.tsv	GO:0003985	8	29815	76	3099283	10.942153808132607	1.5575006907939704e-06	0.008209586141175017
/work/LAS/jernigan-lab/Ben/ProjectHIV/ProtGOs001/envelopeB62BlastOutUNI.tsv	GO:0035770	7	29815	52	3099283	13.99333131232343	1.5776073150338096e-06	0.00831556815754321
/work/LAS/jernigan-lab/Ben/ProjectHIV/ProtGOs001/envelopeB62BlastOutUNI.tsv	GO:0052085	4	29815	6	3099283	69.30030745150651	1.653864697893935e-06	0.008717520822598931
/work/LAS/jernigan-lab/Ben/ProjectHIV/ProtGOs001/envelopeB62BlastOutUNI.tsv	GO:0004527	15	29815	334	3099283	4.6684338852062774	1.935228303428752e-06	0.010200588387372951
/work/LAS/jernigan-lab/Ben/ProjectHIV/ProtGOs001/envelopeB62BlastOutUNI.tsv	GO:0070306	7	29815	54	3099283	13.475059782237377	1.98421922034485e-06	0.010458819510437704
/work/LAS/jernigan-lab/Ben/ProjectHIV/ProtGOs001/envelopeB62BlastOutUNI.tsv	GO:0030145	75	29815	4261	3099283	1.8296842497757528	2.1487284581174906e-06	0.011325947702737293
/work/LAS/jernigan-lab/Ben/ProjectHIV/ProtGOs001/envelopeB62BlastOutUNI.tsv	GO:0004160	20	29815	581	3099283	3.5783291283049836	2.2420506286648846e-06	0.011817848863692606
/work/LAS/jernigan-lab/Ben/ProjectHIV/ProtGOs001/envelopeB62BlastOutUNI.tsv	GO:0000717	6	29815	35	3099283	17.820079058958818	2.529012977961109e-06	0.013330427406833005
/work/LAS/jernigan-lab/Ben/ProjectHIV/ProtGOs001/envelopeB62BlastOutUNI.tsv	GO:0045225	4	29815	7	3099283	59.40026352986273	2.57915448590808e-06	0.013594723295221491
/work/LAS/jernigan-lab/Ben/ProjectHIV/ProtGOs001/envelopeB62BlastOutUNI.tsv	GO:0047485	16	29815	389	3099283	4.275597374900145	2.644964079636903e-06	0.013941605663766116
/work/LAS/jernigan-lab/Ben/ProjectHIV/ProtGOs001/envelopeB62BlastOutUNI.tsv	GO:0000794	11	29815	182	3099283	6.282720181043173	3.1227442516891353e-06	0.01645998495065343
/work/LAS/jernigan-lab/Ben/ProjectHIV/ProtGOs001/envelopeB62BlastOutUNI.tsv	GO:0009411	13	29815	274	3099283	4.9319561872422515	5.203015196230672e-06	0.027425093099331874
/work/LAS/jernigan-lab/Ben/ProjectHIV/ProtGOs001/envelopeB62BlastOutUNI.tsv	GO:0007412	5	29815	22	3099283	23.625104813013582	5.325157362809012e-06	0.0280689044593663
/work/LAS/jernigan-lab/Ben/ProjectHIV/ProtGOs001/envelopeB62BlastOutUNI.tsv	GO:0004056	20	29815	621	3099283	3.347840939686305	5.796667009144141e-06	0.03055423180519877
/work/LAS/jernigan-lab/Ben/ProjectHIV/ProtGOs001/envelopeB62BlastOutUNI.tsv	GO:1903799	6	29815	42	3099283	14.850065882465682	6.519544572205091e-06	0.034364519440093035
/work/LAS/jernigan-lab/Ben/ProjectHIV/ProtGOs001/envelopeB62BlastOutUNI.tsv	GO:0033785	11	29815	199	3099283	5.746005391707826	6.986529394784255e-06	0.036825996439907804
/work/LAS/jernigan-lab/Ben/ProjectHIV/ProtGOs001/envelopeB62BlastOutUNI.tsv	GO:0033786	11	29815	199	3099283	5.746005391707826	6.986529394784255e-06	0.036825996439907804
/work/LAS/jernigan-lab/Ben/ProjectHIV/ProtGOs001/envelopeB62BlastOutUNI.tsv	GO:0039548	9	29815	127	3099283	7.366568114923921	7.312157259210788e-06	0.03854238091330006
/work/LAS/jernigan-lab/Ben/ProjectHIV/ProtGOs001/envelopeB62BlastOutUNI.tsv	GO:0008385	5	29815	24	3099283	21.656346078595785	7.71010181376715e-06	0.040639946660366646
/work/LAS/jernigan-lab/Ben/ProjectHIV/ProtGOs001/envelopeB62BlastOutUNI.tsv	GO:0055036	46	29815	2272	3099283	2.104630816088886	8.008769124667336e-06	0.04221422205612153
/work/LAS/jernigan-lab/Ben/ProjectHIV/ProtGOs001/envelopeB62BlastOutUNI.tsv	GO:0004614	7	29815	68	3099283	10.700782768247329	8.036578728878524e-06	0.0423608064799187
/work/LAS/jernigan-lab/Ben/ProjectHIV/ProtGOs001/envelopeB62BlastOutUNI.tsv	GO:0004427	14	29815	334	3099283	4.357204959525858	8.866965438822883e-06	0.04673777482803542