/work/LAS/jernigan-lab/Ben/ProjectHIV/ProtGOs001/envelopeB62BlastOutUNI.tsv	GO:0019058	62	24218	182	3099283	43.59566038883076	2.5480976284379575e-73	1.3117606591198604e-69
/work/LAS/jernigan-lab/Ben/ProjectHIV/ProtGOs001/envelopeB62BlastOutUNI.tsv	GO:0045127	28	24218	77	3099283	46.53613015112726	1.1208902365679636e-34	5.770342937851877e-31
/work/LAS/jernigan-lab/Ben/ProjectHIV/ProtGOs001/envelopeB62BlastOutUNI.tsv	GO:0020002	80	24218	2048	3099283	4.998998356078124	1.2557473157004819e-29	6.464587181226081e-26
/work/LAS/jernigan-lab/Ben/ProjectHIV/ProtGOs001/envelopeB62BlastOutUNI.tsv	GO:0019012	75	24218	1825	3099283	5.2592201883123275	3.431837762348358e-29	1.7667100800569348e-25
/work/LAS/jernigan-lab/Ben/ProjectHIV/ProtGOs001/envelopeB62BlastOutUNI.tsv	GO:0016020	175	24218	8665	3099283	2.5845946491898437	3.2930400685261756e-27	1.695257027277275e-23
/work/LAS/jernigan-lab/Ben/ProjectHIV/ProtGOs001/envelopeB62BlastOutUNI.tsv	GO:0032982	21	24218	98	3099283	27.423076696199992	2.6967045014861376e-22	1.3882634773650637e-18
/work/LAS/jernigan-lab/Ben/ProjectHIV/ProtGOs001/envelopeB62BlastOutUNI.tsv	GO:0030430	80	24218	2716	3099283	3.769495078515463	3.2650268684291346e-22	1.6808358318673184e-18
/work/LAS/jernigan-lab/Ben/ProjectHIV/ProtGOs001/envelopeB62BlastOutUNI.tsv	GO:0031177	36	24218	546	3099283	8.43786975267692	5.310911119918542e-21	2.7340570445340657e-17
/work/LAS/jernigan-lab/Ben/ProjectHIV/ProtGOs001/envelopeB62BlastOutUNI.tsv	GO:0006044	31	24218	380	3099283	10.440013408904209	8.898958729680663e-21	4.581183954039605e-17
/work/LAS/jernigan-lab/Ben/ProjectHIV/ProtGOs001/envelopeB62BlastOutUNI.tsv	GO:0003968	46	24218	1027	3099283	5.7320549796666	6.044468635949657e-20	3.1116924537868836e-16
/work/LAS/jernigan-lab/Ben/ProjectHIV/ProtGOs001/envelopeB62BlastOutUNI.tsv	GO:0004601	38	24218	686	3099283	7.088958601738773	1.1967865374231467e-19	6.16105709465436e-16
/work/LAS/jernigan-lab/Ben/ProjectHIV/ProtGOs001/envelopeB62BlastOutUNI.tsv	GO:0003678	47	24218	1157	3099283	5.198612637885219	9.556585434275824e-19	4.919730181565194e-15
/work/LAS/jernigan-lab/Ben/ProjectHIV/ProtGOs001/envelopeB62BlastOutUNI.tsv	GO:0051015	44	24218	1111	3099283	5.068291402598018	2.8508426812159895e-17	1.4676138122899915e-13
/work/LAS/jernigan-lab/Ben/ProjectHIV/ProtGOs001/envelopeB62BlastOutUNI.tsv	GO:0004508	12	24218	24	3099283	63.98717895779998	4.988506645123581e-17	2.56808322090962e-13
/work/LAS/jernigan-lab/Ben/ProjectHIV/ProtGOs001/envelopeB62BlastOutUNI.tsv	GO:0047442	12	24218	24	3099283	63.98717895779998	4.988506645123581e-17	2.56808322090962e-13
/work/LAS/jernigan-lab/Ben/ProjectHIV/ProtGOs001/envelopeB62BlastOutUNI.tsv	GO:0042744	39	24218	894	3099283	5.582774003029529	8.445827749887106e-17	4.3479121256418824e-13
/work/LAS/jernigan-lab/Ben/ProjectHIV/ProtGOs001/envelopeB62BlastOutUNI.tsv	GO:0044220	22	24218	241	3099283	11.68230653171452	3.8989794988428186e-16	2.007194646004283e-12
/work/LAS/jernigan-lab/Ben/ProjectHIV/ProtGOs001/envelopeB62BlastOutUNI.tsv	GO:0004045	35	24218	790	3099283	5.669750034235442	1.9711153858267594e-15	1.0147302006236157e-11
/work/LAS/jernigan-lab/Ben/ProjectHIV/ProtGOs001/envelopeB62BlastOutUNI.tsv	GO:0008712	18	24218	158	3099283	14.579357230891135	5.379346864477291e-15	2.7692877658329094e-11
/work/LAS/jernigan-lab/Ben/ProjectHIV/ProtGOs001/envelopeB62BlastOutUNI.tsv	GO:0005516	44	24218	1305	3099283	4.314844251560459	6.851537928298532e-15	3.527171725488084e-11
/work/LAS/jernigan-lab/Ben/ProjectHIV/ProtGOs001/envelopeB62BlastOutUNI.tsv	GO:0039648	16	24218	121	3099283	16.92222914586446	2.0946970281358795e-14	1.0783500300843507e-10
/work/LAS/jernigan-lab/Ben/ProjectHIV/ProtGOs001/envelopeB62BlastOutUNI.tsv	GO:0009254	29	24218	594	3099283	6.247906362882826	4.695274212507045e-14	2.4171271645986266e-10
/work/LAS/jernigan-lab/Ben/ProjectHIV/ProtGOs001/envelopeB62BlastOutUNI.tsv	GO:0042446	14	24218	84	3099283	21.329059652599994	5.05415602451547e-14	2.601879521420564e-10
/work/LAS/jernigan-lab/Ben/ProjectHIV/ProtGOs001/envelopeB62BlastOutUNI.tsv	GO:0030016	18	24218	183	3099283	12.587641762190161	5.4868321908890835e-14	2.8246212118697e-10
/work/LAS/jernigan-lab/Ben/ProjectHIV/ProtGOs001/envelopeB62BlastOutUNI.tsv	GO:0039579	13	24218	70	3099283	23.766666470039993	1.1721766741210647e-13	6.034365518375241e-10
/work/LAS/jernigan-lab/Ben/ProjectHIV/ProtGOs001/envelopeB62BlastOutUNI.tsv	GO:0016459	22	24218	326	3099283	8.636306362402452	1.232321725585636e-13	6.343992243314853e-10
/work/LAS/jernigan-lab/Ben/ProjectHIV/ProtGOs001/envelopeB62BlastOutUNI.tsv	GO:0019082	17	24218	170	3099283	12.797435791559996	2.1228094404357262e-13	1.092822299936312e-09
/work/LAS/jernigan-lab/Ben/ProjectHIV/ProtGOs001/envelopeB62BlastOutUNI.tsv	GO:0042448	12	24218	62	3099283	24.76923056430967	6.659103933374037e-13	3.4281067049009544e-09
/work/LAS/jernigan-lab/Ben/ProjectHIV/ProtGOs001/envelopeB62BlastOutUNI.tsv	GO:0008174	15	24218	133	3099283	14.43319826115789	1.1027544297065774e-12	5.6769798041294605e-09
/work/LAS/jernigan-lab/Ben/ProjectHIV/ProtGOs001/envelopeB62BlastOutUNI.tsv	GO:0004197	33	24218	885	3099283	4.771925210412202	1.11773503301741e-12	5.754099949973626e-09
/work/LAS/jernigan-lab/Ben/ProjectHIV/ProtGOs001/envelopeB62BlastOutUNI.tsv	GO:0006704	11	24218	53	3099283	26.560715793803766	3.111242646391996e-12	1.6016677143625997e-08
/work/LAS/jernigan-lab/Ben/ProjectHIV/ProtGOs001/envelopeB62BlastOutUNI.tsv	GO:0004984	28	24218	667	3099283	5.3722369139982	3.9212167584060144e-12	2.0186423872274164e-08
/work/LAS/jernigan-lab/Ben/ProjectHIV/ProtGOs001/envelopeB62BlastOutUNI.tsv	GO:0070551	7	24218	7	3099283	127.97435791559997	5.518573946783884e-12	2.8409618678043434e-08
/work/LAS/jernigan-lab/Ben/ProjectHIV/ProtGOs001/envelopeB62BlastOutUNI.tsv	GO:0009505	16	24218	185	3099283	11.068052576484321	8.152139086096089e-12	4.196721201522267e-08
/work/LAS/jernigan-lab/Ben/ProjectHIV/ProtGOs001/envelopeB62BlastOutUNI.tsv	GO:1902287	9	24218	34	3099283	33.87556533059999	4.509930831087848e-11	2.3217123918440242e-07
/work/LAS/jernigan-lab/Ben/ProjectHIV/ProtGOs001/envelopeB62BlastOutUNI.tsv	GO:0007608	21	24218	406	3099283	6.619363340462067	4.9048678538198584e-11	2.525025971146463e-07
/work/LAS/jernigan-lab/Ben/ProjectHIV/ProtGOs001/envelopeB62BlastOutUNI.tsv	GO:1901165	8	24218	23	3099283	44.51282014455651	8.801991048573435e-11	4.531264991805604e-07
/work/LAS/jernigan-lab/Ben/ProjectHIV/ProtGOs001/envelopeB62BlastOutUNI.tsv	GO:0004315	28	24218	770	3099283	4.653613015112726	9.361500740392814e-11	4.819300581154221e-07
/work/LAS/jernigan-lab/Ben/ProjectHIV/ProtGOs001/envelopeB62BlastOutUNI.tsv	GO:0005549	19	24218	336	3099283	7.236645239274998	9.640946268780381e-11	4.96315913916814e-07
/work/LAS/jernigan-lab/Ben/ProjectHIV/ProtGOs001/envelopeB62BlastOutUNI.tsv	GO:0003724	46	24218	1900	3099283	3.098326560061894	9.846204898895178e-11	5.068826281951237e-07
/work/LAS/jernigan-lab/Ben/ProjectHIV/ProtGOs001/envelopeB62BlastOutUNI.tsv	GO:2000810	9	24218	39	3099283	29.532544134369225	1.2952071850576562e-10	6.667726588676814e-07
/work/LAS/jernigan-lab/Ben/ProjectHIV/ProtGOs001/envelopeB62BlastOutUNI.tsv	GO:0070578	9	24218	40	3099283	28.794230531009994	1.5755839640692597e-10	8.111106247028549e-07
/work/LAS/jernigan-lab/Ben/ProjectHIV/ProtGOs001/envelopeB62BlastOutUNI.tsv	GO:0071364	14	24218	163	3099283	10.991662643057666	1.7531989088867518e-10	9.025467982948998e-07
/work/LAS/jernigan-lab/Ben/ProjectHIV/ProtGOs001/envelopeB62BlastOutUNI.tsv	GO:0045920	9	24218	41	3099283	28.0919322253756	1.908069326650382e-10	9.822740893596165e-07
/work/LAS/jernigan-lab/Ben/ProjectHIV/ProtGOs001/envelopeB62BlastOutUNI.tsv	GO:0052915	14	24218	166	3099283	10.793018137460239	2.1904180073785178e-10	1.127627190198461e-06
/work/LAS/jernigan-lab/Ben/ProjectHIV/ProtGOs001/envelopeB62BlastOutUNI.tsv	GO:0035279	7	24218	16	3099283	55.988781588074986	3.707997938410157e-10	1.9088773386935487e-06
/work/LAS/jernigan-lab/Ben/ProjectHIV/ProtGOs001/envelopeB62BlastOutUNI.tsv	GO:0033644	29	24218	902	3099283	4.114474921898447	6.721354785731718e-10	3.4601534436946883e-06
/work/LAS/jernigan-lab/Ben/ProjectHIV/ProtGOs001/envelopeB62BlastOutUNI.tsv	GO:0033031	7	24218	19	3099283	47.148447653115774	9.748403250769466e-10	5.018477993496121e-06
/work/LAS/jernigan-lab/Ben/ProjectHIV/ProtGOs001/envelopeB62BlastOutUNI.tsv	GO:1902396	7	24218	19	3099283	47.148447653115774	9.748403250769466e-10	5.018477993496121e-06
/work/LAS/jernigan-lab/Ben/ProjectHIV/ProtGOs001/envelopeB62BlastOutUNI.tsv	GO:0039694	29	24218	935	3099283	3.96925815994909	1.4651937219008712e-09	7.542817280345685e-06
/work/LAS/jernigan-lab/Ben/ProjectHIV/ProtGOs001/envelopeB62BlastOutUNI.tsv	GO:0005432	7	24218	21	3099283	42.65811930519999	1.7310273189455952e-09	8.911328637931924e-06
/work/LAS/jernigan-lab/Ben/ProjectHIV/ProtGOs001/envelopeB62BlastOutUNI.tsv	GO:0016442	10	24218	78	3099283	16.406968963538457	2.0479228916296847e-09	1.0542707046109616e-05
/work/LAS/jernigan-lab/Ben/ProjectHIV/ProtGOs001/envelopeB62BlastOutUNI.tsv	GO:0003273	6	24218	12	3099283	63.98717895779998	3.726415147810286e-09	1.9183585180927355e-05
/work/LAS/jernigan-lab/Ben/ProjectHIV/ProtGOs001/envelopeB62BlastOutUNI.tsv	GO:0035005	7	24218	24	3099283	37.32585439204999	3.76679937177425e-09	1.9391483165893838e-05
/work/LAS/jernigan-lab/Ben/ProjectHIV/ProtGOs001/envelopeB62BlastOutUNI.tsv	GO:0039595	9	24218	61	3099283	18.88146264328524	4.307502047918522e-09	2.217502054268455e-05
/work/LAS/jernigan-lab/Ben/ProjectHIV/ProtGOs001/envelopeB62BlastOutUNI.tsv	GO:0097171	18	24218	381	3099283	6.04603265742992	4.3709173467304595e-09	2.2501482500968406e-05
/work/LAS/jernigan-lab/Ben/ProjectHIV/ProtGOs001/envelopeB62BlastOutUNI.tsv	GO:0002116	7	24218	28	3099283	31.99358947889999	9.37458457403837e-09	4.826036138714953e-05
/work/LAS/jernigan-lab/Ben/ProjectHIV/ProtGOs001/envelopeB62BlastOutUNI.tsv	GO:0017154	9	24218	68	3099283	16.937782665299995	1.0176232056798475e-08	5.238724262839855e-05
/work/LAS/jernigan-lab/Ben/ProjectHIV/ProtGOs001/envelopeB62BlastOutUNI.tsv	GO:0035278	8	24218	47	3099283	21.78286943244255	1.1512704958852042e-08	5.926740512817031e-05
/work/LAS/jernigan-lab/Ben/ProjectHIV/ProtGOs001/envelopeB62BlastOutUNI.tsv	GO:0005796	12	24218	157	3099283	9.78147958590573	1.168913929297289e-08	6.017568908022444e-05
/work/LAS/jernigan-lab/Ben/ProjectHIV/ProtGOs001/envelopeB62BlastOutUNI.tsv	GO:0004585	18	24218	411	3099283	5.6047164050627725	1.3306362733580634e-08	6.85011553524731e-05
/work/LAS/jernigan-lab/Ben/ProjectHIV/ProtGOs001/envelopeB62BlastOutUNI.tsv	GO:0006979	42	24218	1946	3099283	2.762036501775539	1.4804564641822696e-08	7.621389877610324e-05
/work/LAS/jernigan-lab/Ben/ProjectHIV/ProtGOs001/envelopeB62BlastOutUNI.tsv	GO:0071526	11	24218	132	3099283	10.664529826299997	2.061618639394306e-08	0.00010613212755601887
/work/LAS/jernigan-lab/Ben/ProjectHIV/ProtGOs001/envelopeB62BlastOutUNI.tsv	GO:0035727	7	24218	32	3099283	27.994390794037493	2.086808883130833e-08	0.00010742892130357529
/work/LAS/jernigan-lab/Ben/ProjectHIV/ProtGOs001/envelopeB62BlastOutUNI.tsv	GO:0097657	5	24218	7	3099283	91.41025565399998	2.1221453610927808e-08	0.00010924804318905636
/work/LAS/jernigan-lab/Ben/ProjectHIV/ProtGOs001/envelopeB62BlastOutUNI.tsv	GO:0006428	21	24218	581	3099283	4.625579201768674	2.123507241614229e-08	0.0001093181527983005
/work/LAS/jernigan-lab/Ben/ProjectHIV/ProtGOs001/envelopeB62BlastOutUNI.tsv	GO:0003727	15	24218	285	3099283	6.735492521873683	2.1420761234638007e-08	0.00011027407883591645
/work/LAS/jernigan-lab/Ben/ProjectHIV/ProtGOs001/envelopeB62BlastOutUNI.tsv	GO:0004822	21	24218	583	3099283	4.609711005536191	2.246101666351107e-08	0.00011562931378375499
/work/LAS/jernigan-lab/Ben/ProjectHIV/ProtGOs001/envelopeB62BlastOutUNI.tsv	GO:0007064	11	24218	135	3099283	10.427540274604441	2.5572329563716323e-08	0.00013164635259401162
/work/LAS/jernigan-lab/Ben/ProjectHIV/ProtGOs001/envelopeB62BlastOutUNI.tsv	GO:0031054	9	24218	77	3099283	14.958041834290905	2.7244486973279147e-08	0.00014025461893844106
/work/LAS/jernigan-lab/Ben/ProjectHIV/ProtGOs001/envelopeB62BlastOutUNI.tsv	GO:0050380	22	24218	649	3099283	4.338113827647456	2.9548102391529072e-08	0.00015211363111159167
/work/LAS/jernigan-lab/Ben/ProjectHIV/ProtGOs001/envelopeB62BlastOutUNI.tsv	GO:0036092	7	24218	35	3099283	25.594871583119993	3.586536726083552e-08	0.00018463491065878127
/work/LAS/jernigan-lab/Ben/ProjectHIV/ProtGOs001/envelopeB62BlastOutUNI.tsv	GO:0007156	19	24218	496	3099283	4.902243549186289	4.0888519922697095e-08	0.00021049410056204465
/work/LAS/jernigan-lab/Ben/ProjectHIV/ProtGOs001/envelopeB62BlastOutUNI.tsv	GO:0032300	20	24218	554	3099283	4.620012921140793	4.625819603323005e-08	0.00023813719317906828
/work/LAS/jernigan-lab/Ben/ProjectHIV/ProtGOs001/envelopeB62BlastOutUNI.tsv	GO:0046854	14	24218	273	3099283	6.562787585415383	8.459943411975102e-08	0.00043551788684847824
/work/LAS/jernigan-lab/Ben/ProjectHIV/ProtGOs001/envelopeB62BlastOutUNI.tsv	GO:0008202	12	24218	192	3099283	7.998397369724998	9.348063148534599e-08	0.00048123829088656114
/work/LAS/jernigan-lab/Ben/ProjectHIV/ProtGOs001/envelopeB62BlastOutUNI.tsv	GO:0002161	46	24218	2398	3099283	2.4548875997154287	9.688807251575903e-08	0.0004987797973111275
/work/LAS/jernigan-lab/Ben/ProjectHIV/ProtGOs001/envelopeB62BlastOutUNI.tsv	GO:0035924	9	24218	94	3099283	12.252864055748933	1.320952641600876e-07	0.000680026419896131
/work/LAS/jernigan-lab/Ben/ProjectHIV/ProtGOs001/envelopeB62BlastOutUNI.tsv	GO:0016303	7	24218	45	3099283	19.90712234242666	1.6619681152019572e-07	0.0008555811857059675
/work/LAS/jernigan-lab/Ben/ProjectHIV/ProtGOs001/envelopeB62BlastOutUNI.tsv	GO:0006914	28	24218	1108	3099283	3.234009044798555	1.7227561720710664e-07	0.000886874877382185
/work/LAS/jernigan-lab/Ben/ProjectHIV/ProtGOs001/envelopeB62BlastOutUNI.tsv	GO:0051748	4	24218	4	3099283	127.97435791559997	2.468627661946608e-07	0.0012708495203701136
/work/LAS/jernigan-lab/Ben/ProjectHIV/ProtGOs001/envelopeB62BlastOutUNI.tsv	GO:0035921	4	24218	4	3099283	127.97435791559997	2.468627661946608e-07	0.0012708495203701136
/work/LAS/jernigan-lab/Ben/ProjectHIV/ProtGOs001/envelopeB62BlastOutUNI.tsv	GO:0032959	5	24218	14	3099283	45.70512782699999	2.977699452898697e-07	0.0015329196783522494
/work/LAS/jernigan-lab/Ben/ProjectHIV/ProtGOs001/envelopeB62BlastOutUNI.tsv	GO:0002026	8	24218	77	3099283	13.29603718603636	3.701805077861016e-07	0.001905689254082851
/work/LAS/jernigan-lab/Ben/ProjectHIV/ProtGOs001/envelopeB62BlastOutUNI.tsv	GO:0016874	18	24218	519	3099283	4.438417037535259	3.708446450781962e-07	0.001909108232862554
/work/LAS/jernigan-lab/Ben/ProjectHIV/ProtGOs001/envelopeB62BlastOutUNI.tsv	GO:0017156	9	24218	108	3099283	10.664529826299997	3.9437956906503925e-07	0.0020302660215468222
/work/LAS/jernigan-lab/Ben/ProjectHIV/ProtGOs001/envelopeB62BlastOutUNI.tsv	GO:0035197	7	24218	52	3099283	17.22731741171538	4.041765044375867e-07	0.0020807006448446963
/work/LAS/jernigan-lab/Ben/ProjectHIV/ProtGOs001/envelopeB62BlastOutUNI.tsv	GO:0010634	10	24218	144	3099283	8.887108188583332	4.377249158651118e-07	0.0022534078668735957
/work/LAS/jernigan-lab/Ben/ProjectHIV/ProtGOs001/envelopeB62BlastOutUNI.tsv	GO:0004161	8	24218	80	3099283	12.797435791559996	4.843423879208312e-07	0.002493394613016439
/work/LAS/jernigan-lab/Ben/ProjectHIV/ProtGOs001/envelopeB62BlastOutUNI.tsv	GO:0004311	9	24218	111	3099283	10.376299290454051	4.890243495493098e-07	0.0025174973514798466
/work/LAS/jernigan-lab/Ben/ProjectHIV/ProtGOs001/envelopeB62BlastOutUNI.tsv	GO:0052742	7	24218	54	3099283	16.589268618688884	5.099207112473726e-07	0.002625071821501474
/work/LAS/jernigan-lab/Ben/ProjectHIV/ProtGOs001/envelopeB62BlastOutUNI.tsv	GO:0052812	5	24218	16	3099283	39.99198684862499	5.144018728771139e-07	0.0026481408415713822
/work/LAS/jernigan-lab/Ben/ProjectHIV/ProtGOs001/envelopeB62BlastOutUNI.tsv	GO:0046934	5	24218	16	3099283	39.99198684862499	5.144018728771139e-07	0.0026481408415713822
/work/LAS/jernigan-lab/Ben/ProjectHIV/ProtGOs001/envelopeB62BlastOutUNI.tsv	GO:0039520	13	24218	272	3099283	6.116421518024999	5.173657048058987e-07	0.0026633986483407665
/work/LAS/jernigan-lab/Ben/ProjectHIV/ProtGOs001/envelopeB62BlastOutUNI.tsv	GO:0009742	9	24218	112	3099283	10.283653761074998	5.246636715464894e-07	0.0027009685811213275
/work/LAS/jernigan-lab/Ben/ProjectHIV/ProtGOs001/envelopeB62BlastOutUNI.tsv	GO:0007162	10	24218	152	3099283	8.419365652342103	6.971399211787926e-07	0.0035888763142284245
/work/LAS/jernigan-lab/Ben/ProjectHIV/ProtGOs001/envelopeB62BlastOutUNI.tsv	GO:0008422	13	24218	280	3099283	5.941666617509998	7.056830675986013e-07	0.0036328564319975994
/work/LAS/jernigan-lab/Ben/ProjectHIV/ProtGOs001/envelopeB62BlastOutUNI.tsv	GO:0009729	4	24218	6	3099283	85.31623861039998	7.314382322879684e-07	0.0037654440198184613
/work/LAS/jernigan-lab/Ben/ProjectHIV/ProtGOs001/envelopeB62BlastOutUNI.tsv	GO:0039644	9	24218	118	3099283	9.760756112206778	7.894943490385265e-07	0.0040643169088503345
/work/LAS/jernigan-lab/Ben/ProjectHIV/ProtGOs001/envelopeB62BlastOutUNI.tsv	GO:0008156	8	24218	86	3099283	11.9045914340093	8.049327686002018e-07	0.0041437938927538385
/work/LAS/jernigan-lab/Ben/ProjectHIV/ProtGOs001/envelopeB62BlastOutUNI.tsv	GO:1905060	4	24218	7	3099283	73.12820452319998	1.1422831578911357e-06	0.0058804736968235665
/work/LAS/jernigan-lab/Ben/ProjectHIV/ProtGOs001/envelopeB62BlastOutUNI.tsv	GO:0097059	4	24218	7	3099283	73.12820452319998	1.1422831578911357e-06	0.0058804736968235665
/work/LAS/jernigan-lab/Ben/ProjectHIV/ProtGOs001/envelopeB62BlastOutUNI.tsv	GO:0009506	22	24218	813	3099283	3.463020755403689	1.164198984094866e-06	0.00599329637012037
/work/LAS/jernigan-lab/Ben/ProjectHIV/ProtGOs001/envelopeB62BlastOutUNI.tsv	GO:0035729	7	24218	62	3099283	14.44871782918064	1.1945955746469587e-06	0.006149778018282544
/work/LAS/jernigan-lab/Ben/ProjectHIV/ProtGOs001/envelopeB62BlastOutUNI.tsv	GO:0004337	8	24218	91	3099283	11.250493003569227	1.1962163188715012e-06	0.006158121609550488
/work/LAS/jernigan-lab/Ben/ProjectHIV/ProtGOs001/envelopeB62BlastOutUNI.tsv	GO:0015491	5	24218	20	3099283	31.99358947889999	1.3087990867238872e-06	0.006737697698454571
/work/LAS/jernigan-lab/Ben/ProjectHIV/ProtGOs001/envelopeB62BlastOutUNI.tsv	GO:0098735	5	24218	20	3099283	31.99358947889999	1.3087990867238872e-06	0.006737697698454571
/work/LAS/jernigan-lab/Ben/ProjectHIV/ProtGOs001/envelopeB62BlastOutUNI.tsv	GO:0004736	5	24218	20	3099283	31.99358947889999	1.3087990867238872e-06	0.006737697698454571
/work/LAS/jernigan-lab/Ben/ProjectHIV/ProtGOs001/envelopeB62BlastOutUNI.tsv	GO:0070120	5	24218	20	3099283	31.99358947889999	1.3087990867238872e-06	0.006737697698454571
/work/LAS/jernigan-lab/Ben/ProjectHIV/ProtGOs001/envelopeB62BlastOutUNI.tsv	GO:0039548	9	24218	127	3099283	9.06904898614488	1.4007309234942944e-06	0.0072109627941486275
/work/LAS/jernigan-lab/Ben/ProjectHIV/ProtGOs001/envelopeB62BlastOutUNI.tsv	GO:0031047	14	24218	350	3099283	5.118974316623999	1.4528533423400433e-06	0.007479289006366543
/work/LAS/jernigan-lab/Ben/ProjectHIV/ProtGOs001/envelopeB62BlastOutUNI.tsv	GO:0020037	87	24218	6337	3099283	1.7569463687323965	1.5412595311226127e-06	0.00793440406621921
/work/LAS/jernigan-lab/Ben/ProjectHIV/ProtGOs001/envelopeB62BlastOutUNI.tsv	GO:0000902	28	24218	1244	3099283	2.880451785881671	1.5460061670465785e-06	0.007958839747955786
/work/LAS/jernigan-lab/Ben/ProjectHIV/ProtGOs001/envelopeB62BlastOutUNI.tsv	GO:1900153	7	24218	65	3099283	13.781853929372303	1.5983319165745439e-06	0.008228212706525751
/work/LAS/jernigan-lab/Ben/ProjectHIV/ProtGOs001/envelopeB62BlastOutUNI.tsv	GO:0007164	4	24218	8	3099283	63.98717895779998	1.7028140081269345e-06	0.008766086513837458
/work/LAS/jernigan-lab/Ben/ProjectHIV/ProtGOs001/envelopeB62BlastOutUNI.tsv	GO:0010957	4	24218	8	3099283	63.98717895779998	1.7028140081269345e-06	0.008766086513837458
/work/LAS/jernigan-lab/Ben/ProjectHIV/ProtGOs001/envelopeB62BlastOutUNI.tsv	GO:0030120	4	24218	8	3099283	63.98717895779998	1.7028140081269345e-06	0.008766086513837458
/work/LAS/jernigan-lab/Ben/ProjectHIV/ProtGOs001/envelopeB62BlastOutUNI.tsv	GO:0004897	4	24218	8	3099283	63.98717895779998	1.7028140081269345e-06	0.008766086513837458
/work/LAS/jernigan-lab/Ben/ProjectHIV/ProtGOs001/envelopeB62BlastOutUNI.tsv	GO:0098609	17	24218	522	3099283	4.167747288439079	1.7515561888964454e-06	0.009017011260438901
/work/LAS/jernigan-lab/Ben/ProjectHIV/ProtGOs001/envelopeB62BlastOutUNI.tsv	GO:0003198	6	24218	41	3099283	18.72795481691707	1.777593322602714e-06	0.00915105042475877
/work/LAS/jernigan-lab/Ben/ProjectHIV/ProtGOs001/envelopeB62BlastOutUNI.tsv	GO:0010839	6	24218	41	3099283	18.72795481691707	1.777593322602714e-06	0.00915105042475877
/work/LAS/jernigan-lab/Ben/ProjectHIV/ProtGOs001/envelopeB62BlastOutUNI.tsv	GO:0005845	8	24218	97	3099283	10.554586219843296	1.869619509248292e-06	0.009624801233610208
/work/LAS/jernigan-lab/Ben/ProjectHIV/ProtGOs001/envelopeB62BlastOutUNI.tsv	GO:0008417	8	24218	100	3099283	10.237948633247997	2.3124531488607656e-06	0.011904508810335222
/work/LAS/jernigan-lab/Ben/ProjectHIV/ProtGOs001/envelopeB62BlastOutUNI.tsv	GO:0102483	11	24218	219	3099283	6.427935785715067	2.417077701563196e-06	0.012443116007647333
/work/LAS/jernigan-lab/Ben/ProjectHIV/ProtGOs001/envelopeB62BlastOutUNI.tsv	GO:0070563	4	24218	9	3099283	56.87749240693332	2.444392543252913e-06	0.012583732812665996
/work/LAS/jernigan-lab/Ben/ProjectHIV/ProtGOs001/envelopeB62BlastOutUNI.tsv	GO:0050140	9	24218	137	3099283	8.407074607594158	2.5221352731422324e-06	0.012983952386136213
/work/LAS/jernigan-lab/Ben/ProjectHIV/ProtGOs001/envelopeB62BlastOutUNI.tsv	GO:0034198	11	24218	223	3099283	6.312636489110313	2.8526339675715936e-06	0.014685359665058564
/work/LAS/jernigan-lab/Ben/ProjectHIV/ProtGOs001/envelopeB62BlastOutUNI.tsv	GO:0060213	7	24218	72	3099283	12.441951464016663	2.9998615230253027e-06	0.015443287120534258
/work/LAS/jernigan-lab/Ben/ProjectHIV/ProtGOs001/envelopeB62BlastOutUNI.tsv	GO:0005911	19	24218	669	3099283	3.634548281608968	3.090692842321587e-06	0.01591088675227153
/work/LAS/jernigan-lab/Ben/ProjectHIV/ProtGOs001/envelopeB62BlastOutUNI.tsv	GO:0004843	19	24218	672	3099283	3.618322619637499	3.288134952326927e-06	0.01692731873457902
/work/LAS/jernigan-lab/Ben/ProjectHIV/ProtGOs001/envelopeB62BlastOutUNI.tsv	GO:0005942	7	24218	75	3099283	11.944273405455997	3.85545611952565e-06	0.01984788810331805
/work/LAS/jernigan-lab/Ben/ProjectHIV/ProtGOs001/envelopeB62BlastOutUNI.tsv	GO:0043015	8	24218	108	3099283	9.47958206782222	3.9506684143930395e-06	0.020338040997295366
/work/LAS/jernigan-lab/Ben/ProjectHIV/ProtGOs001/envelopeB62BlastOutUNI.tsv	GO:0050560	15	24218	440	3099283	4.362762201668181	4.09231709021788e-06	0.021067248380441647
/work/LAS/jernigan-lab/Ben/ProjectHIV/ProtGOs001/envelopeB62BlastOutUNI.tsv	GO:0003977	18	24218	621	3099283	3.7094016787130424	4.234026385979243e-06	0.02179676783502114
/work/LAS/jernigan-lab/Ben/ProjectHIV/ProtGOs001/envelopeB62BlastOutUNI.tsv	GO:0015920	9	24218	148	3099283	7.782224467840538	4.574938474639609e-06	0.023551783267444705
/work/LAS/jernigan-lab/Ben/ProjectHIV/ProtGOs001/envelopeB62BlastOutUNI.tsv	GO:0070110	4	24218	11	3099283	46.53613015112726	4.608987113673491e-06	0.02372706566119113
/work/LAS/jernigan-lab/Ben/ProjectHIV/ProtGOs001/envelopeB62BlastOutUNI.tsv	GO:0071901	6	24218	50	3099283	15.356922949871995	5.063912400928077e-06	0.02606902103997774
/work/LAS/jernigan-lab/Ben/ProjectHIV/ProtGOs001/envelopeB62BlastOutUNI.tsv	GO:0030334	14	24218	395	3099283	4.535800027388353	5.535620746490426e-06	0.028497375602932713
/work/LAS/jernigan-lab/Ben/ProjectHIV/ProtGOs001/envelopeB62BlastOutUNI.tsv	GO:0030424	34	24218	1793	3099283	2.4267307134023417	5.639290222324425e-06	0.029031066064526143
/work/LAS/jernigan-lab/Ben/ProjectHIV/ProtGOs001/envelopeB62BlastOutUNI.tsv	GO:0006720	4	24218	12	3099283	42.65811930519999	6.107300184832787e-06	0.03144038135151919
/work/LAS/jernigan-lab/Ben/ProjectHIV/ProtGOs001/envelopeB62BlastOutUNI.tsv	GO:0032652	4	24218	12	3099283	42.65811930519999	6.107300184832787e-06	0.03144038135151919
/work/LAS/jernigan-lab/Ben/ProjectHIV/ProtGOs001/envelopeB62BlastOutUNI.tsv	GO:0045955	5	24218	29	3099283	22.06454446820689	6.467703706204636e-06	0.03329573867954146
/work/LAS/jernigan-lab/Ben/ProjectHIV/ProtGOs001/envelopeB62BlastOutUNI.tsv	GO:0045329	5	24218	29	3099283	22.06454446820689	6.467703706204636e-06	0.03329573867954146
/work/LAS/jernigan-lab/Ben/ProjectHIV/ProtGOs001/envelopeB62BlastOutUNI.tsv	GO:0016477	22	24218	912	3099283	3.0871007391921044	6.829429678445739e-06	0.035157903984638667
/work/LAS/jernigan-lab/Ben/ProjectHIV/ProtGOs001/envelopeB62BlastOutUNI.tsv	GO:0032585	8	24218	117	3099283	8.75038344722051	6.877068949716492e-06	0.0354031509531405
/work/LAS/jernigan-lab/Ben/ProjectHIV/ProtGOs001/envelopeB62BlastOutUNI.tsv	GO:0021637	4	24218	13	3099283	39.3767255124923	7.937076949936002e-06	0.04086007213827054
/work/LAS/jernigan-lab/Ben/ProjectHIV/ProtGOs001/envelopeB62BlastOutUNI.tsv	GO:0060538	4	24218	13	3099283	39.3767255124923	7.937076949936002e-06	0.04086007213827054
/work/LAS/jernigan-lab/Ben/ProjectHIV/ProtGOs001/envelopeB62BlastOutUNI.tsv	GO:0001701	18	24218	652	3099283	3.5330344209828213	8.022484856945014e-06	0.041299752043552934
/work/LAS/jernigan-lab/Ben/ProjectHIV/ProtGOs001/envelopeB62BlastOutUNI.tsv	GO:0044557	3	24218	3	3099283	127.97435791559997	9.162834287503934e-06	0.04717027091207025
/work/LAS/jernigan-lab/Ben/ProjectHIV/ProtGOs001/envelopeB62BlastOutUNI.tsv	GO:0090625	3	24218	3	3099283	127.97435791559997	9.162834287503934e-06	0.04717027091207025
/work/LAS/jernigan-lab/Ben/ProjectHIV/ProtGOs001/envelopeB62BlastOutUNI.tsv	GO:0021636	3	24218	3	3099283	127.97435791559997	9.162834287503934e-06	0.04717027091207025
/work/LAS/jernigan-lab/Ben/ProjectHIV/ProtGOs001/envelopeB62BlastOutUNI.tsv	GO:0047933	3	24218	3	3099283	127.97435791559997	9.162834287503934e-06	0.04717027091207025
/work/LAS/jernigan-lab/Ben/ProjectHIV/ProtGOs001/envelopeB62BlastOutUNI.tsv	GO:0003774	19	24218	725	3099283	3.3538107591674473	9.270468716942254e-06	0.047724372954818725