/work/LAS/jernigan-lab/Ben/ProjectHIV/ProtGOs001/envelopeB62BlastOutUNI.tsv	GO:0039592	49	3471	162	3099283	270.0770529003987	8.624167625198551e-97	9.572826063970392e-94
/work/LAS/jernigan-lab/Ben/ProjectHIV/ProtGOs001/envelopeB62BlastOutUNI.tsv	GO:0019012	78	3471	1825	3099283	38.16263506233646	2.1543500908466954e-91	2.391328600839832e-88
/work/LAS/jernigan-lab/Ben/ProjectHIV/ProtGOs001/envelopeB62BlastOutUNI.tsv	GO:0019051	37	3471	47	3099283	702.9274229635215	6.85814351689716e-86	7.612539303755847e-83
/work/LAS/jernigan-lab/Ben/ProjectHIV/ProtGOs001/envelopeB62BlastOutUNI.tsv	GO:0075732	56	3471	636	3099283	78.62081324324275	6.576498877705098e-83	7.299913754252659e-80
/work/LAS/jernigan-lab/Ben/ProjectHIV/ProtGOs001/envelopeB62BlastOutUNI.tsv	GO:0043655	37	3471	77	3099283	429.05959583487675	9.071149346598582e-80	1.0068975774724426e-76
/work/LAS/jernigan-lab/Ben/ProjectHIV/ProtGOs001/envelopeB62BlastOutUNI.tsv	GO:0042025	82	3471	3656	3099283	20.026925661640337	3.2399248290618183e-74	3.5963165602586184e-71
/work/LAS/jernigan-lab/Ben/ProjectHIV/ProtGOs001/envelopeB62BlastOutUNI.tsv	GO:0046718	59	3471	1280	3099283	41.15746925417747	1.7633752035490893e-71	1.9573464759394893e-68
/work/LAS/jernigan-lab/Ben/ProjectHIV/ProtGOs001/envelopeB62BlastOutUNI.tsv	GO:0051260	37	3471	579	3099283	57.05973899703888	1.6195783184786161e-50	1.7977319335112638e-47
/work/LAS/jernigan-lab/Ben/ProjectHIV/ProtGOs001/envelopeB62BlastOutUNI.tsv	GO:0006811	39	3471	1199	3099283	29.043706834346974	2.924672333428036e-42	3.24638629010512e-39
/work/LAS/jernigan-lab/Ben/ProjectHIV/ProtGOs001/envelopeB62BlastOutUNI.tsv	GO:0039503	20	3471	174	3099283	102.63308132738587	7.06115574709042e-33	7.837882879270366e-30
/work/LAS/jernigan-lab/Ben/ProjectHIV/ProtGOs001/envelopeB62BlastOutUNI.tsv	GO:0019058	20	3471	182	3099283	98.12173709321506	1.637512955605272e-32	1.8176393807218518e-29
/work/LAS/jernigan-lab/Ben/ProjectHIV/ProtGOs001/envelopeB62BlastOutUNI.tsv	GO:0046429	21	3471	442	3099283	42.42322162559592	8.209102742911184e-27	9.112104044631415e-24
/work/LAS/jernigan-lab/Ben/ProjectHIV/ProtGOs001/envelopeB62BlastOutUNI.tsv	GO:0006351	48	3471	5833	3099283	7.34777554642831	2.6942218072728243e-25	2.990586206072835e-22
/work/LAS/jernigan-lab/Ben/ProjectHIV/ProtGOs001/envelopeB62BlastOutUNI.tsv	GO:0007049	57	3471	8943	3099283	5.691126582830219	2.2824997812183894e-24	2.5335747571524123e-21
/work/LAS/jernigan-lab/Ben/ProjectHIV/ProtGOs001/envelopeB62BlastOutUNI.tsv	GO:0016114	30	3471	3690	3099283	7.259413069498025	2.5973102249644297e-16	2.883014349710517e-13
/work/LAS/jernigan-lab/Ben/ProjectHIV/ProtGOs001/envelopeB62BlastOutUNI.tsv	GO:0042754	8	3471	36	3099283	198.423957232946	4.2374647830876177e-16	4.703585909227256e-13
/work/LAS/jernigan-lab/Ben/ProjectHIV/ProtGOs001/envelopeB62BlastOutUNI.tsv	GO:2000323	7	3471	28	3099283	223.22695188706425	1.446023631195701e-14	1.605086230627228e-11
/work/LAS/jernigan-lab/Ben/ProjectHIV/ProtGOs001/envelopeB62BlastOutUNI.tsv	GO:0006355	38	3471	7425	3099283	4.569763863546635	6.50458779546218e-14	7.22009245296302e-11
/work/LAS/jernigan-lab/Ben/ProjectHIV/ProtGOs001/envelopeB62BlastOutUNI.tsv	GO:0043153	9	3471	150	3099283	53.57446845289542	3.3955177976531245e-13	3.7690247553949684e-10
/work/LAS/jernigan-lab/Ben/ProjectHIV/ProtGOs001/envelopeB62BlastOutUNI.tsv	GO:2000850	5	3471	5	3099283	892.907807548257	4.4134880386484545e-13	4.898971722899784e-10
/work/LAS/jernigan-lab/Ben/ProjectHIV/ProtGOs001/envelopeB62BlastOutUNI.tsv	GO:0009416	11	3471	406	3099283	24.192083455740953	3.352298003190836e-12	3.721050783541828e-09
/work/LAS/jernigan-lab/Ben/ProjectHIV/ProtGOs001/envelopeB62BlastOutUNI.tsv	GO:0019288	22	3471	2774	3099283	7.081460622228426	3.5186049641762302e-12	3.905651510235616e-09
/work/LAS/jernigan-lab/Ben/ProjectHIV/ProtGOs001/envelopeB62BlastOutUNI.tsv	GO:0009881	9	3471	232	3099283	34.63866494799273	1.4291016418913651e-11	1.5863028224994152e-08
/work/LAS/jernigan-lab/Ben/ProjectHIV/ProtGOs001/envelopeB62BlastOutUNI.tsv	GO:0008241	5	3471	20	3099283	223.22695188706425	9.175651310719635e-11	1.0184972954898795e-07
/work/LAS/jernigan-lab/Ben/ProjectHIV/ProtGOs001/envelopeB62BlastOutUNI.tsv	GO:0045721	7	3471	115	3099283	54.35091002467651	1.3226263039880998e-10	1.4681151974267908e-07
/work/LAS/jernigan-lab/Ben/ProjectHIV/ProtGOs001/envelopeB62BlastOutUNI.tsv	GO:0007623	11	3471	594	3099283	16.535329769412165	1.72773980006812e-10	1.9177911780756133e-07
/work/LAS/jernigan-lab/Ben/ProjectHIV/ProtGOs001/envelopeB62BlastOutUNI.tsv	GO:0032922	9	3471	317	3099283	25.350694851527802	2.0699234957067093e-10	2.2976150802344474e-07
/work/LAS/jernigan-lab/Ben/ProjectHIV/ProtGOs001/envelopeB62BlastOutUNI.tsv	GO:0035014	5	3471	26	3099283	171.71303991312635	2.9180016757908404e-10	3.238981860127833e-07
/work/LAS/jernigan-lab/Ben/ProjectHIV/ProtGOs001/envelopeB62BlastOutUNI.tsv	GO:0043551	5	3471	28	3099283	159.44782277647445	4.0683352514372787e-10	4.515852129095379e-07
/work/LAS/jernigan-lab/Ben/ProjectHIV/ProtGOs001/envelopeB62BlastOutUNI.tsv	GO:0018685	5	3471	29	3099283	153.9496219910788	4.765321517084064e-10	5.28950688396331e-07
/work/LAS/jernigan-lab/Ben/ProjectHIV/ProtGOs001/envelopeB62BlastOutUNI.tsv	GO:0071424	12	3471	843	3099283	12.710431424174477	4.844043959342988e-10	5.376888794870716e-07
/work/LAS/jernigan-lab/Ben/ProjectHIV/ProtGOs001/envelopeB62BlastOutUNI.tsv	GO:0004096	10	3471	520	3099283	17.171303991312634	8.125779420419399e-10	9.019615156665534e-07
/work/LAS/jernigan-lab/Ben/ProjectHIV/ProtGOs001/envelopeB62BlastOutUNI.tsv	GO:0031313	5	3471	45	3099283	99.211978616473	3.5747345293560803e-09	3.967955327585249e-06
/work/LAS/jernigan-lab/Ben/ProjectHIV/ProtGOs001/envelopeB62BlastOutUNI.tsv	GO:0005506	35	3471	9690	3099283	3.2251571996067074	5.26951656359713e-09	5.849163385592815e-06
/work/LAS/jernigan-lab/Ben/ProjectHIV/ProtGOs001/envelopeB62BlastOutUNI.tsv	GO:0045022	6	3471	114	3099283	46.99514776569774	6.455786816443323e-09	7.1659233662520886e-06
/work/LAS/jernigan-lab/Ben/ProjectHIV/ProtGOs001/envelopeB62BlastOutUNI.tsv	GO:0042752	8	3471	335	3099283	21.323171523540466	7.77084744908297e-09	8.625640668482097e-06
/work/LAS/jernigan-lab/Ben/ProjectHIV/ProtGOs001/envelopeB62BlastOutUNI.tsv	GO:0014823	7	3471	244	3099283	25.616207593597537	1.991899074045821e-08	2.2110079721908613e-05
/work/LAS/jernigan-lab/Ben/ProjectHIV/ProtGOs001/envelopeB62BlastOutUNI.tsv	GO:0004657	4	3471	27	3099283	132.28263815529732	4.823889227549896e-08	5.3545170425803844e-05
/work/LAS/jernigan-lab/Ben/ProjectHIV/ProtGOs001/envelopeB62BlastOutUNI.tsv	GO:0019902	6	3471	165	3099283	32.46937481993662	5.3485082497338484e-08	5.936844157204572e-05
/work/LAS/jernigan-lab/Ben/ProjectHIV/ProtGOs001/envelopeB62BlastOutUNI.tsv	GO:0006975	4	3471	31	3099283	115.213910651388	7.998587223665691e-08	8.878431818268918e-05
/work/LAS/jernigan-lab/Ben/ProjectHIV/ProtGOs001/envelopeB62BlastOutUNI.tsv	GO:0035257	5	3471	93	3099283	48.005796104745	1.0956235471473164e-07	0.00012161421373335212
/work/LAS/jernigan-lab/Ben/ProjectHIV/ProtGOs001/envelopeB62BlastOutUNI.tsv	GO:0042744	10	3471	894	3099283	9.987783082195268	1.2008374444361662e-07	0.00013329295633241446
/work/LAS/jernigan-lab/Ben/ProjectHIV/ProtGOs001/envelopeB62BlastOutUNI.tsv	GO:0033762	4	3471	38	3099283	93.99029553139547	1.6991738846346552e-07	0.0001886083011944467
/work/LAS/jernigan-lab/Ben/ProjectHIV/ProtGOs001/envelopeB62BlastOutUNI.tsv	GO:0004180	5	3471	111	3099283	40.22107241208365	2.5445713640240217e-07	0.0002824474214066664
/work/LAS/jernigan-lab/Ben/ProjectHIV/ProtGOs001/envelopeB62BlastOutUNI.tsv	GO:0016853	10	3471	978	3099283	9.129936682497515	2.693458853814283e-07	0.00029897393277338545
/work/LAS/jernigan-lab/Ben/ProjectHIV/ProtGOs001/envelopeB62BlastOutUNI.tsv	GO:0042593	8	3471	546	3099283	13.08289827909534	3.012910983585924e-07	0.00033443311917803753
/work/LAS/jernigan-lab/Ben/ProjectHIV/ProtGOs001/envelopeB62BlastOutUNI.tsv	GO:0003968	10	3471	1027	3099283	8.69433113484184	4.168243046807142e-07	0.0004626749781955928
/work/LAS/jernigan-lab/Ben/ProjectHIV/ProtGOs001/envelopeB62BlastOutUNI.tsv	GO:0039660	7	3471	391	3099283	15.98556177196368	4.487490733267704e-07	0.0004981114713927151
/work/LAS/jernigan-lab/Ben/ProjectHIV/ProtGOs001/envelopeB62BlastOutUNI.tsv	GO:0070475	12	3471	1612	3099283	6.646956383733923	5.026518340398483e-07	0.0005579435357842316
/work/LAS/jernigan-lab/Ben/ProjectHIV/ProtGOs001/envelopeB62BlastOutUNI.tsv	GO:2000001	4	3471	52	3099283	68.68521596525053	5.506275544818443e-07	0.0006111965854748471
/work/LAS/jernigan-lab/Ben/ProjectHIV/ProtGOs001/envelopeB62BlastOutUNI.tsv	GO:0005665	5	3471	143	3099283	31.220552711477517	8.511000691663845e-07	0.0009447210767746868
/work/LAS/jernigan-lab/Ben/ProjectHIV/ProtGOs001/envelopeB62BlastOutUNI.tsv	GO:0001618	5	3471	149	3099283	29.963349246585803	1.0351835036747202e-06	0.0011490536890789394
/work/LAS/jernigan-lab/Ben/ProjectHIV/ProtGOs001/envelopeB62BlastOutUNI.tsv	GO:0003842	4	3471	63	3099283	56.69255920941314	1.1378249768294002e-06	0.0012629857242806343
/work/LAS/jernigan-lab/Ben/ProjectHIV/ProtGOs001/envelopeB62BlastOutUNI.tsv	GO:0045744	4	3471	64	3099283	55.80673797176606	1.2078581242549534e-06	0.0013407225179229982
/work/LAS/jernigan-lab/Ben/ProjectHIV/ProtGOs001/envelopeB62BlastOutUNI.tsv	GO:0006561	4	3471	68	3099283	52.523988679309234	1.5204044747145987e-06	0.0016876489669332047
/work/LAS/jernigan-lab/Ben/ProjectHIV/ProtGOs001/envelopeB62BlastOutUNI.tsv	GO:0039694	9	3471	935	3099283	8.594834511159693	1.7149353581462813e-06	0.0019035782475423722
/work/LAS/jernigan-lab/Ben/ProjectHIV/ProtGOs001/envelopeB62BlastOutUNI.tsv	GO:0019915	5	3471	177	3099283	25.22338439401856	2.3489749074245973e-06	0.002607362147241303
/work/LAS/jernigan-lab/Ben/ProjectHIV/ProtGOs001/envelopeB62BlastOutUNI.tsv	GO:0010133	4	3471	82	3099283	43.55647841698815	3.099271800976743e-06	0.0034401916990841846
/work/LAS/jernigan-lab/Ben/ProjectHIV/ProtGOs001/envelopeB62BlastOutUNI.tsv	GO:0070008	3	3471	27	3099283	99.211978616473	5.56610020505271e-06	0.006178371227608508
/work/LAS/jernigan-lab/Ben/ProjectHIV/ProtGOs001/envelopeB62BlastOutUNI.tsv	GO:0051539	33	3471	11984	3099283	2.4587748372073164	6.270708067719501e-06	0.006960485955168646
/work/LAS/jernigan-lab/Ben/ProjectHIV/ProtGOs001/envelopeB62BlastOutUNI.tsv	GO:0071949	10	3471	1438	3099283	6.2093727924079065	7.855791935093022e-06	0.008719929047953255
/work/LAS/jernigan-lab/Ben/ProjectHIV/ProtGOs001/envelopeB62BlastOutUNI.tsv	GO:0070330	5	3471	235	3099283	18.99803845847355	8.99556941525648e-06	0.009985082050934693
/work/LAS/jernigan-lab/Ben/ProjectHIV/ProtGOs001/envelopeB62BlastOutUNI.tsv	GO:0016620	4	3471	110	3099283	32.46937481993662	9.49829069978907e-06	0.010543102676765868
/work/LAS/jernigan-lab/Ben/ProjectHIV/ProtGOs001/envelopeB62BlastOutUNI.tsv	GO:0080016	2	3471	3	3099283	595.271871698838	1.2497311868407575e-05	0.013872016173932408
/work/LAS/jernigan-lab/Ben/ProjectHIV/ProtGOs001/envelopeB62BlastOutUNI.tsv	GO:2000118	2	3471	3	3099283	595.271871698838	1.2497311868407575e-05	0.013872016173932408
/work/LAS/jernigan-lab/Ben/ProjectHIV/ProtGOs001/envelopeB62BlastOutUNI.tsv	GO:0120092	2	3471	3	3099283	595.271871698838	1.2497311868407575e-05	0.013872016173932408
/work/LAS/jernigan-lab/Ben/ProjectHIV/ProtGOs001/envelopeB62BlastOutUNI.tsv	GO:0120094	2	3471	3	3099283	595.271871698838	1.2497311868407575e-05	0.013872016173932408
/work/LAS/jernigan-lab/Ben/ProjectHIV/ProtGOs001/envelopeB62BlastOutUNI.tsv	GO:0018298	11	3471	1869	3099283	5.255209140198409	1.3078617438433307e-05	0.014517265356660971
/work/LAS/jernigan-lab/Ben/ProjectHIV/ProtGOs001/envelopeB62BlastOutUNI.tsv	GO:0039702	5	3471	256	3099283	17.439605616176895	1.3464352319280407e-05	0.014945431074401253
/work/LAS/jernigan-lab/Ben/ProjectHIV/ProtGOs001/envelopeB62BlastOutUNI.tsv	GO:0010333	5	3471	264	3099283	16.91113271871699	1.556044887737317e-05	0.01727209825388422
/work/LAS/jernigan-lab/Ben/ProjectHIV/ProtGOs001/envelopeB62BlastOutUNI.tsv	GO:0031398	5	3471	267	3099283	16.721119991540395	1.6408805638749343e-05	0.01821377425901177
/work/LAS/jernigan-lab/Ben/ProjectHIV/ProtGOs001/envelopeB62BlastOutUNI.tsv	GO:0032868	5	3471	267	3099283	16.721119991540395	1.6408805638749343e-05	0.01821377425901177
/work/LAS/jernigan-lab/Ben/ProjectHIV/ProtGOs001/envelopeB62BlastOutUNI.tsv	GO:0031902	7	3471	686	3099283	9.111304158655683	1.6717102234332646e-05	0.018555983480109235
/work/LAS/jernigan-lab/Ben/ProjectHIV/ProtGOs001/envelopeB62BlastOutUNI.tsv	GO:0006979	11	3471	1946	3099283	5.047269210190558	1.8834629789751392e-05	0.020906439066624045
/work/LAS/jernigan-lab/Ben/ProjectHIV/ProtGOs001/envelopeB62BlastOutUNI.tsv	GO:1905737	2	3471	6	3099283	297.635935849419	3.4914202211262815e-05	0.038754764454501725
/work/LAS/jernigan-lab/Ben/ProjectHIV/ProtGOs001/envelopeB62BlastOutUNI.tsv	GO:0060816	2	3471	6	3099283	297.635935849419	3.4914202211262815e-05	0.038754764454501725
/work/LAS/jernigan-lab/Ben/ProjectHIV/ProtGOs001/envelopeB62BlastOutUNI.tsv	GO:0051957	2	3471	7	3099283	255.11651644235914	4.48562004605158e-05	0.049790382511172536
/work/LAS/jernigan-lab/Ben/ProjectHIV/ProtGOs001/envelopeB62BlastOutUNI.tsv	GO:0072175	2	3471	7	3099283	255.11651644235914	4.48562004605158e-05	0.049790382511172536